452
-0.24721 0.013189 0.048769
-0.073837 0.444509 0.073216
0.035276 -0.148814 0.049135
-0.059164 0.272954 0.060742
-0.026071 0.252524 0.040324
-0.126385 0.132322 -0.013037
0.110342 -0.086192 0.056398
-0.13972 -0.138329 0.011686
-0.058255 0.150751 -0.013037
0.106019 -0.08207 0.051562
-0.082777 0.275624 0.054247
0.061367 0.082624 -0.01415
-0.149116 -0.144188 0.031456
-0.02563 0.248278 0.06265
-0.13972 0.060223 -0.017405
-0.08884 0.493418 0.100909
-0.03391 0.013189 -0.018269
-0.153562 -0.15767 0.052753
-0.152989 0.183124 0.0541
0.035813 0.013189 -0.017405
-0.176737 -0.055592 -0.013037
-0.025 0.248375 0.058978
0.11069 0.013189 0.011686
-0.084136 0.27428 0.053998
-0.25825 0.013189 0.065086
-0.0826 -0.028982 -0.018269
-0.215632 0.10405 0.031456
-0.058261 -0.125606 -0.014207
-0.158209 0.18778 0.062653
-0.020695 0.481325 0.099403
-0.072364 0.510833 0.089644
-0.061099 0.274535 0.052639
-0.081232 0.193145 0.046252
-0.058255 0.013189 -0.018269
0.087248 0.100669 0.011686
0.038384 -0.160571 0.055753
-0.033904 0.055372 -0.019772
-0.127027 -0.107036 -0.014183
-0.093037 0.41473 0.075001
-0.020896 0.464243 0.084184
-0.092485 0.444649 0.080191
0.103748 0.106721 0.049135
0.088631 0.101488 0.010795
0.113858 0.113041 0.063034
-0.043846 0.481556 0.105679
-0.021352 0.479864 0.102838
-0.058255 0.202945 0.05143
-0.059164 0.275624 0.054241
-0.228301 -0.087086 0.055618
-0.221893 -0.081287 0.048769
-0.020533 0.483866 0.087589
-0.082789 0.272947 0.060763
-0.037414 0.460432 0.10207
-0.105289 -0.068276 -0.017405
0.140612 0.013189 0.063034
-0.048163 0.247571 0.058645
-0.060988 0.196906 0.038275
0.023939 0.166204 0.010807
0.12881 0.013189 0.049135
-0.09043 0.4868 0.08041
-0.07327 0.482123 0.105535
-0.230368 -0.086663 0.063034
-0.177877 -0.056246 -0.01415
-0.058255 -0.184118 0.052756
-0.059053 0.19729 0.044965
0.041741 -0.16001 0.065086
-0.059056 0.196927 0.038272
-0.220258 0.106721 0.049135
-0.230368 0.113041 0.063034
-0.15919 -0.161654 0.064705
-0.090661 0.481094 0.105211
-0.257122 0.013189 0.063034
-0.173464 0.079705 -0.016034
-0.152404 0.01321 -0.018908
-0.033706 0.272959 0.060763
0.056954 -0.053327 -0.016034
0.113858 -0.086663 0.063034
-0.082681 0.19276 0.044893
0.134591 0.013189 0.0541
-0.035164 0.191128 0.038236
-0.026764 0.497198 0.101449
-0.153586 0.184099 0.05281
-0.043663 0.48704 0.080404
-0.02275 0.439175 0.098506
-0.100435 -0.011168 -0.019772
-0.252298 0.013189 0.052846
0.115418 -0.087572 0.062464
-0.022363 0.460142 0.102145
-0.0826 0.013189 -0.018269
-0.020509 0.485231 0.087826
-0.058255 -0.168536 0.031456
0.079985 0.013189 -0.014141
0.009875 -0.105944 -0.013037
0.035813 0.176116 0.052675
-0.043639 0.485897 0.080641
-0.021715 0.460241 0.099433
-0.150067 0.17221 0.031123
-0.03391 -0.028982 -0.018269
-0.058255 0.189856 0.010837
-0.094954 0.248473 0.058414
0.033536 0.172175 0.030982
-0.058255 0.194911 0.031456
-0.035302 0.189856 0.039604
-0.258898 0.013189 0.06241
-0.15919 0.188032 0.064705
-0.022456 0.413474 0.068914
-0.058255 0.200254 0.049135
0.111812 -0.087086 0.055657
0.037052 0.184045 0.052753
-0.226852 -0.086192 0.056398
-0.158212 -0.161399 0.062653
0.008735 0.12904 -0.017513
-0.082609 0.013186 -0.019772
-0.080269 0.465608 0.076819
-0.035389 0.191566 0.044929
-0.248053 0.013189 0.051562
-0.022156 0.464483 0.077107
-0.058255 -0.187415 0.055747
-0.074044 0.440167 0.098254
-0.043426 0.510275 0.089788
-0.105289 0.094655 -0.017405
-0.025432 0.252401 0.040963
-0.035263 0.193069 0.046249
-0.021517 0.46436 0.077746
-0.058255 -0.174947 0.052675
-0.174205 0.08008 -0.017513
0.105383 -0.08129 0.048769
-0.074596 0.410245 0.093061
-0.058255 -0.175766 0.048769
-0.205141 0.10151 0.010807
-0.091921 0.481334 0.098812
-0.231454 0.113185 0.065086
0.036479 -0.156749 0.0541
-0.091708 0.486608 0.087472
-0.081148 0.191626 0.044962
-0.032353 0.273211 0.059416
-0.152731 -0.150452 0.048769
-0.13972 -0.033845 -0.017405
0.040763 0.186136 0.063034
-0.251101 0.013189 0.0541
-0.228322 0.113464 0.055657
0.056954 0.079705 -0.016034
-0.090637 0.482459 0.105448
-0.03385 0.191257 0.039748
-0.021469 0.439367 0.092122
-0.158251 0.186388 0.065086
-0.026293 0.247148 0.058753
-0.140467 0.16621 0.01084
0.14174 0.013189 0.065086
-0.058255 0.107254 -0.017405
-0.24532 0.013189 0.049135
-0.091756 0.414923 0.067936
-0.231928 -0.087572 0.062464
-0.149116 0.170566 0.031456
-0.058255 -0.186806 0.065086
-0.091966 0.410581 0.092974
-0.127033 0.133408 -0.014183
-0.072376 0.509798 0.082357
-0.233014 -0.087716 0.064516
0.103748 -0.080345 0.049135
0.13697 0.013189 0.056398
0.131543 0.013189 0.051562
0.057695 0.080083 -0.01751
-0.092284 0.461711 0.095407
0.114944 -0.086807 0.065086
-0.021793 0.484106 0.080512
-0.217231 -0.078596 0.030943
-0.093223 0.410824 0.086575
-0.091204 0.444842 0.073129
-0.011221 0.094655 -0.017405
-0.140449 -0.139826 0.010807
-0.043615 0.506366 0.101365
-0.088651 0.497324 0.089332
0.1307 0.013189 0.048769
0.010517 0.133411 -0.014183
-0.026584 0.501107 0.089872
-0.231454 -0.086807 0.065086
0.036086 0.177667 0.05143
-0.152596 -0.151292 0.05143
0.023957 -0.139835 0.01084
-0.058258 0.061894 -0.019772
0.037076 -0.157721 0.05281
-0.043648 0.504899 0.107539
-0.084157 0.273202 0.059404
0.032606 -0.144188 0.031456
0.02327 -0.033905 -0.018908
-0.058255 0.212891 0.063034
-0.082762 0.274541 0.052657
-0.154843 -0.160565 0.055657
-0.220258 -0.080345 0.049135
0.099122 -0.077672 0.031456
-0.061099 0.275624 0.054241
-0.139801 -0.033866 -0.018908
0.078656 0.013189 -0.013037
-0.082801 0.274565 0.05965
-0.085054 0.502235 0.089581
-0.154102 -0.158942 0.056398
-0.222529 0.108448 0.051562
-0.061102 0.274562 0.059662
-0.059161 0.274535 0.052639
-0.058234 0.107338 -0.018908
0.010523 -0.107033 -0.014183
-0.058255 0.061882 -0.018269
-0.016087 0.037534 -0.018269
-0.045175 0.409678 0.093208
0.116504 0.114094 0.064516
-0.21724 0.104977 0.030982
0.023291 0.060244 -0.018908
0.041702 0.187777 0.062653
-0.058255 -0.161771 0.011686
-0.058255 0.013189 -0.019772
-0.026593 0.500072 0.082585
0.087248 -0.074291 0.011686
-0.082612 0.055369 -0.019772
0.008261 -0.10202 -0.016034
-0.152599 0.178091 0.051508
0.008261 0.128398 -0.016034
-0.058255 0.213181 0.065086
-0.094765 0.252379 0.046837
-0.100423 0.037534 -0.018269
-0.073273 0.481298 0.105298
0.036479 0.183124 0.0541
0.02321 0.164707 0.011686
0.100724 0.104953 0.030943
-0.033832 0.192631 0.044803
-0.04462 0.439598 0.098398
-0.058255 -0.18557 0.056398
-0.126385 -0.105944 -0.013037
0.108302 0.111301 0.0541
-0.022978 0.495947 0.089686
-0.203758 0.100669 0.011686
-0.021904 0.443393 0.074107
-0.021082 0.460334 0.095758
0.143513 0.013189 0.064462
-0.221185 -0.080879 0.052675
0.060227 0.08197 -0.013037
-0.026104 0.251054 0.047176
0.02321 -0.138329 0.011686
-0.058255 0.211949 0.056398
0.105383 0.107665 0.048769
-0.106948 0.013189 -0.018269
-0.058252 -0.188438 0.062791
-0.016087 -0.011159 -0.018269
-0.177877 0.082624 -0.01415
-0.092671 0.440744 0.091768
0.009875 0.132322 -0.013037
0.114944 0.113185 0.065086
-0.020719 0.479957 0.099166
-0.08527 0.496859 0.107332
-0.085234 0.498329 0.101158
-0.022 0.479765 0.10555
-0.077587 0.248137 0.058501
0.112289 0.013189 0.010795
0.110342 0.112567 0.056398
-0.026278 0.248179 0.065362
0.035894 0.013165 -0.018908
0.099122 0.10405 0.031456
-0.07255 0.506927 0.101221
-0.073063 0.486464 0.080497
0.064259 -0.128969 0.0541
-0.058255 0.215104 0.064843
-0.255169 0.013189 0.055618
-0.022024 0.409448 0.086929
0.109286 0.11209 0.052846
-0.043441 0.50924 0.082501
-0.090817 0.465812 0.076768
-0.058255 -0.186515 0.063034
-0.058255 0.202144 0.048769
-0.105349 -0.068336 -0.018908
-0.037207 0.464774 0.077032
-0.154102 0.18532 0.056398
-0.058276 -0.08096 -0.018908
-0.25348 0.013189 0.056398
-0.085063 0.5012 0.082294
-0.091735 0.48524 0.087235
0.088634 -0.075131 0.010807
-0.058255 -0.173876 0.049135
-0.08266 0.19129 0.039745
0.02321 0.060223 -0.017405
-0.058258 0.214817 0.062791
-0.021976 0.481133 0.105787
0.115418 0.113947 0.062464
-0.191287 0.013189 -0.016034
-0.096199 0.249749 0.058624
-0.100423 -0.011159 -0.018269
-0.2272 0.013189 0.011686
0.04268 0.188032 0.064705
-0.044413 0.443938 0.07336
-0.246388 0.013189 0.052675
-0.033901 0.013189 -0.019772
-0.091897 0.482702 0.099049
-0.059056 0.198772 0.046258
-0.152323 -0.149741 0.052675
-0.0112 -0.06836 -0.018908
0.065042 -0.129755 0.05281
-0.044965 0.41402 0.068167
0.036089 -0.151715 0.051508
-0.058255 -0.163481 0.010837
-0.196495 0.013189 -0.014141
0.04268 -0.161654 0.064705
-0.072583 0.505457 0.107395
-0.150046 -0.145796 0.030982
-0.106963 0.013186 -0.019772
-0.021283 0.443273 0.080545
-0.205135 -0.075131 0.010795
-0.059044 0.191782 0.039724
-0.033688 0.274558 0.059671
-0.058255 -0.124373 -0.013037
-0.058255 0.213794 0.055747
-0.157273 -0.159758 0.063034
-0.022543 0.443516 0.073468
-0.154894 0.186947 0.055753
-0.072991 0.487607 0.08026
0.061367 -0.056246 -0.01415
-0.047941 0.252944 0.040216
0.123467 0.013189 0.031456
-0.096013 0.253657 0.047047
0.135788 0.013189 0.052846
-0.058255 0.209413 0.0541
-0.033898 -0.028991 -0.019772
-0.021835 0.413354 0.075352
-0.224812 0.111301 0.0541
-0.032374 0.274261 0.054013
0.108302 -0.084923 0.0541
-0.125245 0.129037 -0.017513
0.07562 0.013189 -0.01751
0.036221 0.176827 0.048769
0.104675 -0.080879 0.052675
-0.058255 0.201322 0.052675
-0.058255 -0.119843 -0.016034
-0.058255 0.188146 0.011686
-0.023095 0.413597 0.068278
-0.195166 0.013189 -0.013037
0.037592 -0.158942 0.056398
-0.231928 0.113947 0.062464
-0.058255 -0.035504 -0.018269
-0.176737 0.08197 -0.013037
-0.0826 0.055357 -0.018269
-0.023794 0.491945 0.104935
-0.125245 -0.102662 -0.017513
-0.077572 0.249173 0.06511
-0.060994 0.198745 0.046261
-0.13978 0.060283 -0.018908
-0.009562 0.013189 -0.018269
-0.226852 0.112567 0.056398
-0.024811 0.252281 0.047401
-0.022102 0.439271 0.095794
-0.022654 0.409352 0.090601
0.060227 -0.055592 -0.013037
0.040763 -0.159758 0.063034
-0.060985 0.197254 0.044962
0.032606 0.170566 0.031456
-0.241822 0.013189 0.030943
0.008735 -0.102659 -0.017513
-0.152731 0.176827 0.048769
0.116504 -0.087716 0.064516
-0.060991 0.191746 0.039727
-0.08119 0.189914 0.039601
0.129878 0.013189 0.052675
-0.048151 0.248603 0.065254
0.111803 0.113419 0.055618
-0.011161 0.094714 -0.018908
-0.021769 0.485474 0.080749
-0.094939 0.249509 0.065023
0.02321 -0.033845 -0.017405
-0.158251 -0.16001 0.065086
-0.094732 0.25385 0.039985
0.138659 0.013189 0.055618
-0.023302 0.409256 0.093316
-0.016072 -0.011162 -0.019772
-0.0268 0.495731 0.107623
-0.152323 0.013189 -0.017405
-0.077398 0.252046 0.046924
-0.059164 0.274562 0.059662
-0.260023 0.013189 0.064462
-0.091024 0.46147 0.101806
-0.074389 0.414587 0.068023
-0.151786 -0.148814 0.049135
0.057695 -0.053705 -0.017513
-0.021154 0.483983 0.081151
-0.152989 -0.156749 0.0541
-0.009547 0.013192 -0.019772
-0.058255 0.210493 0.052756
-0.023599 0.496067 0.083248
0.142388 0.013189 0.06241
-0.033736 0.27562 0.05425
-0.124771 -0.10202 -0.016034
0.104675 0.107254 0.052675
-0.124771 0.128398 -0.016034
-0.058252 -0.035519 -0.019772
-0.058255 -0.120611 -0.017513
-0.058255 -0.188729 0.064843
-0.011221 -0.068276 -0.017405
-0.22585 0.111889 0.052846
-0.091411 0.440501 0.098167
0.10073 -0.078602 0.030982
-0.221185 0.107254 0.052675
-0.224812 -0.084923 0.0541
-0.058255 -0.170402 0.031018
0.074777 0.013189 -0.016034
-0.203758 -0.074291 0.011686
-0.174205 -0.053705 -0.01751
-0.058249 0.151981 -0.014207
-0.047974 0.251476 0.047068
-0.058255 0.146989 -0.017513
-0.215632 -0.077672 0.031456
0.033557 -0.145835 0.031126
-0.151786 0.175192 0.049135
0.037592 0.18532 0.056398
-0.092098 0.465617 0.08383
-0.058255 0.196781 0.031018
-0.173464 -0.053327 -0.016034
0.035813 -0.149741 0.052675
-0.233014 0.114094 0.064516
0.036221 -0.150452 0.048769
-0.10531 0.094736 -0.018908
-0.03391 0.055357 -0.018269
-0.13972 0.164707 0.011686
-0.228799 0.013189 0.010795
-0.016075 0.037546 -0.019772
0.125312 0.013189 0.030943
-0.058255 -0.183038 0.0541
-0.221893 0.107665 0.048769
-0.02113 0.485351 0.081388
-0.157273 0.186136 0.063034
-0.239977 0.013189 0.031456
-0.225817 -0.08549 0.05281
-0.023164 0.492041 0.101263
-0.180769 -0.128969 0.0541
-0.061099 0.272954 0.060742
-0.021325 0.481229 0.103075
-0.058255 -0.17657 0.05143
-0.033766 0.274523 0.052654
0.038333 0.186943 0.055657
-0.090454 0.485435 0.080173
-0.100438 0.03754 -0.019772
-0.058255 -0.080879 -0.017405
-0.181552 -0.129755 0.05281
0.041741 0.186388 0.065086
-0.077365 0.253514 0.040072
0.106115 0.108088 0.051562
-0.222394 -0.08192 0.051508
-0.081319 0.191245 0.038245
0.10934 -0.085511 0.052846
0.041699 -0.161402 0.062653
-0.080476 0.461266 0.101857
-0.058255 0.146218 -0.016034
-0.19213 0.013189 -0.01751
-0.082606 -0.028994 -0.019772
0.035276 0.175192 0.049135
-0.04387 0.480731 0.105442
-0.152323 0.176116 0.052675
