810
0.463106 -0.348163 -0.300402
0.14956 -0.907451 -0.026436
0.427597 0.236468 0.616562
-0.398934 -0.8188 0.538187
-0.819975 0.094335 0.71363
0.958003 4.2e-05 0.31816
-0.154695 -0.5433 -0.02472
-0.103233 -0.452293 -0.178371
0.018056 0.212543 0.817151
-0.827208 -0.397224 -0.036103
-0.440062 0.364799 0.474298
-0.589923 -0.150926 0.360399
-0.39462 -0.273911 0.626347
-0.571418 0.718069 -0.035961
0.631372 -0.501707 0.752658
0.209316 0.007709 0.818102
0.851192 -0.412711 0.062258
-0.292982 -0.613433 -0.267949
-0.088997 0.614131 0.257723
-0.510687 0.408373 0.936853
-0.787435 -0.179727 0.755158
0.31613 -0.15224 -0.278267
-0.725965 0.351164 0.752658
0.374943 -0.774685 -0.131043
-0.48772 -0.609906 -0.209364
0.091581 0.40739 0.693883
0.535229 -0.674175 -0.130633
-0.175278 0.761437 -0.209055
0.037042 0.615716 0.157931
0.503768 0.3475 0.343973
-0.909431 -0.0 0.54625
-0.558994 0.223322 0.386368
0.061555 -0.457204 1.078594
0.496597 0.307569 0.019983
-0.630809 0.503054 0.750921
0.269622 0.173177 0.765225
-0.417908 -0.073652 0.686918
-0.534029 0.674635 -0.13105
-0.339789 -0.213503 -0.241675
0.406106 0.512736 0.937431
0.281019 0.553618 0.208792
0.463924 0.0 -0.178371
0.711796 0.567638 0.537476
-0.492166 0.192461 0.558892
-0.000428 0.487332 -0.152096
0.442685 0.407894 0.386148
0.761662 -0.173683 -0.209235
0.397762 -0.826822 -0.036237
0.178081 0.786529 0.752658
-0.491811 -0.146289 -0.118156
-0.144113 -0.438733 1.078276
-0.609868 -0.068716 0.13985
0.172552 0.755999 -0.214031
-0.093149 0.421705 0.679303
0.02767 0.014109 0.852649
-0.483769 0.376104 0.333928
0.000956 0.917682 -0.035961
0.157845 -0.379381 0.698332
0.410841 -0.853121 0.066537
-0.402254 0.229927 1.077742
0.551083 0.239066 0.076583
0.207958 -0.5837 0.264673
0.206732 0.887042 0.538187
-0.725965 -0.351164 0.752658
0.519626 0.048801 -0.102877
0.48772 -0.609906 -0.209363
-0.466069 0.377198 0.0696
-0.398034 -0.826526 -0.036564
0.351044 -0.12955 0.729944
-0.314078 0.897178 0.142202
-0.004464 0.442434 0.66835
-0.147193 -0.476298 0.605068
0.571132 0.7095 0.538187
-0.165066 -0.496159 -0.101183
-0.921674 0.212739 0.061805
-0.580251 -0.157288 0.078888
0.213646 0.480019 0.563687
0.443768 -0.1105 1.077056
-0.570916 -0.105202 0.454821
0.466051 -0.013075 -0.303096
-0.723879 0.024709 0.854495
-0.106488 -0.9451 0.145864
-0.116418 -0.332705 -0.27839
-0.637854 0.143498 0.936741
-0.304452 -0.350547 0.646129
0.374444 0.469537 0.073113
0.156518 -0.660308 -0.269045
-0.424177 -0.0 0.687085
-0.865435 0.411697 0.304429
-0.506006 -0.805302 0.145864
0.573249 -0.064844 0.993698
0.067237 0.518666 -0.100876
-0.059571 0.535562 0.542389
-0.425454 0.371346 -0.025536
-0.405877 0.826058 -0.030991
-0.0 -0.911432 0.539725
0.20433 -0.579105 0.143703
0.135103 0.585116 0.072644
0.496728 0.18925 0.555279
-0.004316 -0.599567 0.0696
-0.029349 0.006699 0.852602
-0.283847 0.54084 0.348986
0.06891 -0.169443 0.826481
0.336117 0.253759 0.690177
-0.496981 0.311479 0.437664
-0.439004 -0.277645 -0.106963
0.440626 -0.275063 -0.106963
-0.165371 -0.171371 1.165491
-0.351164 -0.725965 0.752658
-0.447431 0.270815 -0.100876
-0.130461 0.587242 0.078208
-0.531553 0.423066 -0.268106
0.00289 0.678287 -0.26905
-0.349915 -0.507824 0.154152
0.51171 0.407378 0.936473
0.704906 -0.33724 -0.209051
0.748892 -0.597221 0.30411
0.145993 0.637524 0.934417
0.19734 -0.559634 0.051567
0.366215 0.368372 -0.106963
-0.819975 -0.094335 0.71363
-0.611378 0.293556 -0.269036
-0.463106 -0.348163 -0.300402
-0.062336 0.266621 0.7906
-0.596987 0.119978 0.360399
0.423053 -0.530492 -0.269985
-0.375487 0.448612 0.443714
0.888581 0.202813 0.539725
0.589537 0.282853 0.936864
-0.414303 -0.199518 1.07791
-0.0014 0.653911 0.936808
0.289995 0.586324 0.932546
0.413129 -0.275004 0.607546
-0.703167 0.340851 -0.209051
0.295501 -0.614722 -0.266066
0.083715 -0.555478 -0.03143
0.80224 0.510543 0.144677
-0.220006 -0.51188 0.509127
0.775878 -0.37372 -0.13029
-0.243354 -0.505329 -0.032099
-0.314681 -0.415372 0.571463
-0.021446 -0.021446 0.852602
0.332966 0.116254 -0.278252
0.543929 -0.045784 0.529216
0.510687 -0.408373 0.936853
0.228556 0.229355 0.763332
0.541829 -0.297294 0.171464
0.324039 -0.323856 1.080229
0.333273 0.31906 1.078567
0.638225 0.142544 0.937397
-0.413903 0.397651 -0.300302
-0.515544 0.058088 -0.108023
0.951538 -0.080315 0.256592
-0.316483 0.254283 -0.235464
0.196323 -0.838801 -0.130153
-0.431691 0.096646 -0.202959
0.170118 0.490786 -0.106963
0.275063 0.440626 -0.106963
-0.573249 -0.064844 0.993698
-0.936572 0.2024 0.313128
0.672626 -0.536645 -0.131173
0.137692 -0.554809 0.474224
0.636805 -0.143446 0.937839
0.476311 0.10694 -0.150949
0.374049 0.775722 -0.130283
-0.590378 0.740311 0.066537
-0.0 -0.958811 0.305353
0.787435 -0.179727 0.755158
-0.388132 0.766289 -0.131736
0.375783 0.445743 0.44843
0.503818 -0.115217 0.579053
-0.181111 0.317569 0.73528
-0.059949 0.180722 0.824414
0.618147 -0.053005 0.258067
0.807685 -0.0 0.755158
-0.189167 0.540608 -0.300325
0.6011 0.746425 0.304429
-0.030103 0.0 0.852602
-0.423053 -0.530492 -0.269985
-0.445842 0.179169 0.626195
-0.327431 -0.054331 0.758761
-0.004571 0.958358 0.304429
-0.442088 -0.002844 -0.203208
-0.206426 0.894305 -0.036114
0.30157 -0.901146 0.136346
0.238837 -0.340936 0.694347
-0.452771 -0.218913 0.597504
-0.614058 -0.295715 -0.266441
0.19154 0.839383 -0.13069
0.225203 -0.467047 0.576115
0.839333 0.19157 -0.130604
-0.608521 0.100897 0.157931
0.398934 0.8188 0.538187
-0.247658 -0.086659 0.79616
-0.405201 0.855575 0.067917
0.135445 -0.32509 0.744455
-0.269622 -0.173177 0.765224
0.539167 0.245683 0.419939
0.375833 -0.362135 -0.102878
-0.342081 -0.078078 -0.278267
-0.481313 0.087665 0.616082
0.040388 -0.350995 -0.278215
0.58442 0.0 0.444329
-0.331502 0.516907 0.143248
-0.503901 0.629622 0.752658
-0.042686 -0.459553 -0.303089
0.168926 0.594712 0.173967
-0.533934 -0.315959 0.258069
0.725965 0.351164 0.752658
-0.734379 0.063026 0.839738
0.439285 0.276021 -0.108023
-0.0 0.0 1.195
-0.387997 0.171613 0.687163
-0.12662 0.126828 0.827471
-0.171976 -0.593479 0.168317
-0.749608 0.596847 0.303908
0.718185 0.066598 0.858601
0.053005 0.618147 0.258067
-0.573249 0.064843 0.993698
0.247658 0.086659 0.79616
0.679272 0.002734 -0.268445
0.438726 -0.184831 0.633212
0.40174 -0.341475 0.561136
-0.570848 0.234005 0.159236
-0.262159 0.325685 0.693268
0.858183 0.014038 -0.132551
-0.612517 -0.096237 0.26457
-0.444873 0.101608 1.078944
0.055654 -0.493948 0.605696
-0.067429 0.517356 -0.10314
0.661095 -0.149671 -0.269203
0.682183 0.521969 -0.131755
0.004163 0.910804 0.538188
0.672628 -0.672628 0.1486
-0.002696 -0.03085 0.852608
0.909304 -0.000184 0.54674
-0.144029 -0.591379 0.360924
0.271001 -0.494724 -0.027483
0.397714 0.089555 -0.233979
-0.208038 0.527441 0.487588
0.362711 -0.289252 -0.178371
-0.590069 -0.068476 0.052721
0.388154 0.186772 0.680409
-0.221867 0.559574 0.386148
0.462813 -0.282145 0.536495
0.025761 -0.000111 1.192228
-0.005049 -0.916648 -0.037664
0.199518 -0.414302 1.07791
-0.510687 -0.408373 0.936853
0.450239 -0.426849 0.258068
0.420652 -0.861027 0.304612
-0.001403 0.806436 0.752658
-0.827208 0.397224 -0.036103
0.487201 0.610679 -0.209235
0.571132 -0.7095 0.538187
-0.131362 0.568466 0.445808
-0.00356 0.599428 0.069182
0.319365 -0.40746 0.577195
0.375104 -0.422377 -0.02472
-0.920684 -0.054067 0.485813
0.021569 -0.099665 0.846639
0.418072 0.307858 0.574021
0.653986 -0.0 0.93833
-0.381758 0.465106 0.077254
-0.423925 -0.316485 0.558228
0.346637 0.276434 -0.201702
-0.229275 0.228024 0.763573
0.851466 0.411283 0.061098
0.042873 0.459801 1.078277
0.103726 0.452711 -0.177729
-0.608574 -0.015419 0.361288
0.211513 0.921476 0.060385
0.4907 0.180965 -0.100876
0.180682 -0.422688 0.650265
-0.486716 -0.036369 0.617601
0.071627 0.170036 0.826054
0.153407 0.662273 -0.267949
0.556616 -0.096354 -0.02472
0.272659 -0.397085 0.624832
-0.2853 -0.46261 0.533589
0.532781 -0.421382 -0.268445
0.590463 -0.110445 0.076582
0.113366 -0.503359 0.580097
0.108257 0.024709 1.181085
-0.059673 -0.515995 -0.106962
-0.362383 -0.289434 -0.178514
-0.009843 -0.26812 0.793968
0.205307 -0.120182 1.163935
0.199518 0.414303 1.07791
-0.298458 -0.187533 -0.27839
-0.069409 -0.616028 0.260519
-0.001083 0.094928 0.846765
-0.839485 -0.188649 -0.131163
0.400188 -0.818575 0.536691
-0.314121 -0.897709 0.145864
-0.66852 -0.676258 0.144678
-0.487508 -0.353107 0.081023
0.775711 0.373564 -0.130611
0.420295 -0.096476 0.679985
-0.01602 0.610392 0.35098
0.570259 0.238259 0.171465
-0.191914 0.397434 -0.204129
0.120479 -0.110043 0.832575
0.525881 0.208959 0.490033
-0.011664 0.387307 0.718484
-0.711796 0.567638 0.537476
0.897709 0.314121 0.145864
0.358113 0.024709 1.117464
0.60853 0.100963 0.158164
0.041764 0.406435 -0.235139
0.034323 0.241759 1.165189
-0.606264 0.48348 -0.214031
-0.328989 -0.13834 0.741504
0.569037 -0.063995 -0.30036
-0.212932 -0.43925 -0.151173
-0.541122 0.28331 0.34923
0.046888 0.010702 1.188973
0.181898 -0.510206 0.536704
0.17015 -0.070177 0.826157
-0.374958 0.39664 0.529285
-0.8188 0.398934 0.538187
0.805302 -0.506006 0.145863
-0.283281 0.589265 0.936808
0.003681 0.03009 0.852603
0.561207 -0.196375 0.054809
0.278432 -0.17495 0.759631
-0.421316 0.860606 0.303145
0.471577 0.128445 0.616716
0.076583 0.0769 0.844573
0.948017 7.4e-05 0.073338
0.314221 0.897993 0.149974
-0.047211 -0.234285 1.164777
0.400853 -0.048136 -0.239343
0.506006 0.805302 0.145863
0.053414 0.256189 1.152532
0.410398 0.4621 0.171483
-0.506032 0.805344 0.146553
-0.292816 0.612077 -0.268757
0.614444 0.085875 0.258067
-0.572381 -0.717604 -0.035578
-0.374034 -0.353739 0.58059
-0.585138 0.204748 0.260521
-0.375738 0.484069 0.333556
0.749616 0.596832 0.303929
0.598653 -0.120207 0.35098
0.352441 -0.510126 0.264525
0.087274 -0.24615 0.796881
-0.564164 -0.025064 -0.025536
0.738762 0.58874 0.057455
0.456708 -0.332155 -0.025536
-0.851191 -0.412711 0.062258
0.181582 -0.538005 -0.01651
-0.5605 0.085484 0.487595
0.531074 -0.281072 0.077363
0.399459 -0.192369 -0.201702
0.8188 0.398934 0.538187
-0.0 -0.807685 0.755158
-0.09124 -0.160559 0.825927
0.475619 -0.109852 -0.151173
-0.453389 -0.417817 0.153222
0.087121 0.578273 0.441036
0.41755 -3.5e-05 0.693812
0.536336 0.065901 0.539687
0.172755 -0.761586 -0.209364
0.352026 -0.726238 0.751385
0.164302 0.171322 1.164408
0.894886 0.203271 -0.035961
-0.095006 -0.413209 0.687208
0.462713 0.285078 0.533596
0.917637 -0.001025 -0.036104
0.569965 0.124318 0.448882
-0.142231 0.460324 0.624537
0.321883 0.522951 0.143247
-0.436126 -0.416381 0.383489
0.287561 -0.283387 -0.239343
0.32637 0.459347 -0.028609
-0.024476 0.580012 0.454821
0.053005 -0.618147 0.258067
-0.427988 0.099581 0.671531
-0.217594 0.933326 0.304457
-0.381712 0.070983 0.717961
0.001045 0.780933 -0.209364
0.787435 0.179727 0.755158
-0.236672 -0.427532 0.616527
0.450239 0.426849 0.258068
0.935214 -0.214855 0.297127
-0.430445 0.24228 0.609943
-0.717604 0.572381 -0.035578
-0.208752 0.922711 0.062478
-0.661024 -0.151677 -0.269036
4.4e-05 -0.860961 -0.13069
0.589514 -0.738749 0.059339
0.376109 -0.467362 0.070781
0.615716 -0.037042 0.157931
-0.20467 0.415226 -0.303038
0.144186 0.097761 0.829928
-0.282505 0.398733 0.616527
0.388323 -0.474033 0.333556
0.084776 -0.506494 -0.117804
0.474726 0.331591 0.459662
-0.380744 0.304181 -0.152096
0.18784 0.298491 -0.278252
0.61133 0.294401 -0.269985
0.573249 0.064844 0.993698
0.819975 0.094335 0.71363
-0.7095 -0.571132 0.538187
-0.0 0.560873 -0.0321
-0.861468 -0.419935 0.304429
0.6011 -0.746425 0.304429
0.610392 0.01602 0.35098
0.237257 -0.0 1.165268
0.355164 -0.504465 0.159235
0.839802 -0.186202 -0.131873
0.590854 -0.189226 0.258069
-0.22261 -0.559434 0.385668
0.090379 -0.228251 1.159721
0.167956 -0.269645 0.767116
-0.48727 -0.275658 0.504073
0.213356 0.934772 0.305353
0.104105 0.456115 -0.303039
0.50823 0.349049 0.153222
-0.586302 0.039415 0.432606
-0.350172 0.042329 -0.278398
0.555596 0.101103 -0.025536
0.157847 0.200768 0.800511
-0.95842 -0.003429 0.312363
0.274297 0.218895 -0.278228
0.268887 0.324325 0.690017
0.164511 0.541434 0.490033
0.354183 0.326457 0.624831
-0.0882 -0.055227 0.845692
0.66852 0.676258 0.144678
-0.396102 -0.416348 0.471335
-0.256661 -0.542129 0.070946
0.861468 -0.419935 0.304429
0.737928 -0.591881 0.062199
0.192167 -0.398135 -0.203344
0.145234 -0.638808 0.932449
0.112571 -0.589836 0.075627
0.155786 0.478882 0.597694
-0.285558 -0.588308 0.937695
-0.503054 -0.630809 0.750921
0.9473 -0.096355 0.155783
0.589773 -0.179722 0.153223
0.755999 0.172552 -0.214031
-0.08158 0.24695 1.15244
0.115884 -0.599708 0.34923
0.150782 -0.60227 0.208792
-0.066885 -0.534306 0.542953
-0.888581 0.202813 0.539725
-0.541616 -0.277943 0.361288
-0.277645 0.439004 -0.106963
0.273104 0.548558 0.333556
-0.839802 0.186202 -0.131873
-0.462523 0.410233 0.173966
-0.563978 -0.039999 0.491009
-0.276434 0.346637 -0.201702
-0.629622 -0.503901 0.752658
0.238799 0.427484 0.615335
0.512675 -0.190301 0.52713
0.393232 -0.43876 0.429592
0.935381 0.20864 0.304728
0.920684 -0.054067 0.485813
0.207401 -0.916955 0.067745
-0.156681 -0.30719 0.750153
-0.936666 -0.206167 0.292307
0.206732 -0.887042 0.538187
-0.703781 -0.339097 -0.209235
0.503902 -0.629622 0.752658
-0.421287 0.203042 -0.302999
0.414508 0.851147 0.067328
-0.146062 0.236923 0.789096
0.425454 0.371346 -0.025536
0.253193 -0.237744 0.748199
0.052795 -0.231309 1.165268
-0.66285 0.148487 -0.268445
-0.176322 -0.174042 0.802535
0.474726 -0.331591 0.459662
-0.775907 0.373331 -0.130514
0.611209 -0.486087 -0.209364
0.503901 0.629622 0.752658
-0.102324 0.448312 1.07791
-0.01249 -0.183228 0.826259
0.184509 -0.184509 0.796917
-0.147689 0.637305 0.936462
-0.111904 0.94431 0.144677
0.066944 -0.361482 0.734817
0.095929 -0.432515 0.667707
0.309285 -0.517337 0.384818
0.531824 -0.244975 0.442043
-0.483769 -0.376104 0.333928
-0.775694 -0.373985 -0.130199
0.433713 0.123807 1.081109
-0.068599 0.333085 0.753306
0.274806 0.502669 0.472606
-0.457118 0.418911 0.264524
0.541149 0.668256 -0.13217
-0.601101 0.746425 0.304429
-0.0 -0.775441 -0.214031
0.921687 0.212957 0.062258
-0.183921 -0.376208 0.692617
-0.049439 -0.335078 0.753838
0.024709 -0.108257 1.181085
-0.493353 -0.272251 -0.028609
0.388323 0.474033 0.333556
-0.285828 -0.436686 -0.102877
-0.279951 -0.55412 0.208712
-0.336522 0.253419 0.690062
0.57005 -0.124492 0.448638
0.280344 -0.553985 0.20892
-0.888581 -0.202813 0.539725
0.347655 -0.235307 0.690885
-0.530686 -0.421688 -0.269203
0.264203 -0.881183 -0.022686
-0.459841 -0.0 1.07791
-0.1882 0.148536 1.163331
-0.432249 -0.098658 -0.201702
-0.418876 -0.200946 -0.177585
-0.119711 -0.248581 0.789842
0.204803 0.112689 1.165046
0.52122 0.217797 -0.02472
-0.544442 -0.149974 -0.025536
-0.348588 0.724235 0.754416
-0.196536 0.838335 -0.130824
-0.746425 -0.601101 0.304429
0.340459 0.704995 -0.207857
-0.589089 0.284178 0.936495
0.591772 0.738013 0.062258
-0.294019 0.506444 0.438772
0.491948 0.043691 0.609795
0.663902 0.151531 -0.266731
-0.000355 -0.654087 0.936133
-0.210703 -0.923152 0.066537
0.270815 -0.447431 -0.100876
-0.315959 0.533934 0.258069
-0.180817 -0.785905 0.752658
-0.718069 -0.571418 -0.035961
0.217711 -0.933313 0.304429
0.54084 -0.283847 0.348986
0.545452 -0.023953 -0.06486
0.359489 0.060331 1.115255
0.341431 0.0 1.124383
0.151513 -0.181289 1.164846
0.002522 -0.945966 0.062258
0.579929 0.220449 0.258069
-0.513007 0.247051 -0.018015
0.352441 0.510126 0.264525
-0.516907 0.331502 0.143248
0.572381 0.717604 -0.035578
-0.920703 0.054119 0.485739
-0.567638 -0.711796 0.537477
-0.155335 -0.209749 1.152696
-0.281799 0.530504 0.076583
-0.450239 -0.426849 0.258068
-0.199877 0.586988 0.259655
0.128914 0.024709 1.178496
0.304181 -0.380744 -0.152096
-0.468182 0.282445 0.527311
-0.805027 0.505832 0.143703
-0.620712 -0.011804 0.208711
-0.33425 -0.255742 0.690372
-0.419935 -0.861468 0.304429
0.337317 0.498581 0.385772
-0.21934 0.464309 0.583552
0.372266 0.280048 -0.303007
0.921687 -0.212957 0.062258
0.196222 0.376121 0.687181
-0.72592 -0.0 0.852602
0.920703 0.054119 0.485739
-0.1448 -0.638107 0.93592
0.274994 0.344832 -0.20446
0.082563 0.004108 0.848684
-0.591772 -0.738013 0.062258
-0.373675 -0.775941 -0.13016
-0.242764 -0.000509 1.164444
-0.545636 -0.212636 0.438772
-0.09958 0.426872 -0.207477
0.414303 -0.199518 1.07791
0.819975 -0.094335 0.71363
-0.851094 0.409865 0.057378
-0.218769 -0.274328 -0.278267
-0.153763 0.660572 -0.269477
-0.138099 0.597172 0.334733
0.87984 -0.358623 0.131347
0.584478 0.140704 0.075425
-0.673439 -0.536672 -0.130512
-0.897709 -0.314121 0.145864
-0.217711 -0.933313 0.304429
-0.13254 -0.378779 -0.241675
-0.395456 0.821172 0.539725
-0.224838 0.086693 1.163946
-0.149671 -0.661095 -0.269203
-0.761383 -0.175836 -0.209051
-0.221687 -0.091494 1.16436
0.599733 0.005594 0.070501
0.313727 -0.312608 0.669918
0.419935 0.861468 0.304429
-0.298749 0.187431 -0.278252
-0.185471 0.785583 0.752569
-0.263998 -0.303464 0.706069
-0.947708 0.000123 0.071284
0.068187 0.535581 0.541301
-0.137751 0.059968 0.836798
0.03553 -0.545729 0.527627
0.239195 -0.028577 1.164561
0.318489 -0.478216 0.471492
-0.156062 -0.551216 0.472606
0.718022 -0.571456 -0.036003
-0.204941 -0.011743 0.819719
-0.412711 -0.851191 0.062258
0.247369 -0.25166 -0.278283
0.711796 -0.567638 0.537476
-0.590198 -0.178865 0.154153
0.148789 -0.317859 -0.278149
-0.000296 0.861125 -0.130512
0.271745 -0.549219 0.333897
0.572245 -0.717713 -0.035578
-0.205075 -0.894462 -0.036003
-0.25041 0.38707 1.078873
0.613433 -0.292982 -0.267949
0.350441 0.727699 0.755158
0.734169 -0.060259 0.840396
0.181747 -0.487356 -0.105288
-0.308487 0.153587 0.750434
-0.917651 0.001087 -0.036057
-0.53885 -0.263392 0.070443
-0.367741 -0.367741 -0.105889
-0.172755 -0.761586 -0.209364
-0.358893 0.344057 0.606558
0.002734 -0.679272 -0.268445
-0.284763 0.461699 0.535907
0.245839 -0.107466 0.793968
-0.191807 -0.839456 -0.130476
-0.267363 0.497419 -0.025536
-0.636805 -0.143445 0.937839
-0.074487 -0.609573 0.143521
0.281556 -0.590222 0.937734
-0.2346 0.111558 0.798445
-0.472092 -0.138278 0.612457
0.296901 0.609862 -0.26905
0.189226 0.590854 0.258069
0.8188 -0.398934 0.538187
0.506006 -0.805302 0.145864
-0.23169 0.571825 0.158521
-0.171105 0.388096 0.687333
0.397224 0.827208 -0.036103
-0.539558 0.261897 0.070369
-0.600235 0.023715 0.076583
-0.679363 -0.000651 -0.268106
-0.036359 -0.562617 -0.027471
-0.144792 -0.560775 -0.300462
-0.407325 0.512088 0.93592
-0.201899 0.888606 0.53772
0.217797 0.52122 -0.02472
-0.397165 0.477204 0.208792
-0.275903 -0.347398 -0.201463
-0.206732 -0.887042 0.538187
0.490007 -0.178641 -0.103461
0.459841 0.0 1.07791
0.187076 0.573221 0.383656
-0.363651 -0.500707 0.29589
-0.540394 0.196514 0.471036
0.726933 -0.350073 0.750921
-0.734356 -0.062818 0.839802
-0.516335 0.111671 0.560054
-0.407753 -0.512386 0.932484
0.231309 0.052795 1.165268
0.558885 0.246426 0.34923
0.494551 -0.042241 0.607132
-0.536834 -0.673099 -0.13069
-0.126825 0.202698 1.165237
-0.052101 -0.57691 0.45994
-0.8188 -0.398934 0.538187
-0.169944 0.489929 -0.108354
0.590199 -0.282622 0.93361
-0.894886 -0.203137 -0.036057
-0.525453 -0.106313 0.545545
0.411342 0.104891 0.686883
-0.305338 -0.498789 0.44199
0.573189 -0.186412 0.384818
-0.416115 0.324347 0.561155
0.037042 -0.615716 0.157931
0.055216 0.600098 0.384842
-0.228556 -0.229355 0.763332
-0.48772 0.609906 -0.209364
0.039722 0.350896 -0.27828
0.528809 0.425838 -0.268599
0.350811 -0.036653 -0.278398
-0.65427 -0.000314 0.938114
-0.787435 0.179727 0.755158
-0.808062 -0.501278 0.144677
-0.672515 0.672515 0.145864
-0.322767 -0.32854 1.079238
-0.606264 -0.48348 -0.214031
-0.357868 0.409992 -0.068426
-0.597221 -0.748892 0.30411
0.45156 0.398816 0.08285
0.228698 -0.531774 0.457929
0.323778 0.136607 0.745107
0.533934 -0.315959 0.258069
-0.077975 0.341772 -0.278257
-0.159154 -0.10032 0.825033
0.289338 0.459477 0.5347
-0.555596 0.101103 -0.025536
0.101103 0.555596 -0.025536
-0.590199 -0.282622 0.93361
-0.266687 -0.553781 0.317032
-0.051231 0.080399 0.846946
0.254652 0.545004 0.076369
0.591431 0.144602 0.359855
-0.571132 0.7095 0.538187
0.397378 0.191367 -0.20446
-0.125838 0.51399 0.558127
0.080793 0.481848 0.616679
0.717315 0.571907 -0.036488
0.100586 -0.430787 -0.202877
-0.420426 -0.420426 0.05481
-0.542184 -0.29707 0.173888
-0.533934 0.315959 0.258069
0.016085 -0.0256 0.852602
-0.443768 -0.110499 1.077056
0.295087 -0.377573 -0.303018
0.630809 0.503054 0.750921
0.064206 0.307794 0.769542
-0.339775 0.703143 -0.209364
-0.673289 0.536463 -0.130667
-0.331911 -0.50312 0.384818
0.524906 0.329821 0.260521
-0.339541 -0.705065 -0.208048
-0.739944 0.588747 0.061104
-0.291697 -0.365543 -0.302999
-0.947341 0.09832 0.161291
-0.048247 0.498826 0.602084
0.442685 -0.407894 0.386148
0.185585 -0.573984 0.381913
-0.173192 -0.515291 0.533382
-0.423053 0.530492 -0.269985
-0.520624 -0.049863 -0.100876
0.283021 -0.530497 0.079163
0.339635 -0.705547 -0.207686
-0.807685 -0.0 0.755158
-0.355699 -0.484069 0.076583
0.211632 0.547359 -0.300572
-0.318773 0.032712 0.765224
0.204039 0.89442 -0.036488
-0.110611 0.607985 0.163447
0.189253 0.399541 -0.203208
0.888581 -0.202813 0.539725
-0.614444 0.085875 0.258067
-0.028533 -0.009984 0.852602
0.484069 -0.375738 0.333556
0.318773 -0.032712 0.765225
-0.926366 -0.20456 0.074991
-0.580177 0.065527 -0.300604
-0.189226 -0.590854 0.258069
-0.858586 -0.016691 -0.132012
0.529061 0.236509 -0.300364
0.780933 0.001045 -0.209364
0.066338 -0.58276 0.437664
-0.016418 0.026129 0.852607
0.947388 0.122528 0.233476
0.894461 -0.205136 -0.035961
0.104792 -0.944535 0.134373
-0.015872 -0.608716 0.3604
0.863465 0.415457 0.303635
-0.398777 0.190884 -0.203204
0.00233 0.945637 0.060899
0.704049 0.337893 -0.209364
-0.392385 -0.168191 0.684873
0.188481 -0.538415 -0.300368
-0.511636 -0.18099 0.535093
0.149676 0.312444 0.749419
0.458348 -0.412819 0.158165
-0.583828 0.138166 0.071349
-0.762942 0.174137 -0.208048
-0.471576 -0.337596 0.456219
-0.422377 -0.375104 -0.02472
-0.894418 0.204145 -0.036416
0.327431 0.054331 0.758761
-0.585138 -0.204748 0.260521
-0.025773 -0.490663 0.61328
-0.780933 -0.001045 -0.209364
-0.141882 -0.584688 0.076758
0.374764 -0.396897 0.52915
0.144191 0.595576 0.333556
0.407539 -0.511607 0.936133
-0.738552 -0.588975 0.057378
-0.332155 -0.456708 -0.025536
0.826526 -0.398034 -0.036564
0.424581 0.532408 -0.266731
0.111904 0.94431 0.144677
-0.435941 0.416939 0.382273
0.180817 -0.785905 0.752658
-0.951159 0.083159 0.257674
-0.124394 0.554654 -0.019454
0.827055 0.398192 -0.035578
-0.191744 0.564116 0.058914
0.520455 -0.215973 -0.028609
0.611209 0.486087 -0.209364
0.301887 0.395819 0.603997
-0.187265 0.299601 -0.278215
0.473778 -0.369509 0.073738
-0.489779 0.172997 -0.106963
-0.453004 -0.103153 -0.303098
-0.899347 0.308898 0.144678
-0.002042 -0.417785 0.693549
0.002844 -0.442088 -0.203208
0.238809 0.53844 0.431533
0.378195 0.38403 0.542194
-0.52313 -0.010653 0.568719
