2306
-0.062937 -0.4938 0.96978
0.06661 -0.210717 -0.109756
-0.197675 -0.456611 -0.210294
-0.266734 -0.445333 0.835289
0.064384 -0.768983 0.674264
-0.021895 -0.596061 0.892357
0.084256 -0.879589 0.137693
-0.282373 -0.324299 0.064584
-0.086309 -0.350968 0.32327
-0.112897 -0.819388 0.558636
-0.144373 -0.876178 0.196253
-0.304856 -0.421604 0.651294
-0.072442 -0.871718 0.390772
0.034967 -0.272767 -0.017588
0.018732 -0.37052 0.265809
0.189842 -0.321306 0.399155
-0.240115 -0.523543 -0.202555
0.062479 -0.274329 -0.152928
-0.101471 -0.193949 -0.067765
-0.212525 -0.339631 -0.181603
-0.142931 -0.37376 0.424638
-0.077818 -0.79878 -0.10969
-0.121278 -0.857468 0.43308
0.08637 -0.283189 0.007618
0.018463 -0.29518 0.007273
0.221784 -0.294399 0.179821
-0.142827 -0.625537 0.848373
-0.135189 -0.334976 0.324006
-0.277818 -0.835131 0.110606
-0.045418 -0.882569 0.327607
0.117926 -0.314651 0.072923
-0.199011 -0.300053 0.138381
-0.20114 -0.680776 -0.170454
-0.080618 -0.874955 0.366695
0.000257 -0.873387 0.397703
0.175293 -0.862162 0.107999
-0.169718 -0.287933 0.069222
0.113092 -0.792818 0.618746
-0.144423 -0.876869 0.23861
0.208444 -0.563824 0.888068
-0.04861 -0.343511 0.368705
-0.087278 -0.540367 0.933709
-0.03473 -0.639428 -0.197665
-0.362745 -0.490962 -0.153061
-0.118744 -0.284115 0.02403
-0.006807 -0.280955 -0.010808
0.129776 -0.193624 -0.101633
0.02811 -0.505023 0.964233
0.057767 -0.367783 0.24354
0.151694 -0.339976 0.222593
-0.083763 -0.36185 0.206932
0.196851 -0.49605 -0.211854
0.182802 -0.621641 0.841792
-0.278248 -0.474246 -0.191851
0.179565 -0.533223 0.921369
0.187502 -0.244607 0.024403
-0.027278 -0.248728 -0.132593
-0.210946 -0.414683 -0.202555
0.171449 -0.330231 0.249297
0.321649 -0.463324 -0.173751
0.086309 -0.350968 0.32327
-0.10706 -0.470858 0.939693
0.117161 -0.205889 -0.053848
0.123997 -0.51384 0.761943
-0.163365 -0.785667 -0.10976
0.20845 -0.306943 0.200932
0.353453 -0.46831 0.396239
0.304915 -0.727934 0.642068
-0.045949 -0.335364 0.078335
-0.397016 -0.734878 0.187554
0.203776 -0.145647 -0.042169
-0.058165 -0.308744 -0.170576
0.290301 -0.336742 0.409449
0.240843 -0.284049 0.244518
0.187948 -0.422231 -0.207374
0.1986 -0.195063 -0.013937
0.359718 -0.491753 0.252587
0.15387 -0.32525 0.137457
-0.062131 -0.592535 0.892879
0.36729 -0.508112 0.361674
-0.291434 -0.424272 0.93828
-0.14965 -0.200986 -0.041936
0.112015 -0.430747 1.002766
0.189797 -0.483163 0.835289
-0.199557 -0.455956 0.905955
-0.139993 -0.25467 0.00067
0.025041 -0.456915 0.995298
-0.055892 -0.367973 0.221111
0.245123 -0.418569 0.545907
-0.270153 -0.356942 0.481784
-0.221784 -0.294399 0.179821
0.246341 -0.800435 -0.06377
0.073088 -0.495587 0.578047
0.220523 -0.640422 -0.182933
0.312126 -0.775493 -0.068336
0.071407 -0.361153 0.177372
-0.167339 -0.836563 -0.015607
-0.040129 -0.88501 0.303738
-0.399946 -0.659394 0.195845
-0.091002 -0.409456 -0.206745
-0.236528 -0.437919 0.905955
0.132401 -0.864249 0.39281
-0.328988 -0.394629 0.496477
0.337654 -0.426973 0.42535
-0.21727 -0.20058 -0.097031
0.028569 -0.289125 0.000444
-0.010748 -0.200927 -0.079807
0.030777 -0.879754 0.111419
-0.388537 -0.587354 0.401444
0.095913 -0.34103 0.348259
0.383324 -0.620656 0.549775
-0.201606 -0.865518 0.238998
0.102583 -0.667538 -0.185603
-0.186764 -0.215314 -0.006135
-0.202191 -0.399313 0.481792
0.088596 -0.35547 0.166733
0.069934 -0.36008 0.297865
0.053226 -0.787343 0.642223
0.2003 -0.680608 -0.170644
-0.059323 -0.607484 0.879424
0.317649 -0.54073 -0.174072
-0.152844 -0.847332 0.013428
-0.368529 -0.512683 0.587752
0.350804 -0.786069 0.01237
-0.180836 -0.476365 0.961617
0.002418 -0.327739 0.056689
-0.08296 -0.512286 0.835444
0.264767 -0.743738 0.641598
-0.347716 -0.464471 0.742946
-0.170674 -0.851568 0.044869
0.196774 -0.205685 -0.106009
-0.007658 -0.853245 -0.014851
-0.241585 -0.194102 -0.083666
-0.325348 -0.404498 0.835288
0.303463 -0.428791 0.798824
0.148877 -0.827555 -0.054342
0.189063 -0.299152 0.349616
0.166001 -0.858023 0.395259
-0.000323 -0.348215 -0.185532
-0.142851 -0.220134 -0.12347
-0.04863 -0.2692 -0.019187
0.046643 -0.305418 0.025656
0.184595 -0.841734 0.016149
0.086106 -0.3331 0.376026
0.276184 -0.778633 0.560974
-0.329968 -0.499467 -0.170913
-0.020911 -0.249344 -0.132593
0.053885 -0.276151 -0.152928
-0.256264 -0.640142 0.794233
0.168659 -0.3319 0.224545
0.086538 -0.518053 0.799316
-0.180864 -0.847399 0.431119
-0.301549 -0.344478 0.004239
0.066932 -0.87725 0.108088
0.371516 -0.723142 0.550829
-0.373321 -0.730736 -0.064358
0.140002 -0.475457 -0.215945
0.264018 -0.810618 -0.017501
-0.022364 -0.877487 0.372367
0.153628 -0.439054 0.972015
-0.062702 -0.183441 -0.084456
0.121238 -0.440366 0.99583
0.011559 -0.419353 -0.206755
0.393283 -0.720769 0.395774
0.038701 -0.36875 0.268441
-0.280894 -0.448161 0.724893
0.050556 -0.269589 -0.018361
0.221186 -0.412174 0.513063
-0.11718 -0.880879 0.243271
0.277652 -0.413198 0.905971
-0.105184 -0.353691 0.183481
0.002031 -0.829819 -0.084518
-0.082201 -0.338628 0.102252
-0.049815 -0.723979 0.746499
-0.037343 -0.292678 0.006314
0.251137 -0.275322 0.39876
-0.097666 -0.35929 0.241616
-0.162892 -0.30282 0.090533
-0.06627 -0.36184 0.175478
-0.01116 -0.841792 0.518216
-0.385703 -0.570868 0.348175
0.137226 -0.301085 0.06258
-0.148845 -0.509358 -0.215947
-0.37832 -0.797197 0.338384
0.356117 -0.460456 0.613391
-0.313517 -0.360246 -0.029174
0.225781 -0.785139 0.58333
-0.03097 -0.879784 0.111658
-0.042288 -0.84863 0.493786
-0.203793 -0.569902 -0.204469
-0.13605 -0.219554 -0.034855
-0.221727 -0.819872 0.494993
0.032197 -0.328306 0.060576
0.393074 -0.759466 0.21518
0.027278 -0.248728 -0.132593
-0.126506 -0.493788 0.96144
0.1609 -0.706046 0.748711
-0.075618 -0.271001 -0.152928
-0.202992 -0.77441 0.619381
0.339854 -0.770736 0.517049
0.118126 -0.339841 0.137325
-0.175386 -0.495378 0.798835
-0.096956 -0.174189 -0.081072
0.023505 -0.852692 -0.015821
-0.179019 -0.348645 -0.189793
-0.011055 -0.81878 0.578895
-0.152526 -0.337299 0.274179
-0.2225 -0.771468 0.614413
0.075594 -0.252095 -0.029927
0.167678 -0.315265 -0.17794
-0.130726 -0.503501 0.651299
-0.279243 -0.837458 0.336089
-0.089186 -0.354542 0.304466
0.167339 -0.836562 -0.015607
-0.043205 -0.770422 0.674335
0.202991 -0.77441 0.619381
-0.272962 -0.79845 -0.04543
-0.016473 -0.280871 -0.152928
0.2457 -0.789152 0.560119
0.371922 -0.773321 0.464361
0.080314 -0.364525 0.399306
-0.151978 -0.813687 0.556914
0.315066 -0.395167 0.150028
-0.146305 -0.186411 -0.053788
-0.245712 -0.84263 0.373125
-0.052511 -0.509323 0.869227
-0.214324 -0.612201 0.841059
-0.128634 -0.328312 0.113697
0.066781 -0.507561 0.959942
-0.119254 -0.872487 0.113807
-0.028169 -0.68276 0.801669
0.128023 -0.317599 0.086983
-0.300293 -0.380933 0.545907
0.357409 -0.813141 0.203127
0.174578 -0.86612 0.329363
-0.267951 -0.536487 0.889404
0.062409 -0.478744 0.939615
-0.205319 -0.296472 0.326639
0.23025 -0.837175 0.044077
0.143949 -0.357371 -0.195263
-0.18259 -0.855097 0.074187
0.380346 -0.711965 0.516472
-0.088596 -0.35547 0.166733
0.272405 -0.794542 0.523878
0.154929 -0.255485 0.011178
0.277374 -0.328423 0.342415
0.315155 -0.652987 0.747385
-0.098982 -0.298371 -0.170516
-0.134565 -0.643737 0.831203
-0.20718 -0.828275 -0.013241
0.300717 -0.834736 0.18261
0.133277 -0.627919 0.848201
0.119646 -0.484055 0.969237
-0.310276 -0.649996 -0.149465
0.225304 -0.565473 -0.201106
0.15223 -0.327454 0.324456
0.387219 -0.698135 -0.017861
0.058883 -0.798818 0.618516
-0.088738 -0.882044 0.17041
0.082884 -0.882956 0.175266
-0.359475 -0.472988 0.539416
0.165232 -0.581374 -0.206777
-0.181296 -0.809791 -0.084499
0.220627 -0.738473 0.676111
-0.130999 -0.397338 -0.206147
0.279023 -0.749342 0.621494
0.142995 -0.868905 0.113726
0.392838 -0.758587 0.27656
-0.188687 -0.765489 0.64379
-0.104237 -0.518377 0.725302
-0.029954 -0.3431 0.091751
-0.375202 -0.619271 0.610386
0.047725 -0.245625 -0.132593
0.306918 -0.364758 0.420965
0.221725 -0.819872 0.494994
0.036429 -0.64124 0.847723
-0.131834 -0.329043 0.347708
-0.05016 -0.868438 0.051511
-0.366946 -0.75475 0.52565
-0.337561 -0.426625 0.040713
-0.280822 -0.373981 0.51308
0.110326 -0.499388 0.615659
0.162892 -0.30282 0.090533
-0.048169 -0.345235 -0.185581
0.151429 -0.319966 0.349075
0.347716 -0.464471 0.742947
0.24286 -0.819373 -0.010502
0.333934 -0.748469 0.57732
0.275539 -0.813368 0.462281
0.20018 -0.489308 0.761945
0.014091 -0.861083 0.013877
0.174263 -0.412338 0.481784
-0.365522 -0.530925 0.658573
-0.039611 -0.278551 -0.152928
0.22846 -0.293194 0.255957
0.304856 -0.421604 0.651295
-0.241371 -0.226395 -0.111423
0.079063 -0.44961 -0.212862
0.171984 -0.866372 0.13513
0.116615 -0.226021 -0.038514
-0.096339 -0.359508 0.221337
-0.008508 -0.372251 0.240045
-0.356358 -0.808656 0.138903
-0.097909 -0.795044 0.618365
-0.176138 -0.243832 -0.138078
-0.253501 -0.700136 -0.147964
-0.357848 -0.472858 -0.00481
-0.119646 -0.484055 0.969237
0.283881 -0.578512 0.845592
0.094845 -0.875392 0.113218
0.384985 -0.65567 0.531698
0.270153 -0.356942 0.481784
-0.331297 -0.426742 0.308199
0.328988 -0.394629 0.496477
0.127538 -0.548142 0.92128
-0.173755 -0.237033 0.004748
0.181635 -0.319611 0.173895
0.189048 -0.32078 0.223772
-0.045379 -0.886748 0.270287
0.343266 -0.430266 0.492558
0.174795 -0.326262 0.275027
0.031921 -0.279537 -0.152928
-0.061262 -0.523797 0.796856
-0.329629 -0.522687 0.824917
0.219825 -0.205719 0.014165
0.062937 -0.4938 0.96978
0.307451 -0.314232 -0.14001
-0.211774 -0.305735 0.252614
-0.086329 -0.3592 0.186419
-0.086635 -0.311483 0.048593
0.056323 -0.817112 0.578442
-0.348577 -0.637535 0.716925
0.008357 -0.550488 0.931128
-0.229048 -0.465839 0.835289
-0.30239 -0.514234 0.892288
0.035956 -0.867113 0.04223
-0.271266 -0.786419 -0.079403
-0.279038 -0.587744 -0.181711
0.321193 -0.347876 -0.147917
0.101753 -0.487308 0.905971
-0.314893 -0.42591 -0.172314
-0.02811 -0.505023 0.964233
-0.225575 -0.280406 0.329092
0.234576 -0.38137 0.481768
0.37832 -0.797197 0.338384
-0.305374 -0.392868 0.905943
-0.395469 -0.665985 0.053921
0.18345 -0.179262 -0.0841
0.068501 -0.274408 -0.008797
0.352332 -0.674106 -0.115497
0.174729 -0.87074 0.200002
-0.262333 -0.847448 0.179916
-0.066415 -0.827164 -0.084504
-0.301059 -0.836046 0.247432
0.350315 -0.641394 -0.131767
0.346856 -0.461316 0.232995
-0.112941 -0.875608 0.335515
-0.114075 -0.840394 0.499031
0.349906 -0.737236 -0.07659
-0.135764 -0.696291 -0.170628
0.331483 -0.386289 -0.099623
0.383856 -0.581695 0.506662
-0.025802 -0.888288 0.241976
0.182984 -0.496377 0.724891
-0.223549 -0.703265 0.728667
0.02644 -0.656479 0.83192
0.061218 -0.885616 0.275146
-0.260402 -0.308731 0.174348
-0.180423 -0.431475 0.51308
0.267951 -0.536487 0.889405
0.060474 -0.685538 0.795869
-0.291839 -0.342867 0.394711
-0.124091 -0.347814 0.185496
0.112809 -0.169928 -0.078033
0.272975 -0.695375 -0.143777
0.378706 -0.666544 -0.101283
0.320698 -0.363768 0.54567
0.223549 -0.703264 0.728667
-0.102036 -0.22329 -0.046481
0.052098 -0.877266 0.365584
0.03559 -0.882896 0.137703
0.05867 -0.755798 0.697359
-0.247835 -0.66779 -0.165333
-0.129899 -0.318595 0.376017
-0.284938 -0.622585 -0.169975
-0.360819 -0.731883 0.585361
-0.054437 -0.565462 -0.212883
0.14965 -0.200986 -0.041936
0.129899 -0.318595 0.376017
-0.371516 -0.723142 0.550829
0.233862 -0.453056 0.871079
-0.22846 -0.293194 0.255957
-0.032447 -0.34731 0.103226
0.098755 -0.33585 0.106495
0.351175 -0.447968 0.52592
-0.007442 -0.887956 0.270277
-0.31067 -0.813366 0.054963
-0.189767 -0.493698 0.724893
0.066189 -0.288585 0.007701
0.159757 -0.505261 -0.21566
0.231046 -0.659434 0.782594
-0.382536 -0.764269 0.056823
0.382536 -0.764269 0.056823
-0.002249 -0.261588 -0.03155
-0.052925 -0.347208 0.109604
-0.25453 -0.459754 0.798835
-0.227638 -0.456336 0.871093
-0.054418 -0.363017 0.296326
-0.285504 -0.830246 0.371395
-0.045974 -0.188073 -0.084577
-0.101753 -0.487308 0.905971
-0.152912 -0.224251 -0.021491
-0.098484 -0.75118 0.698045
0.278063 -0.829852 0.078995
-0.284669 -0.315594 0.452246
-0.212365 -0.773888 -0.109807
0.203721 -0.440317 0.54589
-0.018767 -0.367142 0.292861
-0.37694 -0.699252 -0.083666
0.067714 -0.526324 0.722858
-0.104486 -0.349939 0.160665
-0.124041 -0.842762 -0.019916
0.026338 -0.873399 0.071289
0.072119 -0.298688 0.023097
-0.189722 -0.284796 0.086444
0.128455 -0.192886 -0.057983
-0.378594 -0.749557 -0.004171
-0.14463 -0.24429 -0.007534
-0.302364 -0.31862 -0.089185
-0.16426 -0.754336 0.673741
0.357848 -0.472858 -0.00481
-0.169505 -0.324839 0.299997
0.025213 -0.801976 0.61554
0.068122 -0.272982 -0.152928
-0.168742 -0.319104 0.324973
-0.040939 -0.246847 -0.132593
0.088327 -0.390928 0.425203
0.002212 -0.25025 -0.132592
-0.194303 -0.31873 0.399138
0.307468 -0.408845 0.615238
-0.047002 -0.312878 0.03697
-0.15361 -0.864555 0.37085
0.096517 -0.855694 0.453322
-0.028079 -0.655245 0.833206
-0.279023 -0.749342 0.621494
0.175358 -0.463298 -0.213488
-0.225264 -0.725952 0.694049
0.325348 -0.404498 0.835288
0.094235 -0.350233 0.148804
-0.047272 -0.277354 -0.152928
-0.375178 -0.531594 0.389736
0.197212 -0.312971 0.276385
0.182139 -0.151452 -0.053955
-0.024206 -0.28031 -0.152928
0.005628 -0.281391 -0.15295
0.110905 -0.367076 -0.197655
-0.064788 -0.526566 0.759935
0.391437 -0.753358 0.337708
-0.117926 -0.314651 0.072923
0.225575 -0.280406 0.329092
0.104458 -0.326834 0.088852
-0.139133 -0.272768 0.021514
-0.346856 -0.461316 0.232996
0.028498 -0.360904 0.320788
0.134048 -0.164175 -0.072679
0.074456 -0.238885 -0.132593
-0.129865 -0.437121 -0.212875
-0.191135 -0.647958 -0.185522
0.034902 -0.639228 -0.197631
0.30239 -0.514233 0.892289
0.054418 -0.363017 0.296326
-0.12684 -0.348995 0.262039
-0.016594 -0.350321 0.108278
0.124041 -0.842762 -0.019916
0.268579 -0.255676 -0.068366
-0.096831 -0.344504 0.130459
0.190772 -0.165997 -0.039818
0.400962 -0.686485 0.221326
-0.113128 -0.353746 0.206121
0.064707 -0.880412 0.336252
-0.231046 -0.659433 0.782595
-0.257139 -0.296555 0.121443
-0.18757 -0.820978 0.517749
0.280183 -0.843004 0.2073
0.356358 -0.808656 0.138902
0.025734 -0.724077 0.748177
-0.306249 -0.798619 -0.008127
0.108649 -0.498254 0.871093
-0.160927 -0.681263 0.780992
-0.293385 -0.813327 0.439317
0.043074 -0.367135 0.188431
0.248335 -0.837746 0.071055
0.305374 -0.392868 0.905943
0.322711 -0.813067 0.390814
-0.145823 -0.420323 1.002847
0.355961 -0.47767 0.1076
-0.351468 -0.460854 0.706097
-0.12416 -0.496149 0.615251
0.387507 -0.577603 0.20314
-0.018509 -0.37052 0.265975
-0.161507 -0.393325 0.45222
0.137584 -0.338846 0.163275
-0.394549 -0.639255 0.411989
-0.338898 -0.60141 0.767458
-0.084882 -0.768564 -0.132602
0.275916 -0.839549 0.138923
0.062747 -0.528444 -0.215945
0.350399 -0.600201 0.732109
-0.047725 -0.245625 -0.132593
0.322703 -0.418956 0.724893
-0.193346 -0.378529 0.452241
0.066931 -0.206488 -0.069075
0.389073 -0.601199 0.017988
0.072525 -0.871317 0.074283
0.376991 -0.743575 0.491628
0.229008 -0.797653 -0.084418
-0.050146 -0.351421 0.346045
0.220864 -0.837689 0.431654
0.047334 -0.884484 0.305867
0.091121 -0.786454 0.63739
0.012586 -0.367327 0.293268
0.144224 -0.872133 0.325667
0.052781 -0.364024 0.175293
0.135189 -0.334976 0.324006
0.357924 -0.807491 0.331835
0.064143 -0.365477 0.264969
0.124806 -0.247683 -0.014997
0.314278 -0.558191 0.849374
-0.247567 -0.366909 -0.182646
-0.063792 -0.758657 0.691965
0.332838 -0.498003 -0.169541
0.386582 -0.632817 -0.05334
0.09366 -0.447022 0.995812
0.020911 -0.249344 -0.132593
-0.21146 -0.710964 -0.152884
0.201957 -0.855142 0.366931
-0.195287 -0.460057 0.580026
0.068051 -0.420443 0.450485
0.348523 -0.432114 0.651789
-0.068028 -0.49292 0.905943
-0.311037 -0.427688 0.724894
-0.312739 -0.38812 -0.164931
-0.074919 -0.361942 0.278732
-0.013565 -0.219687 -0.066904
-0.061382 -0.288467 0.006116
-0.279853 -0.435305 -0.18757
-0.013535 -0.249853 -0.132593
-0.322933 -0.681488 -0.128531
0.006729 -0.364724 0.158595
-0.006137 -0.611476 0.878331
-0.173395 -0.360787 0.42462
-0.103021 -0.729246 0.730827
0.319734 -0.796934 0.462594
-0.04144 -0.217266 -0.109757
-0.070276 -0.443023 0.479955
0.067601 -0.337506 0.37571
-0.343546 -0.431402 0.493213
0.161692 -0.313166 0.113218
0.066668 -0.885526 0.197406
7.1e-05 -0.371057 0.264641
0.07414 -0.504308 0.871069
0.131834 -0.329043 0.347709
-0.071974 -0.451054 -0.212866
-0.057767 -0.367783 0.24354
-0.277363 -0.327818 0.122522
0.195848 -0.511418 0.933438
-0.114069 -0.878168 0.308216
-0.388902 -0.618179 -0.01707
0.305566 -0.432881 0.904972
-0.034615 -0.247813 -0.132593
-0.228592 -0.293943 0.231178
-0.014422 -0.369197 0.187085
0.049774 -0.354278 0.130287
0.076326 -0.733738 0.729009
-0.182891 -0.499797 -0.213777
-0.03569 -0.826832 0.557344
0.316361 -0.399673 0.871069
0.071693 -0.516835 0.649253
0.34022 -0.401126 0.687928
0.10314 -0.331036 0.369246
-0.371073 -0.516275 0.02487
0.14106 -0.4326 -0.212365
0.146352 -0.746568 0.693031
-0.333935 -0.748469 0.57732
-0.089016 -0.207699 -0.062555
-0.187502 -0.244607 0.024403
-0.386896 -0.780542 0.181338
-0.236023 -0.21775 -0.018492
0.105184 -0.353691 0.183481
0.272106 -0.552267 -0.190506
-0.104864 -0.345824 0.323461
-0.349307 -0.641119 -0.132449
-0.070123 -0.193531 -0.076854
-0.325538 -0.40511 0.397754
0.160278 -0.590344 0.878142
0.306249 -0.798619 -0.008127
-0.160315 -0.208148 -0.030413
0.048824 -0.7076 -0.170762
-0.116914 -0.515583 0.761945
0.16519 -0.261288 0.025738
0.209577 -0.225457 0.023881
0.299801 -0.372583 0.237847
-0.146357 -0.83691 0.494272
-0.031109 -0.371033 0.241706
0.187065 -0.780438 -0.109694
-0.042526 -0.358705 0.143014
0.301058 -0.836046 0.247432
-0.108649 -0.498254 0.871093
0.320566 -0.576615 -0.167004
-0.28437 -0.425009 0.615258
0.375177 -0.531591 0.389736
-0.241413 -0.634248 -0.180185
-0.280182 -0.843004 0.2073
0.376888 -0.537975 0.114432
0.371637 -0.605855 0.635824
-0.201957 -0.855142 0.366932
-0.232634 -0.857343 0.207214
0.08726 -0.589627 0.89273
-0.149737 -0.875432 0.265413
-0.281101 -0.342334 0.254707
0.251907 -0.277028 0.070955
-0.33228 -0.406984 0.798773
0.200708 -0.305917 0.302817
0.144311 -0.321459 0.112982
-0.066931 -0.206488 -0.069075
-0.315156 -0.652987 0.747385
-0.064463 -0.878403 0.114763
0.359257 -0.472174 0.538615
0.102773 -0.289477 0.022957
-0.014033 -0.249825 -0.132593
0.102462 -0.240508 -0.031705
0.027774 -0.248673 -0.132593
0.223174 -0.845652 0.075847
-0.138688 -0.777928 0.640218
-0.262218 -0.717511 0.687732
-8.6e-05 -0.340071 0.08169
0.016722 -0.35531 0.343719
0.362827 -0.491368 -0.153016
-0.017313 -0.313797 -0.170616
-0.05723 -0.339817 0.374548
0.183852 -0.749832 0.67364
-0.223307 -0.169476 -0.064571
-0.070009 -0.733379 0.730612
-0.380116 -0.550022 0.206131
-0.16501 -0.468761 0.970259
-0.073683 -0.885037 0.266252
0.222954 -0.168921 -0.0644
-0.367895 -0.510354 0.121096
0.088733 -0.415647 0.452246
-0.345249 -0.673775 0.698773
0.052513 -0.736424 0.728118
0.383023 -0.56087 0.083645
-0.300717 -0.834736 0.18261
-0.080766 -0.882059 0.306355
0.064788 -0.526566 0.759935
0.140398 -0.221178 -0.124352
-0.201181 -0.460009 0.966788
-0.14364 -0.286403 -0.1657
0.053331 -0.350483 0.347412
-0.091101 -0.357111 0.28689
0.032749 -0.366307 0.2922
0.11294 -0.875608 0.335515
-0.231351 -0.736628 0.673508
0.059185 -0.309812 0.035476
-0.065205 -0.395578 0.422974
0.001987 -0.839953 -0.057006
0.133346 -0.807608 0.579731
0.023235 -0.888024 0.261189
0.024689 -0.697989 0.782994
0.278009 -0.588646 -0.181782
0.101471 -0.193949 -0.067765
0.257747 -0.338062 0.452234
0.260667 -0.310504 0.187894
0.165101 -0.493384 0.651295
0.03756 -0.353142 0.345509
0.069167 -0.855942 0.462414
-0.045408 -0.30095 0.018926
-0.135491 -0.340608 0.299199
-0.146686 -0.746202 0.693479
0.044412 -0.335611 0.078395
-0.063081 -0.653218 0.832754
-0.05298 -0.27632 -0.152928
-0.175292 -0.862162 0.107998
-0.117258 -0.408705 0.45222
-0.116616 -0.226021 -0.038514
0.336447 -0.445775 0.798797
-0.210959 -0.391779 1.002827
-0.278484 -0.332003 0.328005
0.014008 -0.345756 0.095785
0.215764 -0.276609 0.108265
-0.16519 -0.261288 0.025738
0.345343 -0.455669 0.154598
-0.254083 -0.328496 -0.167004
0.261072 -0.360216 1.002903
0.086479 -0.264329 -0.014152
0.086622 -0.825282 -0.084631
0.184619 -0.477082 0.615238
-0.359359 -0.490325 0.210829
0.020415 -0.249385 -0.132593
0.079757 -0.824409 0.555714
-0.072803 -0.480724 0.543955
-0.117943 -0.347229 0.298463
-0.240843 -0.284049 0.244518
0.149235 -0.855098 0.042762
-0.177486 -0.387015 -0.201379
-0.376549 -0.790589 0.08241
-0.267644 -0.82635 0.045546
0.339802 -0.405166 0.725158
-0.161673 -0.235062 -0.0058
0.074919 -0.361942 0.278733
0.344655 -0.45317 0.33093
0.075803 -0.363252 0.202557
0.353573 -0.704843 0.643173
0.32886 -0.394152 -0.030351
-0.086908 -0.228304 -0.047547
0.025257 -0.313272 -0.170615
-0.189797 -0.483163 0.835289
-0.129168 -0.792203 0.614921
-0.074326 -0.671543 -0.185566
-0.182924 -0.322694 0.19964
0.275831 -0.415044 0.969364
-0.195041 -0.293538 0.113147
-0.151429 -0.319966 0.349075
-0.112968 -0.325004 0.376036
0.220031 -0.296945 0.279991
-0.020456 -0.358253 0.13382
0.310436 -0.349542 0.51277
-0.372256 -0.642292 0.620023
0.112539 -0.336021 0.347927
-0.389073 -0.6012 0.017988
-0.339491 -0.433899 0.40705
0.052637 -0.858295 0.008967
-0.06731 -0.295745 0.017451
-0.151694 -0.339976 0.222593
-0.094503 -0.458117 0.5133
0.113348 -0.867938 0.079614
0.328328 -0.415519 0.362393
-0.201799 -0.850768 0.392591
0.166871 -0.39099 0.452234
0.163868 -0.194603 -0.03845
0.324166 -0.687635 0.693801
0.125062 -0.182869 -0.065916
-0.25156 -0.27546 0.399173
-0.008732 -0.281218 -0.152927
0.038331 -0.353468 0.122621
-0.296726 -0.425839 0.835284
0.22101 -0.291544 0.303343
0.063455 -0.365501 0.200486
0.363671 -0.488649 -0.038665
0.297307 -0.363273 0.142073
0.203696 -0.236489 -0.128531
-0.003901 -0.654339 0.834809
0.248652 -0.733626 -0.129261
0.151744 -0.33165 0.158347
-0.224044 -0.361378 0.45222
0.283682 -0.312041 0.008148
0.105672 -0.67574 0.800945
-0.111009 -0.367335 -0.197645
0.096308 -0.517112 0.687863
0.015832 -0.242953 -0.048275
0.250794 -0.810377 0.498483
0.229654 -0.456989 0.615252
-0.190772 -0.165997 -0.039818
-0.150417 -0.870834 0.327671
-0.171138 -0.497409 0.687928
0.248288 -0.433002 0.968769
-0.145901 -0.867623 0.108292
-0.154278 -0.294599 0.065915
0.141273 -0.343628 0.208384
-0.121635 -0.504652 0.835289
-0.031857 -0.801573 0.616002
-0.364931 -0.698565 0.608317
0.289476 -0.466002 0.932718
0.272962 -0.79845 -0.045431
0.214324 -0.612201 0.841059
0.141501 -0.6701 0.799839
0.076529 -0.345796 0.118302
0.152865 -0.333137 0.299329
-0.268896 -0.2962 0.424465
0.12726 -0.268771 0.009321
0.168816 -0.719137 0.727576
0.176738 -0.660432 0.801262
0.159539 -0.331397 0.175026
0.29855 -0.333352 0.481571
-0.027537 -0.829358 -0.084634
-0.148349 -0.507683 0.724893
0.089086 -0.193921 -0.071809
-0.174827 -0.8708 0.264754
-0.116846 -0.450241 0.972015
0.236023 -0.21775 -0.018492
0.300574 -0.353401 -0.159469
-0.100508 -0.320617 0.072892
-0.036613 -0.365542 0.294436
-0.092075 -0.831211 -0.067201
0.255181 -0.682865 0.741897
0.36099 -0.484573 0.629197
0.284615 -0.315558 0.452043
-0.334231 -0.384976 -0.153568
-0.178146 -0.20253 -0.023224
0.048673 -0.839998 0.519712
-0.114156 -0.207742 -0.053795
-0.060574 -0.274755 -0.152928
-0.340561 -0.524188 0.789399
-0.098699 -0.515935 0.798412
-0.329639 -0.420556 0.124338
0.037678 -0.278819 -0.152928
0.18216 -0.492804 0.798828
-0.040266 -0.872359 0.398584
-0.185003 -0.184622 -0.031807
0.263674 -0.288925 -0.145026
-0.145678 -0.356908 -0.195065
-0.317993 -0.801189 0.017219
-0.113165 -0.881105 0.207109
-0.092208 -0.247948 -0.028675
0.236091 -0.266423 0.343215
0.395341 -0.624589 0.120103
-0.11409 -0.630102 -0.197631
-0.356773 -0.813289 0.266956
-0.174263 -0.412338 0.481784
0.361376 -0.480082 -0.115907
-0.337093 -0.407269 0.761841
-0.051853 -0.380175 -0.197623
-0.201116 -0.86277 0.304033
-0.193362 -0.229492 0.012978
0.379873 -0.802994 0.210145
0.326525 -0.825901 0.198109
0.20356 -0.379368 -0.195932
-0.383324 -0.620656 0.549774
-0.210927 -0.303677 -0.166602
0.169505 -0.324839 0.299997
-0.368995 -0.526276 -0.147917
0.1476 -0.309199 0.087519
0.301549 -0.344478 0.004239
-0.310606 -0.349458 0.512851
0.093105 -0.203782 -0.108247
-0.144353 -0.252391 -0.145904
0.00026 -0.759308 0.695282
0.036496 -0.561457 0.921382
-0.299556 -0.412477 0.871073
0.057616 -0.359713 0.156397
0.230297 -0.830333 0.015922
0.200248 -0.836894 0.455646
-0.077254 -0.845953 0.494735
-0.067714 -0.526324 0.722858
-0.209673 -0.861939 0.179642
-0.122341 -0.73195 -0.152934
0.141384 -0.828613 0.522119
0.070276 -0.443023 0.479955
-0.230099 -0.827463 0.461942
-0.233363 -0.474287 0.761943
0.323672 -0.423564 -0.167671
-0.369386 -0.568641 0.648691
0.169942 -0.272082 0.044314
-0.011705 -0.84938 0.49465
0.368995 -0.526276 -0.147917
0.092248 -0.300418 -0.170686
0.357271 -0.669978 0.663782
-0.336447 -0.445775 0.798797
0.259795 -0.388883 0.51308
-0.017607 -0.345291 0.371748
0.362961 -0.485998 0.572943
0.305664 -0.71835 -0.116034
-0.171449 -0.330231 0.249297
0.017619 -0.371166 0.209478
-0.379706 -0.802372 0.274375
-0.001381 -0.350207 0.106937
0.08098 -0.274721 -0.004482
0.10036 -0.76423 0.675931
0.171198 -0.497598 0.687919
0.007095 -0.456316 -0.212878
-0.010799 -0.741849 -0.152965
-0.01476 -0.364505 0.158578
0.232033 -0.298022 -0.1591
-0.165816 -0.57237 0.892847
0.315726 -0.778251 0.524104
-0.003746 -0.358291 0.131952
0.156102 -0.485369 0.87108
-0.165558 -0.784641 0.616607
-0.248334 -0.837746 0.071055
0.355494 -0.798245 0.395511
0.270289 -0.301981 0.053469
-0.08637 -0.283189 0.007618
-0.316361 -0.399673 0.871069
0.339412 -0.433604 0.059059
0.038482 -0.316702 0.041375
-0.034543 -0.205612 -0.075145
0.091748 -0.84933 -0.011523
0.140285 -0.789592 0.616493
-0.261072 -0.360216 1.002903
-0.357923 -0.807492 0.331835
-0.020415 -0.249385 -0.132593
0.292711 -0.282604 -0.129899
-0.287971 -0.66757 0.744685
-0.121238 -0.440366 0.99583
0.02699 -0.262508 -0.029295
-0.383856 -0.581695 0.506662
0.161673 -0.235062 -0.0058
0.1675 -0.279491 -0.160604
0.152912 -0.224251 -0.021491
0.388878 -0.743807 0.398293
-0.066614 -0.27335 -0.15292
0.355605 -0.580152 0.720821
-0.048214 -0.24553 -0.132593
0.105488 -0.272728 0.002868
-0.204536 -0.272174 0.082537
-0.188107 -0.258177 0.042147
-0.072717 -0.507652 0.613226
0.151644 -0.282932 0.044716
-0.331483 -0.38629 -0.099623
-0.371922 -0.773321 0.464361
-0.193458 -0.49213 0.761948
-0.234962 -0.324191 0.424598
0.188687 -0.765489 0.64379
-0.207374 -0.844738 0.051245
0.23109 -0.423793 0.93967
0.044007 -0.233861 -0.052978
-0.069829 -0.314318 0.046348
-0.117507 -0.350322 0.279879
0.168887 -0.178029 -0.046671
0.176067 -0.467638 0.580042
0.244948 -0.851306 0.30506
0.061184 -0.242623 -0.132593
0.262218 -0.717511 0.687732
0.125527 -0.851565 0.454663
0.046098 -0.368575 0.207453
-0.127538 -0.548142 0.92128
-0.270476 -0.432196 0.87108
0.231809 -0.841857 0.398941
-0.392388 -0.683299 0.018621
0.062145 -0.886487 0.242893
0.075539 -0.364444 0.221646
0.134836 -0.874012 0.145695
-0.219825 -0.205719 0.014165
0.372256 -0.642292 0.620023
0.088226 -0.360352 0.265843
0.087457 -0.86842 0.40099
0.048214 -0.24553 -0.132593
0.256716 -0.40242 -0.1893
0.073204 -0.357033 0.157228
-0.189063 -0.299152 0.349616
0.143742 -0.685715 0.780199
0.167728 -0.311589 0.349444
-0.181635 -0.319611 0.173895
-0.045002 -0.233239 -0.053315
-0.015849 -0.298448 0.011332
-0.239139 -0.737004 -0.130069
-0.1609 -0.706046 0.748711
0.04143 -0.246765 -0.132593
0.205319 -0.296472 0.326639
-0.232219 -0.486579 -0.205447
-0.220864 -0.837689 0.431654
0.346898 -0.606566 -0.145946
0.057313 -0.339817 0.37458
0.071864 -0.463162 0.511183
0.242522 -0.434542 0.905948
-0.350517 -0.70599 -0.098351
0.077745 -0.215646 -0.059982
-0.160277 -0.590344 0.878142
0.083056 -0.268815 -0.152928
0.074675 -0.364291 0.252885
0.036634 -0.885819 0.171979
-0.046026 -0.453958 0.996087
-0.223798 -0.407779 0.972016
-0.203776 -0.145647 -0.042169
-0.097435 -0.81179 0.581892
0.229383 -0.404584 0.972009
-0.05716 -0.518037 0.83337
0.022261 -0.280471 -0.152928
0.38649 -0.779027 0.306977
0.17356 -0.319803 0.153933
-0.395341 -0.624589 0.120103
-0.168659 -0.3319 0.224545
-0.117422 -0.168619 -0.077073
0.308894 -0.759103 0.577398
-0.17356 -0.319803 0.153933
-0.105524 -0.352162 0.292625
-0.211894 -0.475295 0.651284
0.02671 -0.23498 -0.054174
0.275894 -0.816443 0.016386
0.122998 -0.877188 0.305984
0.291177 -0.340014 0.065471
0.153615 -0.531641 0.928929
0.276561 -0.726572 -0.123901
0.220333 -0.448601 0.580026
-0.213182 -0.801946 -0.084621
0.122076 -0.259553 -0.003943
-0.1986 -0.195063 -0.013937
-0.317978 -0.479206 0.866653
0.202346 -0.862738 0.301443
0.113402 -0.828234 -0.06809
-0.350804 -0.786069 0.01237
0.039309 -0.358777 0.141703
-0.261623 -0.313291 0.228526
-0.259735 -0.406953 0.939677
0.279244 -0.837458 0.336089
0.25427 -0.827169 0.435906
-0.095913 -0.34103 0.348259
-0.09449 -0.875454 0.113377
0.359406 -0.633814 0.681538
-0.373076 -0.777629 0.019594
0.293896 -0.620646 0.797744
0.184797 -0.309751 0.326094
0.245228 -0.330904 -0.17041
0.205854 -0.453262 0.905971
-0.262895 -0.4491 0.651284
-0.325548 -0.600251 0.802152
-0.183514 -0.427527 0.972031
-0.156781 -0.532546 0.927505
0.112968 -0.325004 0.376036
0.139993 -0.25467 0.000669
0.383621 -0.569008 0.002817
-0.150497 -0.488647 0.960352
0.388902 -0.618179 -0.017071
-0.024144 -0.860271 0.011847
0.1199 -0.353506 0.399138
-0.136033 -0.333071 0.137337
0.266608 -0.436463 0.615251
0.386804 -0.736067 0.032954
0.262895 -0.4491 0.651284
0.023592 -0.737648 0.728509
0.158186 -0.456049 0.93967
0.380012 -0.549633 0.229258
-0.218865 -0.283331 0.130765
-0.055341 -0.353825 0.131433
-0.234576 -0.38137 0.481768
-0.029431 -0.36753 0.181445
-0.311933 -0.423805 0.687919
0.348376 -0.531801 -0.159469
0.35185 -0.503194 0.738652
-0.381326 -0.759755 0.431033
0.36842 -0.760249 -0.042068
0.379706 -0.802372 0.274375
0.28097 -0.341281 0.269465
-0.223175 -0.845652 0.075848
0.191158 -0.805907 0.555665
0.09697 -0.174246 -0.081036
0.01622 -0.596472 0.892066
0.292459 -0.383964 0.939666
0.20718 -0.828275 -0.01324
0.178146 -0.20253 -0.023224
0.016057 -0.791213 0.638005
-0.236479 -0.473235 0.724891
-0.230251 -0.837175 0.044077
0.168743 -0.319103 0.324973
0.169282 -0.316011 0.132813
0.179019 -0.348645 -0.189793
0.240216 -0.281771 0.192512
-0.035392 -0.851816 -0.017398
0.2225 -0.771468 0.614412
-0.385308 -0.774616 0.118771
-0.169942 -0.272082 0.044314
-0.023017 -0.281921 -0.008754
-0.177096 -0.277481 -0.158405
-0.141384 -0.828613 0.522119
-0.324325 -0.575608 -0.165424
0.202813 -0.85968 0.135053
-0.156206 -0.546103 -0.212891
-0.091987 -0.848527 -0.014131
0.232572 -0.856908 0.271737
0.189075 -0.866407 0.175423
0.157351 -0.391749 -0.204154
0.083933 -0.884441 0.256097
0.23507 -0.377711 1.002809
-0.169282 -0.316011 0.132813
0.354347 -0.453849 -0.155879
0.203487 -0.864587 0.264329
-0.164385 -0.858798 0.392898
-0.345368 -0.438135 -0.010398
-0.317559 -0.351977 -0.095727
0.167906 -0.634923 0.832204
0.338585 -0.395282 0.652233
0.188899 -0.808111 -0.084518
-0.121113 -0.878666 0.178004
-0.074907 -0.862867 0.034398
-0.006976 -0.886006 0.302097
-0.345961 -0.766277 -0.054312
0.345249 -0.673775 0.698773
0.050315 -0.294521 0.011222
-0.182447 -0.821107 -0.053651
0.384787 -0.567456 0.347906
-0.397207 -0.735413 0.27716
0.364931 -0.698565 0.608317
0.224044 -0.361377 0.45222
-0.016653 -0.604173 -0.206757
0.045974 -0.188073 -0.084577
-0.034122 -0.247882 -0.132593
-0.075728 -0.323355 0.064866
-0.16539 -0.301668 0.376023
0.226078 -0.448209 0.966855
-0.120674 -0.304515 0.056408
-0.211875 -0.306205 0.227425
0.061273 -0.35454 0.137343
-0.013026 -0.241476 -0.049676
-0.118585 -0.353023 0.232254
0.300217 -0.391458 -0.171397
0.199011 -0.300053 0.138381
0.216163 -0.65078 0.79881
-0.232518 -0.442203 0.580049
0.065205 -0.395578 0.422974
-0.110099 -0.867322 0.393414
0.10432 -0.456006 0.51344
0.098723 -0.751195 0.697978
-0.097466 -0.864286 0.050958
0.15555 -0.864885 0.36628
0.189722 -0.284796 0.086444
-0.138066 -0.446933 0.513063
-0.306918 -0.364758 0.420965
0.144353 -0.252391 -0.145904
-0.215851 -0.279232 0.352548
0.237687 -0.2724 0.143803
0.072717 -0.507652 0.613226
-0.384906 -0.689503 0.510889
0.289084 -0.753178 -0.09938
-0.025794 -0.267516 -0.024251
0.140069 -0.757731 0.67632
0.345368 -0.438135 -0.010398
0.062961 -0.653467 0.832493
-0.285948 -0.50987 -0.189395
-0.104307 -0.260491 -0.011295
-0.12665 -0.598502 0.878102
-0.251907 -0.277028 0.070955
0.105285 -0.220518 -0.04752
-0.244817 -0.250569 0.023973
0.050827 -0.872097 0.070023
0.257885 -0.299339 0.336038
-0.15387 -0.325249 0.137457
-0.135137 -0.724998 0.729428
0.082201 -0.338628 0.102252
0.089186 -0.354542 0.304467
-0.026093 -0.25439 -0.037276
-0.004838 -0.886533 0.171644
-0.22101 -0.291544 0.303343
-0.037678 -0.278819 -0.152928
-0.313894 -0.390552 0.338838
-0.250795 -0.810376 0.498483
-0.398408 -0.705763 0.132467
-0.137922 -0.875147 0.303064
-0.308245 -0.429408 0.761943
0.069121 -0.240633 -0.042227
-0.161692 -0.313166 0.113218
-0.096176 -0.517215 0.688506
0.236479 -0.473235 0.724891
0.170365 -0.540095 -0.212686
0.277929 -0.827677 0.399465
0.284355 -0.393095 0.54589
-0.068501 -0.274408 -0.008797
-0.391095 -0.649725 0.470934
0.201799 -0.850768 0.392591
0.222589 -0.46887 0.835284
-0.209577 -0.225456 0.023881
0.029299 -0.368362 0.187238
-0.32605 -0.821498 0.327308
0.335314 -0.504423 0.811112
0.260778 -0.310137 0.282814
0.044547 -0.865132 0.431755
0.029981 -0.279751 -0.152928
-0.163437 -0.466499 -0.21458
0.193345 -0.37853 0.452241
-0.002556 -0.221099 -0.109757
0.067846 -0.240845 -0.132593
0.0429 -0.546943 0.932611
-0.076286 -0.350583 0.133709
-0.314075 -0.716521 -0.113031
-0.087571 -0.183751 -0.078331
0.005862 -0.299099 0.011675
0.236833 -0.759639 0.629396
0.397438 -0.650037 0.358677
-0.220895 -0.26123 0.086429
-0.37442 -0.689848 0.573428
-0.17633 -0.799116 0.580268
-0.353573 -0.704843 0.643173
-0.24286 -0.819373 -0.010503
-0.379003 -0.563617 -0.07948
0.178293 -0.420226 0.996018
-0.032539 -0.697532 0.783161
-0.007144 -0.250117 -0.132593
-0.069254 -0.338987 0.095711
0.373313 -0.52463 -0.031282
0.244817 -0.25057 0.023973
-0.115975 -0.432366 0.481784
-0.24476 -0.443987 -0.199555
-0.320756 -0.8145 0.080181
0.197342 -0.84679 0.049342
-0.202812 -0.85968 0.135053
-0.062353 -0.258045 -0.027683
-0.088226 -0.360352 0.265844
-0.283881 -0.578512 0.845592
-0.080539 -0.767839 0.673631
-0.186716 -0.289038 0.376044
0.02008 -0.88536 0.307695
-0.369325 -0.50975 0.530927
0.028022 -0.757532 0.697285
0.19565 -0.470821 0.87108
-0.074456 -0.238885 -0.132593
0.058519 -0.184446 -0.084578
-0.174578 -0.86612 0.329363
-0.01803 -0.35463 0.345559
0.083433 -0.838398 -0.049154
0.317978 -0.479206 0.866653
0.008098 -0.362645 0.317634
0.224036 -0.298471 0.399155
0.037671 -0.370442 0.241367
-0.057611 -0.839924 0.518151
0.232604 -0.253379 0.376013
0.076287 -0.350583 0.133709
-0.209655 -0.417975 0.513088
0.193363 -0.671038 0.783149
-0.04552 -0.885738 0.176427
0.054231 -0.722346 0.748317
0.173755 -0.237033 0.004748
0.369642 -0.546208 0.636334
-0.1288 -0.194214 -0.102124
-0.184689 -0.613679 -0.197432
-0.16073 -0.333987 0.19681
0.250675 -0.462457 0.687928
0.171099 -0.617151 -0.197653
0.192937 -0.705345 0.738586
-0.113841 -0.260524 -0.150791
-0.033743 -0.353407 0.345856
-0.230297 -0.830333 0.015922
-0.383621 -0.569009 0.002817
-0.396452 -0.646357 0.087817
-0.384498 -0.771593 0.369372
0.213623 -0.269776 0.376
0.014296 -0.372092 0.238488
-0.032496 -0.801737 -0.10983
-0.21034 -0.170394 -0.022336
-0.026125 -0.869478 0.051443
-0.038312 -0.35344 0.122544
-0.128023 -0.317599 0.086983
-0.357271 -0.669978 0.663782
-0.191187 -0.838564 0.457599
-0.054896 -0.275946 -0.152928
0.388537 -0.616728 0.490288
0.212382 -0.862924 0.236185
-0.022602 -0.864945 0.436377
0.398408 -0.705763 0.132467
-0.232604 -0.253379 0.376013
-0.177165 -0.295392 0.091981
0.091924 -0.438215 0.481981
0.118744 -0.284115 0.02403
-0.313004 -0.404485 0.615251
-0.163868 -0.194603 -0.03845
0.069254 -0.338987 0.095711
-0.39767 -0.633281 0.224662
0.126725 -0.34978 0.216207
-0.111647 -0.384406 0.42462
0.189442 -0.828113 0.49456
-0.198576 -0.175189 -0.077181
-0.273806 -0.314545 0.384505
-0.105853 -0.355558 0.26559
-0.141273 -0.343628 0.208384
0.070021 -0.523073 0.68588
0.002562 -0.868458 0.044907
0.029617 -0.770841 0.67483
0.323374 -0.414889 0.687928
0.37187 -0.519246 0.508882
0.032857 -0.370573 0.216678
0.325696 -0.405698 0.071022
-0.393284 -0.720769 0.395774
0.080941 -0.512648 0.83539
0.393508 -0.65873 0.026862
-0.25427 -0.827169 0.435906
-0.130233 -0.175261 -0.06817
0.37442 -0.689848 0.573428
0.394585 -0.725625 0.098281
0.219415 -0.740715 -0.132821
-0.080127 -0.364336 0.399173
0.322563 -0.823249 0.143975
0.113045 -0.881115 0.206826
0.293385 -0.813327 0.439317
-0.075539 -0.364444 0.221647
0.22444 -0.198697 -0.093272
-0.268494 -0.771256 0.584053
0.392388 -0.683299 0.018621
0.046311 -0.277519 -0.152927
-0.277373 -0.72518 -0.124503
-0.315439 -0.541322 -0.175001
0.083595 -0.330378 0.083319
0.127403 -0.582394 0.892541
0.267983 -0.847298 0.240156
-0.101613 -0.500832 0.960549
-0.035995 -0.841339 0.517509
0.200326 -0.306459 -0.170009
-0.167906 -0.634923 0.832204
0.133878 -0.50817 0.798835
-0.15223 -0.327454 0.324456
-0.07414 -0.504308 0.871069
0.288112 -0.440346 0.687919
-0.105139 -0.675955 0.800785
-0.383171 -0.596702 0.540715
-0.070793 -0.451979 0.995344
-0.220031 -0.296945 0.279991
0.170827 -0.219615 -0.014005
-0.137226 -0.301085 0.06258
-0.211654 -0.519171 0.922996
-0.158208 -0.456222 0.939694
0.132654 -0.377672 0.42462
-0.126029 -0.820278 -0.084474
0.393362 -0.658119 0.44404
-0.277702 -0.373024 0.972005
0.128469 -0.467843 0.54589
-0.298416 -0.367412 0.301868
0.119921 -0.712414 0.751048
-0.094905 -0.837656 -0.047951
-0.308893 -0.759104 0.577398
0.317559 -0.351977 -0.095727
0.138452 -0.777082 0.641876
-0.354151 -0.799615 0.075201
-0.06245 -0.478794 0.939503
0.092914 -0.795398 0.618816
0.165816 -0.57237 0.892847
0.18631 -0.42889 0.513088
-0.314278 -0.558191 0.849374
-0.386582 -0.632818 -0.05334
0.179483 -0.752151 -0.132491
-0.293636 -0.689381 -0.138549
0.308226 -0.340499 -0.059971
0.276622 -0.251484 -0.116984
0.008501 -0.865119 0.436891
-0.111693 -0.783442 0.6379
0.11601 -0.535242 0.933339
0.152842 -0.847332 0.013427
-0.28328 -0.549244 -0.186842
-0.227405 -0.234011 0.053849
0.124867 -0.290909 -0.168131
0.147884 -0.815102 0.555327
0.317993 -0.801189 0.017219
-0.028498 -0.360904 0.320789
0.068902 -0.833769 -0.066304
-0.35847 -0.475181 0.466187
0.093929 -0.359948 0.215305
-0.118126 -0.339841 0.137325
0.175783 -0.87115 0.237106
-0.13075 -0.531691 0.933448
0.046 -0.28271 -0.004534
-0.322563 -0.823249 0.143975
0.174377 -0.244303 -0.13855
0.092208 -0.247948 -0.028674
-0.109347 -0.487596 0.580438
0.228816 -0.473078 0.798835
0.020699 -0.345148 0.371758
0.05716 -0.518037 0.83337
0.170309 -0.213201 -0.116034
0.195342 -0.441599 0.939693
0.052511 -0.509323 0.869227
-0.262439 -0.334538 0.45222
0.090606 -0.520723 0.762482
-0.094682 -0.835385 0.521678
-0.380346 -0.711965 0.516472
0.034615 -0.247813 -0.132593
-0.138734 -0.343337 0.272794
0.39921 -0.708756 0.30654
0.138734 -0.343337 0.272794
0.376782 -0.69941 -0.084188
-0.348376 -0.531801 -0.159469
-0.127403 -0.582394 0.89254
-0.145428 -0.4233 0.481792
0.052867 -0.36624 0.275357
0.117884 -0.861607 0.050353
-0.179564 -0.533223 0.921369
0.376549 -0.790589 0.08241
0.117943 -0.347229 0.298463
-0.013395 -0.724467 0.748156
0.092844 -0.556077 0.920505
0.096831 -0.344504 0.130459
0.268346 -0.421639 0.580026
0.039421 -0.741059 -0.152931
-0.236091 -0.266423 0.343215
0.03402 -0.344897 0.097176
0.16539 -0.301668 0.376023
-0.112538 -0.336021 0.347927
-0.058161 -0.857806 0.008408
-0.120845 -0.340777 0.322549
0.031804 -0.772467 -0.132597
0.185003 -0.184622 -0.031807
0.188234 -0.271406 0.061334
-0.025236 -0.337107 0.077259
0.233402 -0.256398 0.097376
-0.189133 -0.473392 0.871073
-0.153344 -0.34024 0.399155
-0.095878 -0.475373 0.545919
-0.08772 -0.703738 -0.170679
-0.292514 -0.281816 -0.129552
0.263182 -0.76047 -0.104868
-0.172449 -0.721673 -0.152932
-0.392142 -0.755989 0.153899
0.052925 -0.347208 0.109604
-0.338567 -0.395062 0.651367
-0.106933 -0.300748 0.041633
0.065342 -0.231245 -0.050968
-0.132329 -0.28902 0.039421
-0.17895 -0.303673 0.113306
-0.055219 -0.461973 0.971815
0.360819 -0.731883 0.585361
-0.149619 -0.861225 0.07313
0.387291 -0.782015 0.244186
0.036495 -0.827235 0.556229
-0.293895 -0.620646 0.797744
-0.189442 -0.828113 0.494559
-0.092914 -0.604416 0.87833
0.396452 -0.646357 0.087817
-0.324166 -0.687635 0.693801
-0.280767 -0.398103 -0.180527
0.188107 -0.258177 0.042147
-0.152116 -0.506229 0.761943
0.055167 -0.461917 0.971919
-0.202501 -0.345136 0.424637
-0.102774 -0.289477 0.022957
-0.113348 -0.867938 0.079614
0.01643 -0.383564 -0.197645
-0.043775 -0.250883 -0.038245
-0.260008 -0.308046 0.296295
-0.003533 -0.355403 0.344562
0.039611 -0.278551 -0.152928
0.134314 -0.643973 0.831003
0.046233 -0.442479 1.002799
-0.105488 -0.272728 0.002868
0.391262 -0.597523 0.351953
-0.326525 -0.825901 0.198108
-0.332594 -0.431442 0.215957
0.210959 -0.391779 1.002827
-0.119135 -0.762311 0.674594
-0.054961 -0.244108 -0.132593
0.113042 -0.880706 0.271325
-0.029332 -0.70922 -0.170498
0.204536 -0.272174 0.082537
-0.331591 -0.741512 -0.085343
-0.178447 -0.152394 -0.055794
-0.192937 -0.705345 0.738586
-0.141831 -0.847598 0.460126
-0.248651 -0.792685 -0.082535
-0.251376 -0.55782 -0.195932
-0.184797 -0.309751 0.326094
0.156126 -0.186616 -0.094231
0.135492 -0.206413 -0.045262
-0.029981 -0.279751 -0.152928
0.228197 -0.263745 -0.141126
-0.134254 -0.322994 -0.182859
-0.32271 -0.813067 0.390815
0.054475 -0.244217 -0.132593
-0.080082 -0.884405 0.197239
0.182447 -0.821107 -0.053651
-0.275539 -0.813368 0.462281
-0.147566 -0.441055 0.972008
-0.297826 -0.750888 -0.097051
0.020648 -0.202632 -0.078352
0.041667 -0.840527 -0.052336
0.16073 -0.333987 0.19681
0.024206 -0.28031 -0.152928
0.156661 -0.814891 -0.08452
-0.276622 -0.251484 -0.116984
0.017025 -0.314222 0.034369
-0.32886 -0.394153 -0.030352
0.272505 -0.328983 0.23306
-0.399307 -0.65701 0.304686
-0.334734 -0.38714 0.616771
-0.066781 -0.50756 0.959942
-0.272405 -0.794542 0.523878
0.087813 -0.855221 0.00799
-0.280485 -0.339471 0.180604
-0.316888 -0.401968 0.253352
0.115613 -0.246217 -0.020919
0.218865 -0.283332 0.130765
-0.307636 -0.393757 0.580042
-0.23507 -0.377711 1.002809
-0.247596 -0.598383 0.842175
0.113968 -0.820547 0.55509
0.394242 -0.690219 0.421143
-0.051825 -0.215883 -0.065464
0.097816 -0.883269 0.234643
-0.036471 -0.219171 -0.065362
0.100822 -0.333667 -0.185601
-0.014734 -0.449061 1.000233
0.293874 -0.41664 0.87108
-0.065683 -0.526938 -0.215945
-0.234319 -0.855091 0.172905
-0.374526 -0.56527 -0.139071
-0.378706 -0.666544 -0.101283
0.220895 -0.26123 0.086429
0.305267 -0.617715 -0.163272
0.01922 -0.351062 0.110811
-0.163985 -0.184155 -0.09139
-0.280094 -0.842569 0.271808
0.354152 -0.799615 0.075202
0.066187 -0.865316 0.042306
0.030517 -0.848938 0.494691
0.018169 -0.325836 0.054195
0.369386 -0.568641 0.64869
0.069829 -0.314318 0.046348
0.160542 -0.871269 0.303391
-0.116282 -0.871046 0.36584
-0.167727 -0.311589 0.349444
-0.045478 -0.876717 0.371589
-0.002331 -0.367753 0.291809
-0.320719 -0.363746 0.545919
-0.264767 -0.743738 0.641598
0.239495 -0.855776 0.241476
0.373503 -0.730558 -0.063883
-0.086624 -0.884454 0.2411
0.208462 -0.243708 0.044024
0.101614 -0.500833 0.960548
0.33228 -0.406984 0.798773
-0.174796 -0.326262 0.275027
-0.315768 -0.397542 0.167108
0.330526 -0.423723 0.142508
0.187569 -0.820978 0.517748
-0.138595 -0.475976 -0.215949
-0.182801 -0.621642 0.841792
-0.171402 -0.481988 0.615238
0.399907 -0.711474 0.219516
0.316346 -0.745597 -0.091252
0.318209 -0.377757 0.00304
0.400383 -0.660937 0.223028
-0.113466 -0.33314 0.111602
-0.047175 -0.358756 0.321492
-0.18884 -0.307967 0.142661
0.121816 -0.344608 0.162088
-0.150039 -0.476627 0.580042
-0.255181 -0.682865 0.741897
0.146305 -0.186411 -0.053788
-0.201549 -0.304818 0.161865
-0.322276 -0.392934 0.036499
-0.141349 -0.831078 -0.047982
-0.209853 -0.268661 -0.148341
0.15909 -0.504168 0.761945
0.17198 -0.782425 0.618217
-0.237836 -0.469188 0.687928
0.286956 -0.782214 -0.075653
-0.021295 -0.772695 -0.132777
0.231364 -0.500909 0.93016
-0.203063 -0.859951 0.328959
-0.04019 -0.279441 -0.009383
0.277362 -0.327818 0.122522
0.397016 -0.734878 0.187554
-0.115613 -0.246217 -0.020919
0.366946 -0.75475 0.52565
-0.354347 -0.453849 -0.155879
-0.396847 -0.671128 0.38932
0.237452 -0.552875 0.887546
0.096894 -0.511144 0.651545
0.285504 -0.830246 0.371395
0.084882 -0.768564 -0.132602
0.289399 -0.796375 0.501762
-0.212918 -0.376888 -0.193446
-0.166784 -0.58081 -0.206742
-0.344626 -0.788667 0.455256
-0.33589 -0.638849 0.751862
-0.328764 -0.376134 0.580053
-0.038546 -0.316519 0.041071
0.326553 -0.826131 0.262654
0.245713 -0.84263 0.373125
-0.069168 -0.855942 0.462415
-0.268648 -0.295295 0.040266
-0.395175 -0.623936 0.355454
0.245115 -0.852268 0.175172
-0.06882 -0.34779 0.347421
0.211212 -0.339356 -0.181782
0.211774 -0.305735 0.252614
-0.152865 -0.333137 0.299329
0.239139 -0.855402 0.203894
0.063109 -0.414935 -0.206764
-0.326897 -0.721982 0.635749
-0.137584 -0.338846 0.163275
-0.321996 -0.463239 -0.173649
0.264472 -0.435804 0.871073
0.141324 -0.509596 0.724893
-0.085588 -0.457143 0.972008
0.063482 -0.453429 0.995173
0.267409 -0.844012 0.310603
0.256708 -0.387906 0.972015
-0.377189 -0.597825 -0.129552
0.197804 -0.271932 -0.152343
-0.030073 -0.30542 0.022578
0.18968 -0.581116 0.878527
0.055892 -0.367973 0.221112
0.075618 -0.271001 -0.152928
0.111585 -0.410205 0.452234
-0.046241 -0.368556 0.207447
-0.032184 -0.343928 0.372591
-0.151643 -0.282933 0.044716
-0.027267 -0.23419 -0.054751
-0.178293 -0.420225 0.996019
-0.054475 -0.244217 -0.132593
0.137601 -0.760778 -0.132597
-0.011328 -0.884161 0.144385
-0.390049 -0.748175 0.093048
-0.275831 -0.415044 0.969364
-0.084798 -0.391034 0.424642
0.188839 -0.307967 0.142661
-0.038701 -0.36875 0.268441
0.044429 -0.19938 -0.077852
-0.297562 -0.433007 0.798827
-0.170827 -0.219615 -0.014005
-0.24429 -0.294697 -0.154249
0.1799 -0.651366 -0.185521
0.133777 -0.427285 0.481768
0.000102 -0.87786 0.371838
-0.136508 -0.508091 0.687925
0.004313 -0.371829 0.212963
0.039982 -0.872533 0.397784
-0.096608 -0.502112 0.61526
-0.065578 -0.355945 0.321244
0.390049 -0.748175 0.093048
0.014033 -0.249825 -0.132593
0.065798 -0.193719 -0.07771
-0.08128 -0.717484 0.751544
0.218276 -0.478693 0.687925
0.296815 -0.361436 0.333411
0.012033 -0.280065 -0.011668
0.01939 -0.364646 0.160471
-0.255688 -0.291139 0.361891
0.14789 -0.853548 0.432031
-0.208462 -0.243708 0.044024
-0.073204 -0.357033 0.157228
0.382427 -0.71973 -0.026056
-0.132581 -0.234108 -0.023945
-0.155964 -0.872802 0.173018
0.393015 -0.604083 0.175583
-0.066252 -0.210697 -0.109757
0.01173 -0.218868 -0.067599
-0.250219 -0.226518 -0.054233
-0.100966 -0.634728 0.847394
0.348577 -0.637535 0.716925
0.32605 -0.821498 0.327308
0.2686 -0.36194 -0.174636
-0.171984 -0.866372 0.13513
-0.082494 -0.344617 0.347902
-0.070021 -0.523073 0.68588
0.325061 -0.780146 -0.041603
-0.2348 -0.857092 0.23795
0.040132 -0.342891 0.373116
0.287103 -0.444348 0.724891
-0.024582 -0.192035 -0.084577
-0.277651 -0.413198 0.905971
0.11338 -0.556287 -0.21287
0.0 -0.802244 0.61576
0.326897 -0.721983 0.635749
0.089888 -0.797542 -0.109765
-0.304488 -0.47299 0.900751
-0.064616 -0.364567 0.193233
-0.036784 -0.818105 0.578702
0.126506 -0.493788 0.96144
-0.133847 -0.507973 0.798823
0.110943 -0.354291 0.203986
-0.125304 -0.689081 0.780511
-0.339854 -0.770736 0.517049
0.058659 -0.850097 -0.018854
0.328727 -0.376327 0.580356
-0.13777 -0.760898 -0.132491
-0.08098 -0.274721 -0.004482
-0.256203 -0.4882 0.930522
-0.243556 -0.399363 0.513063
-0.09366 -0.447022 0.995812
-0.245123 -0.418569 0.545907
0.262848 -0.516066 -0.196749
-0.032646 -0.756181 0.699232
0.101721 -0.836115 0.517035
-0.098821 -0.649272 0.832208
0.370124 -0.518721 0.164383
-0.156077 -0.495 0.835284
0.22649 -0.769671 -0.109707
0.12684 -0.348995 0.262038
0.239357 -0.278613 0.295469
0.200021 -0.608879 -0.196319
0.234962 -0.324191 0.424598
-0.112014 -0.430747 1.002766
0.308245 -0.429408 0.761943
-0.060892 -0.816401 0.579291
0.025308 -0.610822 0.878492
-0.095624 -0.824301 -0.084594
0.398361 -0.676777 0.109152
0.173395 -0.360787 0.42462
0.068028 -0.49292 0.905943
-0.113041 -0.880704 0.271363
-0.059458 -0.358246 0.150924
0.277561 -0.32157 -0.156149
0.126411 -0.465933 0.939677
-0.064185 -0.365856 0.207535
-0.28726 -0.319642 -0.151322
-0.345395 -0.420535 -0.156019
-0.269611 -0.451775 0.687925
-0.12726 -0.268771 0.009321
-0.1476 -0.309199 0.087519
0.082494 -0.344617 0.347901
-0.001378 -0.675354 -0.185558
-0.216162 -0.65078 0.79881
-0.228612 -0.292711 0.206592
0.144631 -0.24429 -0.007534
-0.152024 -0.815827 -0.084485
-0.231365 -0.500909 0.93016
0.041165 -0.251117 -0.038467
0.379003 -0.563617 -0.07948
-0.052707 -0.196793 -0.078196
-0.180259 -0.736202 0.697498
0.37572 -0.787495 0.401827
0.259468 -0.221545 -0.101283
-0.032352 -0.737576 0.728132
-0.045346 -0.277675 -0.152928
-0.098755 -0.33585 0.106495
-0.279401 -0.659289 -0.158405
-0.036158 -0.363626 0.161621
-0.38649 -0.779027 0.306977
-0.052867 -0.36624 0.275357
-0.148521 -0.310337 0.376031
-0.061756 -0.368596 0.397609
0.121192 -0.401699 -0.206718
0.034122 -0.247882 -0.132593
0.005645 -0.562586 0.921461
0.104486 -0.349939 0.160665
0.313165 -0.823869 0.118938
-0.357409 -0.483137 0.335578
-0.075594 -0.252095 -0.029927
0.157975 -0.338035 0.399164
-0.060851 -0.88168 0.139
0.367427 -0.66375 0.62855
0.037908 -0.829024 -0.084533
-0.184594 -0.841734 0.01615
0.220421 -0.690296 0.748028
-0.137415 -0.661121 -0.185557
0.265363 -0.403424 0.939693
0.036158 -0.363626 0.161621
-0.384985 -0.65567 0.531698
0.358104 -0.467871 -0.079496
-0.18968 -0.581116 0.878527
-0.031921 -0.279537 -0.152928
-0.000725 -0.736737 0.730489
0.291434 -0.424272 0.93828
0.152934 -0.167839 -0.061648
-0.237687 -0.2724 0.143803
0.074793 -0.600028 -0.206759
0.210441 -0.853984 0.10631
-0.391437 -0.753358 0.337708
-0.244161 -0.765248 -0.107855
0.2331 -0.705601 -0.150791
0.019089 -0.6832 0.801631
-0.00022 -0.193632 -0.084576
-0.315726 -0.778251 0.524104
0.010923 -0.262762 -0.030127
0.091101 -0.357111 0.28689
-0.247909 -0.258463 -0.132174
0.397207 -0.735413 0.27716
0.095777 -0.63319 -0.197606
0.102685 -0.231659 -0.130969
0.154743 -0.473157 0.905971
0.036723 -0.887935 0.237281
0.186764 -0.215314 -0.006135
0.353726 -0.567694 -0.151322
-0.076529 -0.345796 0.118302
0.111208 -0.733732 -0.153035
-0.027774 -0.248673 -0.132593
0.144534 -0.490518 0.615257
0.072803 -0.480724 0.543955
-0.121815 -0.344608 0.162088
0.215539 -0.797867 0.560182
0.298032 -0.507311 -0.184694
0.077887 -0.364129 0.238447
-0.0 -0.313636 0.032755
0.218147 -0.530169 -0.206938
-0.215631 -0.479015 0.798824
0.211894 -0.475295 0.651284
0.19332 -0.71684 -0.152852
0.17895 -0.303673 0.113306
-0.276184 -0.778633 0.560975
0.080991 -0.635417 0.849567
-0.400195 -0.683623 0.165056
-0.370926 -0.515723 -0.053745
-0.273307 -0.400647 0.545915
0.373076 -0.777629 0.019594
0.124091 -0.347814 0.185496
-0.283682 -0.312041 0.008148
0.0339 -0.2185 -0.109757
-0.307451 -0.314232 -0.14001
0.399284 -0.680221 0.333764
0.139133 -0.272768 0.021514
-0.02599 -0.790581 0.63872
0.117507 -0.350322 0.279879
0.17633 -0.799116 0.580268
-0.340346 -0.401414 0.690182
0.095566 -0.872432 0.373181
0.296252 -0.702185 0.690747
-0.394242 -0.690219 0.421143
0.257139 -0.296555 0.121443
-0.073088 -0.495587 0.578047
-0.232887 -0.599489 -0.192407
0.320756 -0.8145 0.080182
-0.349515 -0.523407 0.753309
-0.112956 -0.876811 0.142384
0.097526 -0.812461 0.580317
-0.236832 -0.759639 0.629396
-0.124806 -0.247683 -0.014997
0.328284 -0.561798 0.815108
-0.208445 -0.563824 0.888068
0.285896 -0.370029 0.513088
-0.313165 -0.823869 0.118938
0.211907 -0.860784 0.171072
0.39767 -0.633281 0.224662
0.21034 -0.170394 -0.022335
-0.103954 -0.310533 0.056253
0.012093 -0.841901 0.517853
-0.378789 -0.632658 -0.116613
0.268566 -0.296148 0.424203
0.09918 -0.21104 -0.056835
-0.004151 -0.698266 0.783254
-0.225782 -0.785139 0.58333
0.180836 -0.476365 0.961617
-0.328284 -0.561798 0.815108
0.380639 -0.551974 0.418369
0.118458 -0.834683 -0.047873
-0.068417 -0.788613 0.637608
0.313938 -0.683492 -0.132269
-0.400047 -0.711882 0.248493
0.152339 -0.339607 0.246532
-0.098823 -0.510756 0.651588
0.273257 -0.448741 0.798827
0.054961 -0.244108 -0.132593
-0.171854 -0.871885 0.236506
0.156077 -0.495 0.835284
0.075728 -0.323355 0.064866
-0.168887 -0.178029 -0.046671
0.118893 -0.86972 0.37214
-0.185319 -0.315879 0.300953
0.092915 -0.604416 0.87833
0.345961 -0.766277 -0.054312
-0.091905 -0.438007 0.481797
0.165839 -0.872553 0.266719
0.104864 -0.345825 0.323461
-0.103631 -0.231028 -0.13066
-0.067078 -0.679603 0.802163
0.121635 -0.504652 0.835289
0.0 -0.509573 0.961586
0.107009 -0.517844 0.725296
0.198429 -0.310798 0.181386
-0.34461 -0.453003 0.13514
-0.20845 -0.306943 0.200932
-0.029423 -0.329017 0.061477
-0.017025 -0.314222 0.034369
0.180259 -0.736202 0.697498
-0.29855 -0.333352 0.481571
0.227821 -0.80852 0.523693
0.001115 -0.494044 -0.215945
0.086908 -0.228304 -0.047547
0.12665 -0.598502 0.878102
-0.216974 -0.463143 0.615251
0.082801 -0.693657 0.782784
0.148522 -0.310337 0.376031
-0.359406 -0.633814 0.681538
0.128634 -0.328312 0.113697
-0.262647 -0.848968 0.244732
-0.394585 -0.725625 0.098281
0.114655 -0.353951 0.249054
-0.119921 -0.712414 0.751048
0.291713 -0.307769 -0.053448
-0.074675 -0.364291 0.252885
-0.169553 -0.869767 0.300573
0.344626 -0.788667 0.455256
-0.110114 -0.356675 0.399138
0.051737 -0.216115 -0.065368
-0.003468 -0.88824 0.206058
-0.357563 -0.603084 -0.140547
-0.215538 -0.797868 0.560181
0.001485 -0.241626 -0.049824
-0.213295 -0.233876 -0.124718
0.392142 -0.755989 0.153899
-0.200024 -0.744117 0.676312
0.316888 -0.401968 0.253353
0.100508 -0.320617 0.072892
0.126169 -0.698243 -0.170632
-0.18366 -0.869034 0.202489
0.149619 -0.861225 0.07313
-0.319734 -0.796934 0.462593
-0.165101 -0.493385 0.651295
-0.215764 -0.276609 0.108265
-0.051275 -0.887194 0.241206
0.154278 -0.294599 0.065915
0.370652 -0.514703 0.025326
-0.289476 -0.466002 0.932718
0.139521 -0.401498 0.452241
-0.069121 -0.240633 -0.042227
0.118585 -0.353023 0.232254
-0.379873 -0.802994 0.210145
-0.305566 -0.432881 0.904972
0.149718 -0.875405 0.200736
-0.064944 -0.847431 -0.026161
-0.04948 -0.324461 0.057496
0.119275 -0.872493 0.113856
0.145823 -0.420323 1.002847
0.262326 -0.788766 -0.08089
0.317832 -0.439362 0.870463
-0.037615 -0.36831 0.193213
0.256202 -0.488201 0.930522
0.013535 -0.249853 -0.132593
0.338898 -0.60141 0.767458
0.232132 -0.853078 0.14283
-0.232176 -0.292185 0.399155
-0.083056 -0.268815 -0.152928
-0.191148 -0.319158 0.251046
-0.135492 -0.206413 -0.045262
0.024407 -0.19206 -0.084577
-0.056924 -0.694247 0.785363
-0.353726 -0.567694 -0.151322
-0.198307 -0.746955 -0.132989
-0.300299 -0.832727 0.312167
-0.126725 -0.34978 0.216207
-0.316793 -0.518915 0.859619
-0.393074 -0.759466 0.21518
-0.095197 -0.588428 0.89262
-0.388878 -0.743807 0.398293
0.104881 -0.843053 0.494356
0.123044 -0.448514 0.972009
0.195041 -0.293537 0.113147
-0.090776 -0.693144 0.782251
0.309093 -0.37263 0.066869
0.091866 -0.455994 0.972015
0.014797 -0.369151 0.186829
0.247819 -0.443882 -0.198699
-0.142987 -0.871609 0.134989
0.144296 -0.789392 -0.109759
0.133739 -0.725219 0.729465
-0.220422 -0.690296 0.748028
0.277702 -0.373024 0.972005
-0.178136 -0.40775 1.002794
0.228592 -0.293943 0.231178
0.082919 -0.719569 0.748451
0.224562 -0.810416 -0.054154
-0.321193 -0.347876 -0.147917
0.016216 -0.860367 0.455604
0.263111 -0.627248 -0.176138
0.106813 -0.860151 0.429703
-0.226078 -0.448209 0.966855
-0.104458 -0.326834 0.088852
0.256264 -0.640142 0.794233
-0.151744 -0.33165 0.158348
0.337278 -0.407136 0.76165
0.152526 -0.337299 0.274179
0.16501 -0.468761 0.970259
0.113466 -0.33314 0.111603
-0.083595 -0.330378 0.083319
0.202501 -0.345136 0.424637
0.270392 -0.279587 -0.015811
0.210832 -0.453799 -0.207776
-0.031426 -0.560797 0.922158
0.106933 -0.300748 0.041633
-0.272889 -0.287074 -0.140547
0.081107 -0.542411 0.932806
-0.188234 -0.271406 0.061334
0.233576 -0.486923 -0.205053
0.120674 -0.304515 0.056408
0.231941 -0.851779 0.33605
0.31142 -0.650244 -0.148801
0.103953 -0.310534 0.056253
-0.06195 -0.335762 0.084694
-0.166857 -0.427882 -0.210402
-0.224562 -0.810416 -0.054153
0.130725 -0.503501 0.651299
-0.012836 -0.457493 0.995286
-0.296252 -0.702185 0.690747
-0.292383 -0.384087 0.93981
-0.259468 -0.221545 -0.101283
-0.370297 -0.519366 0.296577
0.081956 -0.881718 0.309217
-0.197212 -0.312971 0.276385
-0.000137 -0.88084 0.115513
0.300299 -0.832727 0.312166
0.211654 -0.519171 0.922996
0.374526 -0.56527 -0.139071
-0.166591 -0.45548 0.545915
-0.136111 -0.805165 0.584167
-0.086479 -0.264329 -0.014153
0.208248 -0.8635 0.204095
-0.07363 -0.825077 0.555427
-0.294088 -0.350878 0.09557
0.086403 -0.295499 0.023949
-0.271247 -0.757957 -0.103519
-0.400658 -0.68535 0.277665
0.215851 -0.279232 0.352548
-0.093402 -0.860046 0.43693
0.248759 -0.668066 -0.165025
0.227405 -0.234011 0.053849
0.201549 -0.304818 0.161865
0.177165 -0.295392 0.091981
-0.152339 -0.339606 0.246532
-0.049684 -0.836122 -0.063641
-0.233402 -0.256398 0.097376
0.267644 -0.826351 0.045546
0.243749 -0.845753 0.110486
0.334721 -0.386538 0.61526
-0.205002 -0.484526 0.687925
-0.289189 -0.357085 -0.165577
-0.096195 -0.855537 0.013097
0.23303 -0.229036 -0.116151
0.354486 -0.541846 0.731275
0.070153 -0.847023 0.493084
-0.323936 -0.461962 0.851698
-0.205273 -0.209499 0.004011
-0.125242 -0.850181 0.00687
0.225263 -0.725952 0.694049
-0.14295 -0.341136 0.189854
-0.056595 -0.560147 0.921093
0.047175 -0.358756 0.321492
0.072423 -0.862168 0.436526
0.191418 -0.573858 -0.205418
-0.170625 -0.719084 0.727006
0.0243 -0.877367 0.37282
-0.363516 -0.575545 0.684767
-0.066254 -0.799386 0.61602
-0.38587 -0.571495 0.130723
0.255489 -0.246184 -0.032638
-0.232132 -0.853078 0.14283
-0.15043 -0.169953 -0.061767
0.096651 -0.490123 0.580053
-0.086403 -0.295499 0.023949
-0.075122 -0.216049 -0.060401
-0.340456 -0.563092 0.779988
-0.220353 -0.289814 0.154849
0.023722 -0.802241 -0.109765
0.211875 -0.306205 0.227425
-0.040416 -0.417715 -0.206754
0.06882 -0.34779 0.347421
0.132329 -0.28902 0.039421
-0.071693 -0.516835 0.649253
-0.064466 -0.871751 0.072764
-0.23181 -0.841857 0.398942
-0.187832 -0.866363 0.171262
-0.016249 -0.371454 0.212776
0.377189 -0.597825 -0.129552
-0.010857 -0.771343 0.674779
0.160315 -0.208148 -0.030413
-0.055038 -0.638743 0.848902
0.381326 -0.759755 0.431033
-0.36842 -0.760249 -0.042068
-0.012349 -0.874503 0.075249
0.06195 -0.335762 0.084694
-0.154929 -0.255485 0.011178
0.377438 -0.54595 0.520225
0.329629 -0.522687 0.824917
0.040939 -0.246847 -0.132593
-0.09437 -0.202812 -0.107516
-0.000314 -0.346118 0.370891
0.166591 -0.45548 0.545915
-0.271333 -0.266338 -0.056603
-0.339843 -0.405288 0.724851
-0.088351 -0.521102 0.761941
-0.240216 -0.281771 0.192512
0.384947 -0.655639 -0.063602
0.047218 -0.699211 0.77995
0.150328 -0.442958 0.513063
0.023545 -0.81614 0.584431
0.022422 -0.33714 0.076977
0.291038 -0.432302 -0.183161
0.061262 -0.523797 0.796856
-0.200708 -0.305917 0.302817
-0.213008 -0.253785 0.063382
-0.386804 -0.736067 0.032954
0.097666 -0.35929 0.241616
-0.12613 -0.860203 0.049119
0.098821 -0.649272 0.832208
-0.299824 -0.372284 0.221737
0.036471 -0.219171 -0.065362
0.182924 -0.322694 0.19964
0.042324 -0.858682 0.45857
-0.275894 -0.816443 0.016385
-0.177635 -0.313125 -0.176153
0.325548 -0.600251 0.802152
0.384906 -0.689504 0.510889
0.060574 -0.274755 -0.152928
0.121256 -0.880347 0.242754
0.202191 -0.399313 0.481792
-0.234246 -0.854435 0.302968
0.001818 -0.827534 0.55748
-0.289399 -0.796376 0.501762
-0.070047 -0.880743 0.329525
-0.033949 -0.887587 0.203352
-0.326552 -0.826131 0.262654
0.103021 -0.729847 0.72994
0.038057 -0.566486 -0.21287
0.203063 -0.859951 0.328959
0.18259 -0.855097 0.074187
-0.262054 -0.845814 0.30951
-0.355605 -0.580152 0.720821
0.017364 -0.887867 0.197076
-0.271822 -0.453576 0.761948
-0.003915 -0.88371 0.327938
0.31067 -0.813366 0.054963
-0.392838 -0.758587 0.27656
0.313895 -0.390552 0.338838
0.178137 -0.407749 1.002794
-0.042362 -0.369933 0.235943
-0.094235 -0.350232 0.148804
-0.098585 -0.596275 -0.206773
-0.077887 -0.364129 0.238447
0.072605 -0.874371 0.374845
-0.23109 -0.423793 0.93967
-0.195333 -0.534157 -0.210402
0.185319 -0.315879 0.300953
0.378594 -0.749557 -0.004171
0.267677 -0.845823 0.181077
-0.298158 -0.366067 0.157839
0.136033 -0.333071 0.137337
0.092678 -0.86491 0.051414
0.205273 -0.209499 0.004011
-0.122076 -0.259553 -0.003944
0.268494 -0.771256 0.584054
0.257557 -0.255921 -0.127217
0.11091 -0.689882 0.782652
-0.304915 -0.727934 0.642068
0.316793 -0.518915 0.859619
0.086635 -0.311483 0.048593
0.333903 -0.465027 0.815992
-0.376991 -0.743575 0.491628
0.276631 -0.843918 0.268031
0.384498 -0.771593 0.369372
-0.106849 -0.852931 0.459033
-0.333903 -0.465027 0.815992
-0.2457 -0.789152 0.560119
-0.243749 -0.845753 0.110486
0.073711 -0.376211 -0.197597
-0.136574 -0.346342 0.242117
0.195224 -0.422308 0.972031
-0.385174 -0.729984 0.457988
0.247596 -0.598383 0.842175
-0.061294 -0.739798 -0.152798
0.241772 -0.194714 -0.084163
-0.067421 -0.337523 0.375757
-0.020956 -0.883113 0.330859
0.027389 -0.88244 0.33494
-0.246738 -0.405805 -0.192684
0.033682 -0.305955 0.023863
-0.023664 -0.858523 0.462025
0.307636 -0.393757 0.580042
-0.248288 -0.433002 0.968769
0.143925 -0.836546 0.496852
-0.071864 -0.463162 0.511183
-0.061184 -0.242623 -0.132593
0.385308 -0.774616 0.118771
-0.275916 -0.839549 0.138923
-0.121161 -0.79326 -0.109759
0.378789 -0.632658 -0.116613
-0.092844 -0.556077 0.920505
0.33234 -0.711627 -0.106009
0.061756 -0.368596 0.397609
-0.291713 -0.307769 -0.053448
0.13605 -0.219554 -0.034855
-0.345382 -0.455812 0.311405
-0.232572 -0.856908 0.271736
0.165132 -0.843369 0.460125
-0.064143 -0.365477 0.264969
0.086329 -0.3592 0.186419
0.322085 -0.392222 0.432225
-0.312126 -0.775493 -0.068336
0.105852 -0.355559 0.26559
-0.325332 -0.611761 -0.155785
0.356773 -0.813289 0.266956
0.378819 -0.79906 0.146041
-0.154743 -0.473157 0.905971
0.046722 -0.594317 0.892555
-0.35741 -0.813141 0.203127
0.001716 -0.369171 0.184721
0.11471 -0.259838 -0.15044
-0.068051 -0.420443 0.450485
-0.065342 -0.231245 -0.050968
0.128315 -0.819829 -0.084599
-0.069934 -0.36008 0.297865
-0.367885 -0.522124 0.622488
0.340456 -0.563092 0.779988
0.058525 -0.608192 0.878821
-0.114655 -0.353951 0.249054
0.191149 -0.319158 0.251046
0.235478 -0.370843 -0.186842
0.158063 -0.87247 0.173863
0.016961 -0.448845 1.000299
0.364671 -0.492381 0.497478
0.233363 -0.474287 0.761943
-0.04609 -0.442457 1.00279
-0.231941 -0.851779 0.33605
0.017737 -0.358231 0.133319
-0.378819 -0.79906 0.146041
-0.260334 -0.264267 -0.009604
0.095878 -0.475373 0.545919
0.104307 -0.260491 -0.011295
-0.310609 -0.378534 0.083088
0.185007 -0.846215 0.432223
0.364253 -0.508536 0.644648
0.395175 -0.623936 0.355454
0.130245 -0.48252 0.580026
-0.384947 -0.655639 -0.063602
-0.03007 -0.60901 0.879971
-0.277929 -0.827677 0.399465
0.133317 -0.323855 -0.183188
0.136574 -0.346342 0.242117
0.073098 -0.18057 -0.083846
-0.355493 -0.798245 0.39551
0.06252 -0.307835 -0.170588
0.038409 -0.887232 0.198094
0.193362 -0.229492 0.012978
-0.065533 -0.303869 0.028443
0.060281 -0.558557 0.92205
0.125659 -0.850138 0.00695
-0.201376 -0.438772 0.939677
-0.367427 -0.66375 0.62855
-0.048752 -0.364473 0.17464
0.230099 -0.827463 0.461942
-0.256708 -0.387906 0.972015
-0.278063 -0.829852 0.078995
-0.159539 -0.331397 0.175026
0.14295 -0.341136 0.189854
0.332594 -0.431441 0.215957
-0.382427 -0.71973 -0.026056
-0.014525 -0.280978 -0.152928
-0.029813 -0.548624 0.932112
-0.007269 -0.3623 0.319222
0.287971 -0.66757 0.744685
0.228612 -0.292711 0.206592
-0.128469 -0.467843 0.54589
0.277818 -0.835131 0.110605
0.079756 -0.838317 0.517507
0.334086 -0.384543 -0.153561
0.143577 -0.876939 0.245015
-0.264018 -0.810619 -0.0175
0.12323 -0.878304 0.176623
0.33589 -0.638849 0.751862
-0.198429 -0.310798 0.181386
-0.393716 -0.606683 0.200723
-0.35185 -0.503195 0.738652
-0.001178 -0.888659 0.242705
-0.124664 -0.188296 -0.062708
0.062353 -0.258045 -0.027683
0.186716 -0.289038 0.376044
0.150497 -0.488647 0.960352
-0.387219 -0.698135 -0.017861
0.105524 -0.352162 0.292625
-0.193363 -0.671038 0.783149
-0.191159 -0.805907 0.555666
0.344902 -0.418642 -0.15592
-0.10314 -0.331036 0.369246
0.120846 -0.340777 0.322549
0.065578 -0.355945 0.321244
0.166094 -0.679278 0.78187
-0.148364 -0.853256 0.43268
0.094046 -0.473454 0.93967
-0.180404 -0.210838 -0.113038
-0.195848 -0.511418 0.933438
-0.016107 -0.327866 0.057636
0.169718 -0.287933 0.069222
0.304488 -0.47299 0.900751
-0.203488 -0.864586 0.264329
-0.150591 -0.1598 -0.067294
-0.048226 -0.863707 0.437129
0.279401 -0.659289 -0.158405
0.166216 -0.155567 -0.061203
0.385174 -0.729984 0.457988
-0.37572 -0.787495 0.401827
-0.176739 -0.660432 0.801262
0.277919 -0.47287 -0.191961
-0.022261 -0.280471 -0.152928
-0.088733 -0.415647 0.452246
0.016473 -0.280871 -0.152928
-0.398231 -0.705217 0.335467
0.386896 -0.780542 0.181338
0.271822 -0.453576 0.761948
-0.025042 -0.843486 -0.04531
-0.156102 -0.485369 0.87108
0.201181 -0.460009 0.966788
0.220353 -0.289814 0.154849
-0.213623 -0.269776 0.376
-0.387291 -0.782015 0.244186
0.331856 -0.428687 0.289781
-0.350399 -0.600201 0.732109
0.046484 -0.673662 -0.185557
0.223865 -0.411934 -0.19938
-0.04143 -0.246765 -0.132593
-0.0075 -0.641862 0.848232
0.132581 -0.234108 -0.023945
-0.239357 -0.278613 0.295469
-0.144311 -0.321459 0.112981
0.213008 -0.253785 0.063382
0.280485 -0.339471 0.180603
-0.070344 -0.861969 0.43803
0.04709 -0.345284 -0.185547
-0.100226 -0.357405 0.203637
-0.189048 -0.32078 0.223772
0.296726 -0.425839 0.835284
-0.237452 -0.552875 0.887546
0.069995 -0.439459 1.002733
-0.101128 -0.333514 -0.18559
-0.227821 -0.80852 0.523693
-0.102462 -0.240508 -0.031705
-0.355961 -0.477669 0.1076
0.386509 -0.573881 0.300041
-0.268346 -0.421639 0.580026
0.135491 -0.340608 0.299198
-0.032851 -0.370574 0.216683
0.235291 -0.598845 -0.191992
-0.141501 -0.6701 0.799839
0.052887 -0.324458 0.05853
-0.25448 -0.443643 0.615251
-0.317986 -0.376924 0.465625
-0.086106 -0.333099 0.376026
-0.069994 -0.439459 1.002733
0.129478 -0.509842 0.687928
-0.325061 -0.780146 -0.041603
-0.352415 -0.673187 -0.115919
-0.067846 -0.240845 -0.132593
-0.210441 -0.853983 0.10631
-0.203721 -0.440317 0.54589
0.260623 -0.449067 0.8353
