2417
0.043695 0.07175 0.2846
-0.021205 -0.0653 0.0093
-0.027675 -0.0146 -0.0123
-0.050515 0.1244 0.14943
0.008665 -0.06594 0.16355
-0.085765 0.07347 0.33321
0.024655 -0.0768 0.0245
-0.006933 -0.039174 0.290344
-0.042256 0.006973 0.286682
-0.093665 0.08958 0.31893
-0.066389 0.019267 0.287097
-0.060045 -0.0318 0.0245
-0.014256 0.008924 0.479492
-0.077415 0.04914 0.11
0.065325 -0.09044 0.12064
0.000465 0.0602 0.16355
0.045605 -0.10563 0.08914
0.087605 -0.01798 0.13278
0.022185 -0.07798 0.0596
0.096265 0.08606 0.18435
-0.07807 0.000692 0.493143
0.022185 -0.02345 0.13086
-0.045394 -0.021312 0.2985
-0.003205 -0.12793 0.25313
-0.095615 -0.03809 0.34484
-0.009397 0.011528 0.480024
0.075975 0.10555 0.18207
-0.048818 -0.006324 0.286897
0.040505 0.03794 0.07969
-0.005345 -0.10031 0.15536
-0.034575 0.11942 0.09936
0.091325 0.09391 0.18712
0.081845 -0.02577 0.11522
-0.039355 -0.12717 0.09677
-0.003375 -0.12209 0.32253
-0.026465 0.05523 0.1604
-0.087865 -0.07002 0.33704
-0.053905 0.07834 0.34306
-0.098815 0.10549 0.17527
0.076715 -0.06465 0.08941
0.023885 -0.11942 0.09936
0.013895 -0.0074 -0.018
-0.075825 -0.00168 0.493845
0.079695 -0.10424 0.22167
0.075535 0.07825 0.13271
-0.098535 -0.09468 0.1199
0.055915 0.04339 0.27419
-0.005345 -0.0196 0.08914
-0.010205 0.06708 0.33988
-0.120425 0.04988 0.25125
-0.025241 -0.00178 0.480854
-0.067988 0.011362 0.287179
0.083625 0.09544 0.17464
-0.026465 0.03437 0.14857
-0.084186 -0.015971 0.304514
-0.005345 0.07 0.0554
-0.016755 0.08925 0.0596
-0.074695 0.12295 0.2577
-0.005915 -0.018 -0.018
-0.056295 0.05523 0.07143
0.015775 0.05523 0.1604
-0.01706 0.015613 0.479765
-0.010835 -0.0137 -0.018
-0.000145 0.1 0.08
-0.005516 -0.040055 0.290684
0.101345 0.05742 0.17502
-0.119845 0.05799 0.26437
0.018785 -0.12247 0.30227
0.009967 0.021666 0.447395
-0.041775 0.074 0.34482
-0.029395 -0.0906 0.0995
-0.016008 0.041456 0.25472
-0.011535 -0.0353 -0.0123
0.000495 0.022584 0.285284
0.050785 0.0653 0.0418
0.064675 0.0 0.1355
0.074995 -0.05025 0.06399
0.015775 0.03437 0.14857
0.039495 0.12051 0.18768
0.053835 -0.02019 0.27823
0.045605 -0.05523 0.07143
-0.043166 -0.020106 0.298403
-0.027675 0.0146 0.1723
0.080875 0.05465 0.10901
0.094925 -0.09167 0.18596
0.078525 0.02637 0.06113
-0.069612 0.019925 0.287681
-0.019417 0.010255 0.478823
-0.010266 -0.039252 0.290118
-0.060364 -0.023582 0.299145
-0.031916 0.007709 0.479045
-0.107775 -0.01279 0.33092
-0.018396 0.009783 0.480637
-0.005345 -0.1246 0.11
-0.081245 0.05096 0.3478
0.033325 -0.12428 0.16835
0.019475 0.02807 0.14031
0.029105 -0.0906 0.0995
0.011175 0.098 0.06464
-0.032875 0.06202 0.1604
-0.028256 0.018114 0.476109
0.008665 0.07406 0.05645
0.005635 -0.12791 0.25936
-0.011742 0.009171 0.47969
-0.023697 0.003337 0.481016
0.082605 0.00257 0.07744
-0.055795 -0.12164 0.08202
-0.062805 -0.07085 0.3481
0.028675 0.00366 0.33958
-0.034575 -0.11942 0.09936
0.047425 0.10826 0.08585
-0.045407 -0.027275 0.300096
0.005365 0.07749 0.16355
-0.091555 0.09949 0.31666
0.014335 0.12079 0.30038
-0.026325 0.10344 0.33556
-0.070335 -0.0536 0.35395
-0.063099 0.022154 0.488158
-0.031314 -0.007438 0.30371
0.084375 -0.04331 0.24636
0.102125 0.07927 0.19358
-0.07236 0.018075 0.288119
0.022805 -0.10872 0.30711
-0.096825 0.10504 0.15282
-0.084716 -0.024264 0.305377
-0.005345 0.11536 0.07969
0.107955 0.00254 0.20436
0.054615 -0.08736 0.14031
0.026365 -0.11935 0.28524
0.024525 0.12279 0.20153
0.003701 -0.010431 0.478922
0.083385 -0.01244 0.09398
-0.026058 0.006523 0.480413
-0.086139 -0.01715 0.305617
0.088535 0.08793 0.23037
0.014645 0.04581 0.327
-0.108255 0.10316 0.23671
-0.055295 -0.0707 0.08
-0.083433 -0.015892 0.304116
-0.005345 -0.03143 0.14857
-0.023293 0.004654 0.480253
0.100715 0.05442 0.22732
0.045605 0.03437 0.08914
-0.020553 0.022089 0.476712
-0.077415 0.07 0.13086
0.081635 0.03166 0.25072
-0.047186 -0.018042 0.494
-0.077053 0.005434 0.493086
-0.024095 0.004092 0.481075
0.027385 -0.0146 -0.0123
0.045605 -0.08477 0.07143
0.004747 0.026088 0.285836
0.042985 0.05333 0.29132
0.070525 0.0375 0.0605
-0.031347 0.013218 0.479083
0.040505 0.03794 0.14031
-0.017694 0.012345 0.479488
0.107845 0.01685 0.20497
-0.048685 0.07 0.06464
-0.119135 0.06903 0.23652
0.047645 0.11987 0.19817
0.071925 0.0652 0.07832
-0.011155 0.0798 0.05645
-0.106145 -0.05499 0.323
-0.059395 -0.1078 0.09936
0.037065 0.06596 0.29804
0.069855 -0.05499 0.25881
-0.054195 -0.0693 0.0605
-0.035175 -0.07 0.0596
-0.020942 0.001476 0.480689
-0.051075 -0.0653 0.0418
-0.083015 0.09428 0.32701
-0.053885 0.07527 0.34406
-0.031164 0.003131 0.48114
-0.038065 -0.0233 0.299778
-0.107305 -0.10758 0.23419
-0.062315 0.0583 0.35017
-0.070815 0.0375 0.0605
-0.022391 0.023649 0.47593
0.045645 -0.0587 0.0245
0.086575 -0.0293 0.12903
0.003086 -0.008857 0.479132
-0.018575 -0.1296 0.23392
-0.106265 0.10644 0.25311
-0.037302 0.014434 0.480163
0.034755 -0.01116 0.30377
0.070145 0.09523 0.15931
-0.018637 0.045448 0.255546
-0.035175 0.0196 0.11
0.072435 0.06938 0.08148
0.072735 -0.07 0.11
0.081315 0.03554 0.11251
-0.050015 -0.012359 0.287397
0.030435 0.0392 0.1631
0.078555 0.06937 0.1327
-0.000145 0.0923 0.1182
0.005625 0.018 -0.018
-0.080521 -0.023348 0.303122
-0.068725 -0.10673 0.08009
-0.005915 0.018 0.178
0.023075 0.12292 0.25237
-0.065035 0.028347 0.486301
-0.018687 0.037414 0.254828
-0.028645 -0.0684 0.347
-0.073555 0.03878 0.36344
-0.106345 -0.08827 0.29334
0.101605 0.00254 0.22426
0.101405 -0.08212 0.20441
-0.009005 -0.12751 0.15563
-0.064818 0.017305 0.286771
0.045645 0.0587 0.1355
-0.106045 -0.08368 0.15602
0.071845 0.0 0.0418
-0.120395 -0.04584 0.27349
-0.031915 -0.13275 0.31972
-0.000145 0.098 0.0605
0.022185 0.06202 0.0596
-0.034575 0.02058 0.09936
-0.070471 0.011615 0.287623
-0.000145 0.0707 0.1507
-0.035975 -0.04858 0.06464
-0.119435 0.05122 0.23219
-0.038147 0.014625 0.286455
0.010536 0.027162 0.447792
0.038035 -0.04075 0.30271
-0.065305 -0.05264 0.07969
-0.030165 0.02807 0.14031
-0.043334 -0.006899 0.286381
0.081895 0.1052 0.2024
0.077735 0.06829 0.10768
0.057545 -0.0598 0.26958
0.082445 0.02124 0.08604
-0.021865 -0.042 0.15536
0.014369 0.019859 0.446454
0.099255 0.06367 0.22807
0.058605 -0.11808 0.18463
-0.030165 -0.11193 0.07969
-0.009162 0.014044 0.480219
-0.119585 -0.05661 0.24723
-0.040657 -0.020287 0.298707
0.034695 0.08155 0.06464
0.076605 0.07532 0.1327
-0.065305 -0.08736 0.07969
-0.111085 0.0726 0.29958
-0.005345 0.11536 0.14031
-0.027749 -0.005524 0.304458
0.048705 -0.1078 0.09936
0.031735 -0.11944 0.25785
0.006209 -0.012301 0.477745
0.059515 -0.07 0.07969
-0.039298 -0.01482 0.49315
-0.025408 -0.006273 0.305078
-0.119015 -0.072 0.24856
0.082605 -0.01618 0.08603
0.105885 0.01531 0.21491
-0.029945 -0.0923 0.08
-0.045935 -0.0587 0.1355
0.080515 -0.0266 0.24959
0.013485 0.12164 0.28219
0.010995 -0.05271 0.33179
-0.026056 -0.002023 0.480951
-0.016755 -0.08925 0.0596
-0.047182 -0.013201 0.493695
0.033695 -0.09723 0.14857
-0.037957 0.013893 0.480265
-0.060372 -0.032127 0.299683
0.001344 0.022667 0.28535
-0.006142 -0.046559 0.292376
0.074735 0.07726 0.10706
0.089975 -0.02297 0.23991
0.062575 -0.10188 0.10837
0.049815 0.07 0.07143
-0.044285 -0.04277 0.14857
-0.021652 0.011357 0.478362
-0.03677 0.007505 0.286137
-0.120255 0.05522 0.25869
-0.021865 0.098 0.15536
-0.016056 0.007416 0.48034
-0.000145 0.0707 0.0093
-0.065765 -0.12608 0.12035
0.108035 -0.01176 0.20499
0.016823 -0.030963 0.292465
0.036405 0.07175 0.29713
-0.048015 0.12755 0.31375
-0.029395 0.0906 0.0995
0.040505 0.10206 0.07969
0.048705 0.0322 0.09936
-0.041489 -0.028338 0.30078
0.017183 -0.023919 0.290748
-0.005345 -0.03969 0.15536
-0.110155 0.05551 0.3052
0.050785 0.027 0.1507
0.086015 -0.07803 0.15908
0.083905 -0.01321 0.10637
-0.0263 -0.013916 0.305354
-0.118635 0.0608 0.22463
0.070525 -0.0375 0.0995
-0.005345 0.03143 0.07143
-0.035975 0.04858 0.06464
-0.044385 0.04277 0.07143
-0.028458 0.018909 0.475865
-0.016755 0.08925 0.1604
-0.077415 -0.07 0.13086
0.101985 -0.03056 0.22481
-0.016491 0.010115 0.479417
-0.071915 -0.08925 0.08914
0.028765 -0.11562 0.28317
0.010498 0.021012 0.447243
-0.075865 0.11904 0.22459
-0.004875 -0.12556 0.32185
-0.056446 -0.030959 0.299286
0.072855 -0.06733 0.0743
0.014055 -0.12665 0.28233
0.092885 -0.07615 0.16694
0.038775 0.0499 0.0093
-0.062285 0.021934 0.4883
-0.016055 -0.07749 0.05645
-0.021609 0.003087 0.480577
-0.04664 -0.012545 0.49361
-0.017782 0.013194 0.479542
0.025285 0.09142 0.15536
0.034585 -0.01596 0.30322
0.071115 -0.09156 0.12917
0.099355 -0.05862 0.22813
0.050425 0.09551 0.25739
0.078635 -0.07434 0.13274
-0.027675 0.0853 0.0418
-0.020565 -0.07 0.05645
0.054535 -0.10993 0.23887
-0.051075 0.0653 0.1182
0.004985 0.06003 0.33331
-0.053105 -0.13092 0.2481
0.006535 -0.05579 0.33514
-0.037665 -0.12348 0.08235
-0.011015 -0.12668 0.17286
-0.091445 0.07072 0.32961
0.011175 -0.098 0.15536
0.053905 -0.0693 0.0605
-0.057325 0.1223 0.10243
-0.043255 0.12595 0.12268
-0.092375 0.07352 0.32768
-0.056295 -0.08477 0.14857
0.098735 0.05933 0.17069
0.009875 0.07 0.16355
-0.007708 -0.047225 0.292439
-0.0274 0.01674 0.476638
-0.003085 0.12429 0.25177
-0.018872 0.009628 0.47903
-0.046406 -0.005604 0.286609
-0.071515 0.1266 0.30726
-0.071915 -0.05075 0.13086
0.013584 0.028464 0.44737
-0.069666 0.011365 0.287475
-0.039235 0.010809 0.480412
-0.010334 0.010115 0.479857
-0.002591 0.023859 0.285153
-0.088405 0.03634 0.34921
-0.017679 0.002121 0.480373
-0.065305 -0.05264 0.14031
0.064415 0.08787 0.08269
-0.051075 -0.027 0.1507
-0.012594 -0.044816 0.291434
0.075775 0.0743 0.10725
-0.051295 -0.1278 0.14996
0.039465 0.02259 0.30037
-0.023351 0.011318 0.478248
-0.059395 -0.1078 0.12064
-0.030165 -0.11193 0.14031
-0.093105 0.04216 0.34252
-0.020079 0.010764 0.478637
-0.007985 -0.06216 0.34354
-0.060505 0.07 0.07143
-0.035175 0.1204 0.11
-0.065305 -0.08736 0.14031
-0.011155 -0.0798 0.16355
-0.070236 0.000644 0.495062
0.059515 -0.07 0.14031
-0.105095 -0.01194 0.33621
-0.060505 -0.07 0.14857
-0.112435 -0.0108 0.32094
-0.082765 -0.08896 0.32591
0.099115 -0.05426 0.17046
-0.020095 0.00139 0.480601
-0.014185 -0.0074 0.178
-0.023599 -0.009907 0.305755
0.045605 -0.10563 0.13086
0.013584 -0.031595 0.291947
0.065325 0.09044 0.09936
-0.076015 0.09044 0.09936
-0.099835 -0.10953 0.28636
-0.015812 0.006597 0.480295
-0.056295 0.08477 0.14857
0.023885 0.11942 0.12064
-0.111255 0.04868 0.30552
0.078505 -0.00291 0.05398
-0.018431 0.001719 0.48044
-0.045385 -0.08155 0.15536
-0.005345 -0.01645 0.09936
-0.030119 -0.006244 0.303925
0.091225 0.08732 0.22709
-0.117545 0.04337 0.27989
0.099175 0.08631 0.20418
-0.053235 0.11837 0.0848
-0.021205 0.027 -0.0123
-0.097655 0.07076 0.32281
-0.032075 0.06499 0.34648
-0.051075 -0.027 0.0093
0.020915 0.0653 0.1507
0.004199 -0.011095 0.47871
0.084225 0.05988 0.15255
0.026595 -0.12006 0.08305
0.022185 -0.06202 0.0596
0.079085 0.10662 0.21201
0.003248 -0.006341 0.47887
-0.065211 0.018061 0.286859
-0.039549 -0.017335 0.493329
-0.005345 -0.0196 0.13086
-0.043832 0.012275 0.286974
0.006065 -0.04348 0.34555
0.008665 0.06594 0.16355
0.049815 -0.03143 0.11
-0.035175 -0.07 0.1604
-0.018466 0.00891 0.479252
-0.063083 0.029945 0.486071
-0.036607 0.006772 0.479848
-0.034575 0.02058 0.12064
-0.026511 0.008722 0.478708
-0.040674 -0.028078 0.300793
-0.021205 -0.027 0.1723
0.003587 -0.00559 0.478639
-0.077594 0.004778 0.492996
-0.000355 0.022667 0.285229
-0.116065 0.05579 0.28789
-0.086265 0.07562 0.33168
0.002992 -0.008006 0.479121
-0.043185 -0.028377 0.300618
-0.118715 0.07154 0.26649
-0.000145 -0.0831 0.1355
-0.070815 -0.0375 0.0605
-0.079715 -0.02194 0.302601
0.008215 0.12467 0.24416
-0.089675 -0.03175 0.34972
-0.114495 -0.05458 0.28677
0.033595 -0.04277 0.14857
0.034465 -0.12408 0.20242
0.079145 -0.09678 0.23178
-0.046395 -0.13486 0.31357
0.024105 0.12316 0.23363
-0.065445 0.024382 0.487323
0.067405 -0.01311 0.26144
-0.003881 0.026938 0.285279
-0.021358 0.01674 0.477904
0.020915 0.0653 0.0093
-0.087685 -0.07245 0.3342
-0.081925 -0.07 0.09936
0.024655 0.0768 0.1355
-0.079505 -0.12899 0.29686
0.082375 -0.10593 0.21287
-0.034124 0.006519 0.479404
-0.032525 0.014424 0.479321
-0.057135 -0.13184 0.27094
0.088285 -0.03475 0.15525
-0.094955 0.04641 0.33831
0.106885 0.05357 0.19139
0.047965 0.11483 0.16525
-0.088775 0.09233 0.32334
-0.005345 -0.0154 0.11
0.011595 0.12117 0.29456
-0.033316 0.006766 0.479268
0.022185 0.06202 0.1604
-0.082676 -0.015981 0.303726
-0.030975 0.009123 0.478915
-0.019355 0.07406 0.16355
0.070525 0.0375 0.0995
-0.101475 -0.08274 0.1209
0.011245 0.0353 -0.0123
0.048705 0.0322 0.12064
0.066385 -0.0353 0.0418
0.108115 0.03094 0.19884
0.049075 0.11631 0.17823
0.035105 -0.12394 0.19263
-0.005485 -0.046018 0.292281
0.011175 0.098 0.15536
0.048415 0.113 0.10776
-0.055245 -0.12594 0.18357
-0.020845 -0.12581 0.32617
0.080515 -0.03267 0.09187
-0.03027 -0.013488 0.304355
0.085935 0.06358 0.24407
-0.024905 -0.01298 0.305634
-0.084545 -0.04033 0.3517
-0.100025 -0.0667 0.3248
-0.092285 -0.1234 0.24743
0.023495 0.09423 0.31428
-0.054195 -0.0693 0.0995
-0.112505 0.01091 0.32049
0.066725 -0.09086 0.11
-0.076015 -0.09044 0.09936
-0.065438 0.027609 0.486457
-0.047251 -0.014228 0.287237
-0.06713 0.019672 0.287238
0.108075 -0.02535 0.20614
0.059115 0.10589 0.13983
0.052785 0.11122 0.23674
0.027035 0.0985 0.30437
-0.016755 -0.08925 0.1604
0.008927 -0.004425 0.475769
0.020915 -0.027 -0.0123
-0.077675 -0.12547 0.22338
-0.064493 0.028998 0.486181
0.028835 -0.09399 0.30486
-0.030773 -0.006782 0.3038
0.083305 -0.03568 0.24724
-0.098735 0.11299 0.24193
-0.085565 -0.016612 0.30528
0.077375 0.04174 0.08707
-0.019935 -0.12775 0.32513
-0.016086 0.042303 0.25481
-0.040155 -0.0212 -0.0031
-0.060505 -0.03143 0.11
0.083005 0.00255 0.08238
0.016775 -0.10671 0.31491
-0.029318 0.005892 0.480781
0.049045 -0.12169 0.19799
-0.065015 -0.13204 0.31147
-0.005345 0.08064 0.05645
0.105085 0.05407 0.21682
-0.017459 0.014861 0.479683
0.028545 0.07109 0.31391
0.024655 -0.0768 0.1355
0.054555 0.11476 0.22615
0.004081 0.029357 0.286019
-0.060045 -0.0318 0.1355
-0.011017 -0.039659 0.290172
0.065685 -0.08869 0.25043
0.080475 -0.05766 0.10441
-0.043991 -0.013598 0.28687
-0.048685 0.07 0.15536
-0.023897 0.038966 0.25589
-0.047835 -0.016468 0.493954
-0.077605 -0.12717 0.23416
0.101935 0.01378 0.22436
-0.011155 0.0602 0.05645
-0.000145 0.098 0.0995
0.091865 0.03642 0.24014
-0.020794 0.003345 0.480569
-0.105235 -0.11071 0.25143
-0.02449 -0.001382 0.480753
0.016616 0.027218 0.446721
0.009875 -0.07 0.05645
-0.01098 -0.046671 0.292049
0.005365 -0.07749 0.05645
-0.105595 -0.06025 0.32054
0.105555 0.03841 0.18321
-0.026494 0.005495 0.479573
-0.02401 0.023971 0.475509
0.077285 -0.04837 0.09561
-0.093895 -0.08491 0.31886
0.033595 0.09723 0.14857
-0.035175 0.07 0.0596
-0.077415 0.07 0.08914
-0.06718 0.011608 0.287043
0.106605 0.06171 0.20516
0.108135 0.00255 0.19708
-0.115275 -0.02679 0.20276
-0.019495 0.03716 0.254948
-0.083984 -0.024516 0.305013
-0.091535 -0.04442 0.34658
0.099835 0.07896 0.18379
-0.096565 -0.0546 0.3374
-0.024289 0.039714 0.256027
-0.044743 -0.005946 0.286463
-0.119435 -0.04455 0.29417
0.105555 -0.02682 0.18418
-0.024264 -0.007482 0.305436
0.024925 0.11991 0.08513
-0.083425 -0.07 0.11
0.088205 0.03984 0.15532
-0.016055 -0.06251 0.05645
-0.023833 0.005317 0.480265
-0.013406 0.00884 0.479547
-0.000145 -0.0923 0.0418
-0.071685 -0.09017 0.07759
-0.052755 0.10305 0.33495
-0.032875 0.11655 0.13086
-0.000145 0.0382 -0.0123
-0.005345 -0.01645 0.12064
-0.119355 0.06891 0.26
0.032465 0.04249 0.3121
-0.019355 -0.07406 0.16355
0.017518 0.022489 0.446135
-0.080225 0.12308 0.30493
-0.008005 -0.12844 0.25024
0.017975 -0.04246 0.32887
0.098345 -0.02801 0.16975
-0.02316 0.002675 0.480945
-0.035745 -0.06785 0.34849
-0.059395 -0.0322 0.09936
0.072505 -0.06327 0.07208
-0.023698 -0.010757 0.305786
-0.030725 0.009941 0.478891
0.080475 0.00256 0.06123
0.025285 -0.04858 0.06464
-0.029974 -0.000807 0.481269
0.005545 0.07238 0.33038
0.107635 0.03723 0.20667
-0.000145 -0.0195 0.178
0.095035 -0.06729 0.16639
-0.01261 -0.041589 0.29057
0.012691 0.019843 0.446749
-0.035975 -0.04858 0.15536
0.034145 -0.1217 0.23126
-0.032875 0.07798 0.0596
0.006845 0.05079 0.33285
0.013895 0.0074 -0.018
0.045605 -0.03437 0.08914
0.012105 -0.11599 0.31547
-0.040155 -0.0212 0.1631
-0.016755 0.05075 0.1604
0.043565 0.06566 0.28691
-0.122005 -0.0444 0.27539
-0.058845 -0.13266 0.2867
-0.119545 0.04702 0.26866
0.030925 -0.12356 0.2239
0.106225 0.06129 0.19166
-0.074475 0.11892 0.18535
-0.026755 0.007925 0.478903
0.023885 -0.02058 0.09936
0.071235 0.07 0.09936
-0.064965 0.0 0.0245
-0.037455 -0.06913 0.34862
-0.026465 -0.05523 0.1604
0.022185 -0.12573 0.1826
0.023475 -0.12571 0.22559
0.000465 -0.0798 0.05645
-0.021865 -0.042 0.06464
-0.038435 0.12478 0.09796
-0.054495 0.12146 0.18288
-0.063895 0.12303 0.12063
-0.010835 0.0137 -0.018
-0.00945 -0.038992 0.290109
-0.000145 0.0195 -0.018
0.019475 -0.02807 0.07969
-0.098005 -0.05998 0.33299
0.030435 -0.0392 -0.0031
0.022185 -0.06202 0.1604
-0.107305 0.10483 0.24493
-0.088245 -0.09578 0.31927
-0.047865 0.12309 0.25423
0.107105 0.00255 0.18969
0.010545 -0.0137 -0.018
0.015775 -0.05523 0.1604
-0.022032 0.016213 0.477897
0.023565 -0.08916 0.31407
-0.044734 -0.020772 0.298422
-0.06385 0.022527 0.487982
-0.029945 0.0923 0.08
0.007718 -0.012311 0.476958
-0.027675 0.0146 -0.0123
-0.000145 -0.0382 0.1723
0.037995 0.07 0.15536
-0.031164 0.001431 0.481247
-0.031414 -0.012279 0.303997
-0.008165 -0.09242 0.33351
0.071235 -0.07 0.09936
0.081315 -0.07226 0.15109
0.061645 0.10592 0.16644
-0.077415 -0.09086 0.11
-0.000145 -0.098 0.0605
-0.005345 -0.08064 0.16355
0.087525 0.02306 0.13277
0.004739 0.027787 0.285955
0.056715 0.07092 0.26665
0.104235 0.06286 0.21706
0.039345 0.03718 0.30032
-0.084825 0.11531 0.15003
-0.093455 -0.11504 0.18936
0.006065 -0.05075 0.1604
0.035345 0.01438 0.30217
-0.016055 0.07749 0.05645
0.040505 -0.10206 0.07969
-0.065475 0.12462 0.27347
-0.034575 -0.02058 0.09936
0.050785 -0.0653 0.1182
-0.011535 0.0353 0.1723
0.051855 -0.11564 0.13712
0.025125 -0.1254 0.20144
-0.026465 -0.08477 0.1604
-0.010991 0.009574 0.479772
0.081335 -0.02559 0.07876
0.028535 -0.06597 0.31389
0.022185 -0.11655 0.13086
0.048705 0.1078 0.09936
-0.043333 -0.01306 0.286769
-0.020043 0.003753 0.480515
-0.085994 -0.023311 0.305977
-0.064589 0.014784 0.286667
-0.114305 -0.05076 0.30696
-0.087465 -0.07327 0.33268
0.091755 0.05966 0.1614
0.040505 -0.03794 0.07969
-0.032875 -0.11655 0.13086
-0.044419 -0.019912 0.493891
-0.032865 -0.05633 0.35613
0.009574 0.022415 0.447532
-0.023663 -0.009057 0.305685
-0.076015 0.04956 0.12064
0.084825 0.00255 0.10742
-0.014185 0.0074 0.178
-0.072725 -0.13366 0.29234
-0.077415 -0.07 0.08914
-0.061939 -0.031467 0.29977
-0.097605 0.11451 0.25056
0.081845 -0.02385 0.08439
0.040885 0.01555 0.29808
0.069195 0.03666 0.2621
-0.013205 -0.12633 0.18994
-0.005345 -0.10857 0.07143
0.024125 0.12479 0.1384
-0.044385 -0.09723 0.07143
0.076295 0.0 0.0605
0.015775 -0.08477 0.1604
-0.011674 -0.040199 0.290268
-0.03925 -0.021168 0.299086
0.091505 -0.08052 0.16743
0.107295 -0.04848 0.19131
0.009997 0.026497 0.447827
0.009098 -0.01167 0.476192
-0.113175 -0.05695 0.30414
-0.024365 -0.012323 0.305724
0.077475 -0.07317 0.10674
-0.03198 -0.009005 0.303647
-0.061437 0.021872 0.488402
-0.047833 -0.014768 0.493847
-0.005345 0.0154 0.11
0.101235 0.07517 0.18366
-0.053475 0.12743 0.3064
0.024485 0.0196 0.11
-0.011155 -0.0602 0.05645
-0.081065 -0.09822 0.3241
0.033695 0.04277 0.14857
0.059325 0.10389 0.10882
0.030435 -0.0392 0.1631
-0.006235 0.12751 0.13265
0.017778 0.025004 0.446316
-0.022472 0.009387 0.481042
0.097315 0.04258 0.16703
0.099745 0.01948 0.17157
0.098975 -0.08244 0.1834
0.016064 -0.031354 0.292405
0.016464 -0.023527 0.290498
-0.090455 -0.08646 0.32181
-0.016454 0.008171 0.4804
0.019475 -0.02807 0.14031
-0.061188 -0.031875 0.299734
0.027385 0.0146 0.1723
-0.005345 0.10031 0.15536
-0.038999 0.006315 0.286334
-0.035175 -0.1204 0.11
-0.115595 0.05482 0.28961
-0.072135 0.0382 0.08
0.081265 -0.01964 0.06996
-0.06578 0.012552 0.28682
0.079775 -0.0215 0.06079
-0.005345 0.12355 0.12064
0.098825 0.03309 0.16941
0.024315 0.03352 0.31822
-0.046338 -0.022702 0.298776
-0.086715 0.05114 0.34384
-0.030725 -0.0392 -0.0031
-0.071915 0.05075 0.08914
-0.045385 -0.08155 0.06464
-0.087615 -0.11554 0.14931
-0.064501 0.015635 0.286673
-0.004225 -0.043007 0.291569
-0.012933 -0.04321 0.29098
-0.035175 0.07 0.1604
-0.026995 -0.08868 0.3405
-0.119005 0.04995 0.27346
0.033795 -0.00735 0.30909
0.036635 0.00255 0.3004
-0.019954 0.019735 0.477437
0.054875 0.01704 0.27668
0.078445 -0.06228 0.09644
0.079565 -0.07129 0.13273
-0.015355 -0.0 -0.018
0.010915 -0.07376 0.3273
-0.024945 -0.0768 0.0245
0.011285 0.09652 0.32306
-0.016522 0.016273 0.47985
-0.057725 -0.12736 0.21667
0.017497 -0.030436 0.292472
-0.001214 0.030961 0.285754
-0.005345 0.01645 0.12064
0.005365 -0.06251 0.05645
-0.038496 0.013232 0.480343
0.067645 0.09452 0.1291
0.011975 0.12026 0.31575
0.059755 0.0318 0.0245
0.040505 -0.10206 0.14031
-0.031722 -0.008189 0.303658
-0.026905 0.006612 0.480493
0.066725 0.09086 0.11
-0.000145 -0.0 -0.02
-0.042337 -0.028438 0.300721
-0.056295 -0.05523 0.14857
-0.021865 0.042 0.06464
0.023885 -0.02058 0.12064
0.095305 0.06373 0.23371
-0.030415 0.12495 0.24775
0.101675 -0.07452 0.18319
-0.030901 -0.012943 0.304166
0.071235 0.07 0.12064
-0.059395 0.1078 0.12064
-0.024529 0.040527 0.256143
-0.023867 0.043797 0.256322
0.017856 0.024156 0.446225
-0.034964 0.006437 0.47955
0.089155 0.03435 0.15648
-0.016055 0.06251 0.16355
-0.032875 0.02345 0.13086
-0.025272 0.015581 0.477379
-0.065075 0.12568 0.28706
0.082155 -0.02415 0.09877
-0.037347 0.007177 0.479988
0.035135 0.02103 0.30367
0.006105 0.09154 0.32682
0.040505 -0.03794 0.14031
-0.071915 0.08925 0.13086
-0.042319 -0.020005 0.298462
-0.077415 -0.04914 0.11
-0.050418 -0.008269 0.28718
0.045605 -0.05523 0.14857
0.092675 0.07639 0.16756
0.068755 0.01848 0.26261
-0.084755 0.04675 0.34769
0.008665 -0.07406 0.16355
-0.118035 0.07974 0.25568
0.056735 0.06462 0.26878
0.032495 -0.11015 0.28009
-0.055904 -0.030302 0.299201
-0.032775 -0.06598 0.35074
-0.083525 0.02623 0.36611
-0.032875 0.07798 0.1604
0.009527 -0.004971 0.475494
-0.016685 -0.0513 -0.0031
-0.005345 -0.12355 0.09936
0.018862 -0.026614 0.291786
-0.042061 -0.009987 0.286448
0.004105 0.024519 0.285679
-0.078815 0.03454 0.36402
0.018777 -0.028267 0.292188
-0.06354 -0.029503 0.299778
-0.109575 -0.10337 0.25329
-0.072782 0.013981 0.28809
-0.055251 -0.027036 0.298942
-0.075785 0.12156 0.24653
-0.031791 -0.011524 0.303856
0.009165 0.12123 0.31593
0.005845 0.08198 0.32859
0.053905 0.0693 0.0605
0.028685 0.00251 0.34016
-0.071688 0.005943 0.494365
-0.029945 0.0 0.1723
-0.057169 0.025366 0.4879
-0.118485 0.07717 0.24844
-0.078145 0.0 0.08
0.030435 0.0392 -0.0031
0.002159 0.022915 0.285426
0.031535 0.05205 0.31302
-0.026465 0.03437 0.07143
-0.004425 -0.05861 0.34583
0.010477 -0.009724 0.475334
0.066385 0.0353 0.1182
0.010638 -0.007209 0.475073
0.091005 -0.03137 0.23933
-0.005345 -0.07 0.0554
-0.056295 0.10563 0.13086
0.020915 0.027 0.1723
-0.030165 0.02807 0.07969
-0.088125 0.04242 0.34729
-0.036525 0.1216 0.08469
-0.091595 -0.09436 0.31654
-0.030725 -0.0392 0.1631
-0.020565 0.07 0.16355
0.065325 0.04956 0.09936
0.082465 -0.05302 0.11236
-0.05785 -0.023845 0.298955
-0.002622 0.030017 0.285587
0.050785 -0.027 0.1507
0.082565 0.08878 0.23654
0.094925 0.09201 0.19581
-0.019355 -0.06594 0.16355
0.015775 0.03437 0.07143
-0.035822 0.008919 0.286076
0.008775 -0.12267 0.31516
0.010357 -0.027441 0.290214
0.017155 0.12406 0.22718
0.105525 -0.04839 0.18429
0.015555 0.12389 0.25555
0.091655 -0.09835 0.19455
-0.021205 0.0653 0.1507
0.024485 0.1204 0.11
0.031765 0.12075 0.23054
0.045605 -0.08477 0.14857
0.037415 -0.06693 0.29756
0.090695 0.02333 0.159
-0.068773 0.020007 0.287535
0.034005 0.1218 0.19282
-0.118685 0.04854 0.27537
0.055425 -0.01188 0.27712
-0.117995 -0.02949 0.21961
-0.119735 -0.04261 0.29419
-0.018126 0.007303 0.479707
-0.007205 0.12345 0.31787
0.086845 -0.03543 0.13939
-0.042714 -0.011376 0.493214
-0.004548 -0.044628 0.291978
0.014846 -0.023205 0.290077
0.081565 0.05898 0.13296
0.039865 -0.0212 -0.0031
-0.004947 -0.045366 0.292146
0.014008 -0.023286 0.289922
-0.093785 0.03125 0.34644
0.067535 0.09323 0.10868
-0.059515 -0.023503 0.29907
0.015065 0.0 0.178
0.105295 -0.03331 0.18331
0.026385 -0.12471 0.23365
0.006065 0.08925 0.0596
-0.031377 0.008369 0.478967
-0.051195 0.10206 0.07969
-0.091505 0.11952 0.28044
0.086315 0.0346 0.14117
0.055005 0.0 0.1507
0.023595 0.12001 0.28457
0.083705 0.02158 0.12047
0.009875 -0.07 0.16355
-0.094735 -0.00678 0.34674
-0.051195 -0.03794 0.14031
-0.074645 -0.13184 0.26768
-0.049475 -0.013023 0.287385
-0.082045 -0.12383 0.30355
0.068805 -0.03155 0.26176
0.107335 0.04191 0.19106
0.005365 -0.07749 0.16355
-0.057098 -0.024252 0.298919
-0.110865 0.09509 0.20589
-0.057005 0.12009 0.21746
0.102915 -0.07813 0.20425
-0.035975 0.09142 0.06464
-0.042144 -0.010837 0.28651
0.102215 0.02836 0.22481
-0.122665 -0.03366 0.25605
-0.026834 0.0071 0.479118
0.018405 0.0509 0.32448
0.107215 -0.05668 0.20523
-0.016685 -0.0513 0.1631
-0.004313 -0.042187 0.291342
0.026575 0.12274 0.18654
0.088475 -0.01817 0.14482
0.045605 0.08477 0.14857
-0.024945 0.0768 0.0245
-0.020794 0.017382 0.477859
-0.016755 -0.05075 0.1604
0.015922 0.020523 0.44624
-0.017055 -0.12806 0.21857
0.099915 -0.08087 0.21445
-0.078358 0.002362 0.492965
-0.086604 -0.017806 0.305907
-0.015074 0.009171 0.479451
0.045605 -0.03437 0.13086
-0.113725 0.08863 0.27845
-0.039546 -0.014001 0.493119
0.022185 0.07798 0.0596
0.051725 -0.11281 0.10718
-0.038711 -0.021795 0.299308
0.056365 0.11625 0.18604
-0.119915 0.05732 0.24077
0.079545 0.00256 0.05757
-0.005345 0.1204 0.13086
-0.038898 0.012479 0.480395
0.025285 -0.04858 0.15536
0.027635 0.12052 0.24932
-0.021173 0.037143 0.255244
-0.071166 0.019276 0.287939
-0.086845 0.11453 0.16961
0.005625 -0.018 -0.018
0.108025 -0.03214 0.2067
-0.089885 0.1164 0.23027
0.069885 0.06758 0.07344
0.056235 0.0517 0.27237
-0.042391 -0.011652 0.286586
-0.072095 -0.12436 0.15014
0.011175 -0.042 0.15536
0.009258 0.024075 0.447738
0.006425 -0.077 0.32984
-0.027675 -0.0853 0.1182
0.084755 0.03856 0.1222
-0.020904 0.010036 0.480899
-0.000145 0.0923 0.0418
-0.005345 0.1246 0.11
-0.079794 -0.018606 0.302407
-0.000145 -0.098 0.0995
-0.041146 -0.012036 0.493127
-0.032875 0.11655 0.08914
0.085055 -0.02814 0.12444
0.028405 0.12289 0.17165
-0.034575 0.11942 0.12064
-0.082895 -0.12091 0.30659
0.030125 0.0616 0.31353
-0.065241 0.013212 0.286742
0.044665 -0.06697 0.28521
0.027385 0.0853 0.0418
0.023885 -0.11942 0.12064
-0.033655 0.12643 0.32333
0.029655 -0.0923 0.08
0.014422 0.028388 0.447215
-0.021205 -0.027 -0.0123
-0.043435 -0.0 -0.0031
0.010397 -0.028267 0.290432
-0.053185 0.09477 0.33765
-0.061875 0.12566 0.28817
0.016395 -0.0513 -0.0031
0.036755 0.04603 0.30448
0.055005 0.0707 0.08
-0.010055 0.05291 0.34862
-0.027094 0.02273 0.475178
0.045605 0.05523 0.14857
-0.026465 0.10563 0.07143
0.039865 -0.0212 0.1631
-0.065305 0.08736 0.07969
-0.001105 0.1245 0.23768
0.070535 0.05342 0.0657
0.002225 -0.04696 0.34653
-0.029378 -0.005846 0.30408
0.021925 0.12348 0.22576
0.000465 -0.0798 0.16355
0.006545 0.12173 0.31299
0.005365 0.06251 0.05645
0.011245 -0.0353 0.1723
-0.005345 -0.05936 0.05645
-0.017248 0.044519 0.255216
0.020915 -0.0653 0.1507
-0.016685 0.0513 -0.0031
-0.065305 0.05264 0.07969
0.004053 -0.004934 0.47835
0.022185 -0.07798 0.1604
0.088245 0.00255 0.13432
0.076295 0.0 0.0995
-0.017942 0.037823 0.254734
-0.109905 0.08312 0.29694
-0.039947 -0.013245 0.493105
0.108335 -0.01245 0.19862
0.057285 -0.05328 0.27136
-0.102125 0.06419 0.31865
0.080085 0.03461 0.0942
-0.088985 0.11784 0.23938
-0.0126 0.017465 0.480215
-0.005345 0.04914 0.0596
0.018295 0.11897 0.30788
0.015775 0.10563 0.07143
-0.044385 0.04277 0.14857
0.083655 -0.05447 0.133
0.086895 0.00255 0.13033
-0.051195 0.10206 0.14031
-0.081925 0.07 0.09936
-0.101405 0.10618 0.19779
0.000465 0.0798 0.05645
-0.118895 -0.05569 0.2246
-0.057811 0.028515 0.486991
0.107515 0.0536 0.19862
-0.063565 0.1274 0.31004
0.077715 0.10028 0.23053
-0.016748 0.039034 0.254632
0.075445 0.04622 0.08226
0.037995 0.07 0.06464
-0.024126 0.003267 0.480343
-0.090025 0.08279 0.32534
-0.009414 0.014861 0.480259
0.029105 0.0906 0.0995
-0.034575 -0.11942 0.12064
-0.045935 0.0587 0.0245
0.061225 0.05075 0.13086
0.034695 0.05845 0.06464
0.033695 -0.09723 0.07143
-0.089085 -0.12591 0.27554
-0.018205 0.006479 0.479921
0.023295 0.12296 0.21361
-0.022791 0.015822 0.477838
-0.044285 -0.04277 0.07143
-0.102815 -0.09529 0.15326
0.003805 0.04576 0.34488
-0.016055 0.07749 0.16355
-0.034955 0.05547 0.35463
-0.003625 0.12301 0.3231
0.049815 -0.07 0.07143
0.031385 -0.03908 0.30908
0.003046 -0.007157 0.479032
-0.042884 0.013688 0.286913
-0.041905 -0.019679 0.49367
-0.027658 0.022089 0.475223
-0.064839 0.013965 0.28669
-0.039951 -0.018086 0.49341
0.024485 0.07 0.0596
0.054975 0.02669 0.27746
-0.024777 -0.006819 0.305268
-0.034071 0.015079 0.47961
-0.111835 -0.10039 0.22891
-0.038919 0.009139 0.480314
0.050785 0.027 0.0093
-0.027675 0.0853 0.1182
-0.023887 -0.008238 0.305577
0.035395 -0.00924 0.30235
-0.012854 -0.042386 0.290765
-0.078001 0.004027 0.492945
-0.045945 -0.026648 0.299874
-0.116135 0.06701 0.28511
0.063125 -0.1044 0.13993
-0.022561 0.002229 0.480332
0.098345 -0.08896 0.19551
-0.045935 -0.021964 0.298619
-0.043435 0.0 0.1631
-0.051075 0.0653 0.0418
0.016395 -0.0513 0.1631
-0.114755 -0.09144 0.20536
-0.050045 -0.06227 0.35487
0.022185 -0.11655 0.08914
0.009595 0.025742 0.44783
0.065325 -0.04956 0.09936
0.005625 0.018 0.178
-0.076015 -0.04956 0.09936
-0.100045 -0.06471 0.32684
-0.032875 -0.11655 0.08914
0.078235 0.1064 0.21615
-0.048685 -0.07 0.15536
0.074645 -0.06475 0.08082
0.027385 -0.0853 0.1182
0.078515 -0.04219 0.08194
-0.044055 -0.12895 0.12262
0.076305 0.06443 0.09437
0.105315 -0.05592 0.1849
0.006065 -0.08925 0.0596
-0.064965 0.0 0.1355
-0.051945 -0.0722 0.34878
-0.026061 0.015822 0.477152
-0.030515 -0.000143 0.481281
0.095265 -0.05867 0.23367
0.010435 0.06002 0.32974
-0.016685 0.0513 0.1631
-0.025661 0.023649 0.475245
0.107565 -0.03681 0.19098
-0.071915 0.05075 0.13086
-0.021052 0.02273 0.476444
-0.065305 0.08736 0.14031
-0.108605 -0.10043 0.19985
0.018302 -0.025088 0.29128
-0.000145 -0.1 0.08
0.019625 -0.06716 0.32181
-0.082535 0.05824 0.34325
-0.059007 0.029651 0.486565
-0.024492 0.005863 0.480297
0.076465 0.06687 0.09682
-0.078305 -0.03337 0.36512
-0.056295 -0.08477 0.07143
-0.009407 -0.047264 0.292324
0.017295 -0.12677 0.2619
-0.039263 -0.027131 0.300683
-0.065305 0.05264 0.14031
-0.023308 0.003047 0.480462
-0.028578 -0.005603 0.30426
-0.059757 0.030023 0.486389
-0.033065 -0.1288 0.32581
0.021725 0.11345 0.30677
0.106775 -0.05625 0.19158
-0.058666 -0.023592 0.299006
-0.005345 0.10031 0.06464
-0.02028 0.045763 0.255864
-0.010365 0.016273 0.480291
0.018902 -0.027441 0.292004
-0.000195 -0.1234 0.08292
0.018745 0.12103 0.28324
0.015251 -0.031595 0.292296
-0.039145 -0.0499 0.1507
-0.105445 -0.10684 0.26997
0.006065 0.08925 0.1604
0.075055 -0.06701 0.08235
0.089225 -0.06658 0.15852
0.011725 -0.04947 0.33564
0.061225 0.08925 0.08914
0.012745 0.028372 0.447511
-0.072135 0.0 0.1182
0.081605 0.02911 0.09878
-0.005345 0.03969 0.15536
0.053905 0.0693 0.0995
-0.056295 -0.03437 0.08914
0.107395 -0.0565 0.19845
-0.017287 0.03837 0.254667
0.010599 -0.029062 0.290677
-0.060505 -0.07 0.07143
-0.042145 -0.009137 0.286403
0.106825 0.06154 0.19847
0.075435 0.01192 0.25547
0.022185 0.02345 0.13086
-0.070644 -0.000107 0.495011
-0.053645 0.08649 0.34035
-0.021865 0.042 0.15536
-0.100345 -0.05876 0.33051
0.008665 -0.06594 0.05645
-0.044285 0.09723 0.07143
-0.071515 -0.04104 0.36329
-0.066435 0.01201 0.286922
0.066725 0.04914 0.11
0.000465 0.0602 0.05645
-0.048817 -0.013568 0.287353
-0.056295 0.08477 0.07143
-0.117265 0.0823 0.26294
-0.003793 0.026088 0.285225
-0.081265 -0.016641 0.303036
-0.088095 0.11926 0.24843
-0.069942 0.003159 0.494972
-0.021755 0.001726 0.480778
-0.07042 0.019678 0.287817
0.048705 -0.1078 0.12064
-0.109175 -0.06042 0.30041
-0.027265 -0.06567 0.35074
-0.039145 -0.0499 0.0093
-0.036742 0.013676 0.286288
-0.057166 0.027011 0.48746
0.010545 0.0137 -0.018
0.069815 0.04521 0.26102
-0.118065 -0.01071 0.30029
-0.016071 0.004076 0.480258
-0.076585 0.0 0.0605
-0.059395 0.0322 0.09936
-0.047584 -0.013952 0.493776
0.019455 0.07228 0.32143
-0.024167 0.011059 0.478257
0.059755 -0.0318 0.0245
0.079455 -0.0546 0.10149
0.010023 -0.005634 0.475282
0.032115 -0.01327 0.31335
-0.035802 0.006522 0.479699
-0.039158 0.009958 0.480377
0.087195 -0.03353 0.24332
-0.080055 -0.022691 0.302833
-0.110725 -0.10219 0.24511
-0.032875 -0.02345 0.13086
-0.032875 0.02345 0.08914
-0.032145 -0.06541 0.35168
-0.041898 -0.011629 0.493163
-0.074209 -0.002021 0.494262
0.025285 0.04858 0.15536
-0.040693 0.006318 0.286506
-0.045385 0.08155 0.15536
-0.071915 0.08925 0.08914
0.006065 0.05075 0.0596
-0.067935 0.019922 0.287386
-0.052755 0.1227 0.24914
0.085695 0.07876 0.1601
-0.081925 0.07 0.12064
-0.030516 0.004698 0.480976
0.029725 -0.12493 0.17183
0.007585 -0.05266 0.33889
-0.074155 0.11455 0.10085
-0.000145 -0.0195 -0.018
0.039865 0.0212 0.1631
-0.044749 -0.027784 0.3003
-0.050665 -0.009085 0.287256
-0.083455 -0.02743 0.36692
-0.055501 -0.029551 0.299121
-0.097225 -0.08259 0.10477
-0.070815 0.0375 0.0995
0.006215 -0.08641 0.3273
0.008665 0.07406 0.16355
0.079665 -0.1019 0.2252
0.091105 0.08051 0.16817
0.076985 0.02718 0.05694
-0.028374 0.020562 0.475462
0.048065 0.06535 0.28011
-0.057105 -0.031497 0.299375
-0.011535 0.0353 -0.0123
-0.044082 0.011456 0.286979
0.025485 -0.12618 0.13847
-0.011205 0.12492 0.1723
-0.016325 0.043116 0.254926
-0.024269 0.043042 0.256324
-0.042793 -0.012403 0.286674
0.104795 0.06095 0.18504
0.068375 -0.08524 0.08074
0.054385 -0.0215 0.27714
-0.065741 0.018723 0.286969
-0.085855 -0.04257 0.34853
-0.033555 -0.12689 0.32688
0.089005 -0.02925 0.15658
0.019475 0.11193 0.14031
-0.005345 0.10857 0.07143
-0.056295 0.10563 0.08914
0.072925 -0.06935 0.07545
-0.096795 0.05075 0.33411
-0.026465 -0.03437 0.14857
-0.000145 -0.0707 0.1507
-0.055252 -0.028736 0.299049
-0.089145 0.06498 0.33444
0.089265 0.08437 0.16897
-0.024442 0.015499 0.477574
0.069745 -0.06237 0.25754
-0.026903 -0.002101 0.481041
-0.026285 -0.09859 0.33687
-0.024945 -0.0768 0.1355
0.011595 0.03908 0.34226
-0.094795 0.11735 0.26548
-0.014299 0.017465 0.480094
-0.03743 0.006964 0.286191
0.065325 -0.04956 0.12064
0.024485 -0.1204 0.11
-0.009796 0.010775 0.479943
-0.076015 -0.04956 0.12064
-0.088875 0.01271 0.36734
-0.035975 0.09142 0.15536
-0.043427 0.013028 0.286952
0.059755 0.0318 0.1355
-0.005345 -0.04914 0.0596
0.066725 0.07 0.13086
-0.051075 0.027 0.1507
-0.005345 0.02464 0.07969
0.015775 -0.03437 0.14857
-0.010225 -0.047043 0.292205
0.010678 -0.008909 0.475172
0.101555 -0.05231 0.17492
0.049815 0.03143 0.11
-0.099745 0.11151 0.23333
0.002873 0.030558 0.286018
-0.066675 -0.0353 0.1182
0.017116 0.021734 0.446138
-0.102925 0.08847 0.13012
0.070625 -0.09007 0.10833
-0.06059 0.021973 0.488462
-0.011155 0.0798 0.16355
0.079295 -0.06703 0.10717
-0.029395 -0.0906 0.0605
-0.048066 -0.013976 0.287303
-0.065772 0.025987 0.486858
0.086045 -0.03496 0.12714
-0.019355 0.06594 0.05645
-0.070205 0.07 0.14031
-0.015115 0.017217 0.480018
0.034695 -0.08155 0.15536
0.024485 0.07 0.1604
-0.101625 0.05922 0.32035
-0.005345 -0.11536 0.14031
0.098365 -0.02316 0.23002
-0.000145 -0.0707 0.0093
0.065325 0.09044 0.12064
-0.005345 0.05936 0.05645
-0.051195 -0.10206 0.07969
-0.076015 0.09044 0.12064
-0.030916 0.000612 0.481274
0.069635 0.0729 0.0771
0.094065 -0.07173 0.16659
-0.050165 0.12788 0.31639
0.027385 0.0146 -0.0123
0.019715 0.06323 0.32242
-0.071185 -0.000764 0.494921
0.080675 -0.02059 0.06534
0.010365 0.06936 0.32792
-0.016991 0.008834 0.480471
0.029105 -0.0906 0.0605
-0.049476 -0.006862 0.286997
-0.026133 -0.005866 0.304875
0.096785 -0.04941 0.2327
-0.058825 -0.1292 0.22851
0.064585 0.09268 0.24889
0.015968 0.027753 0.446884
0.078525 -0.04273 0.10204
-0.076399 0.005972 0.493212
0.033595 0.09723 0.07143
-0.030715 0.011644 0.478932
-0.035175 -0.0196 0.11
0.002119 0.030961 0.285993
0.077185 0.10593 0.22028
0.004627 -0.004396 0.478013
0.006065 -0.08925 0.1604
-0.070205 -0.07 0.07969
-0.031247 0.002282 0.481202
-0.005345 -0.1204 0.13086
0.011175 -0.042 0.06464
-0.046346 -0.025929 0.29964
-0.056295 -0.10563 0.13086
-0.066675 0.0353 0.1182
-0.052765 -0.12981 0.32162
-0.005345 0.1204 0.08914
-0.021927 0.045417 0.256124
-0.090225 -0.11484 0.16939
-0.042392 -0.008318 0.286376
-0.005345 -0.02464 0.07969
-0.065688 0.026812 0.486646
-0.022644 0.003079 0.480287
0.081155 0.00255 0.06494
-0.045975 -0.13152 0.2556
-0.003558 0.028604 0.28542
0.011175 0.042 0.15536
0.099235 0.03589 0.23027
-0.060045 0.0318 0.0245
0.107265 0.05358 0.2057
0.043325 -0.04829 0.29154
0.006965 -0.012389 0.477356
-0.083895 -0.1152 0.11921
-0.125825 -0.01171 0.26665
-0.00316 0.029357 0.285501
-0.000145 0.0555 -0.0031
0.088035 0.07138 0.15952
-0.072225 0.1203 0.16759
-0.081925 -0.07 0.12064
-0.020056 0.010118 0.480815
0.009335 0.023228 0.447648
0.108485 -0.02583 0.19882
-0.046672 -0.024323 0.299177
-0.0393 -0.01652 0.493257
0.080515 0.02459 0.07008
-0.030505 0.12512 0.24755
-0.058363 0.023179 0.488365
0.003325 0.05604 0.33401
-0.026923 -0.005613 0.304665
0.073155 -0.09365 0.15596
0.061225 -0.05075 0.13086
-0.000145 -0.0555 0.1631
-0.042911 0.007517 0.286762
-0.059775 0.022232 0.488476
-0.07239 0.013226 0.288002
0.053905 -0.0693 0.0995
-0.106355 -0.10921 0.24277
-0.118385 -0.06363 0.26011
0.077855 0.0 0.08
0.088375 0.00255 0.24158
-0.100185 -0.05285 0.33374
0.014413 -0.031677 0.292141
0.006007 -0.003755 0.477247
0.011455 -0.030436 0.291206
-0.048068 -0.005926 0.286796
0.072395 0.07136 0.08307
-0.076075 0.12601 0.29596
-0.000475 0.04859 0.34594
-0.005345 0.09086 0.0596
-0.030917 0.003947 0.481064
-0.032875 0.06202 0.0596
-0.039065 0.0499 0.0093
-0.025574 0.010111 0.478406
-0.028605 0.06889 0.34487
-0.028955 -0.05674 0.3546
-0.024518 0.042224 0.256294
-0.005345 0.02464 0.14031
-0.080855 0.11637 0.11991
-0.030165 -0.02807 0.07969
-0.072135 -0.0382 0.08
-0.037995 0.007721 0.480116
0.105755 0.03643 0.21605
0.097075 -0.03742 0.16726
0.050475 0.07137 0.2744
-0.062267 0.030205 0.486085
-0.05644 -0.024798 0.298899
0.047735 0.11508 0.16929
0.050605 0.0439 0.28132
-0.029945 -0.0 -0.0123
0.045605 0.10563 0.13086
-0.043562 -0.011287 0.493278
0.034695 0.05845 0.15536
-0.064506 0.023035 0.487779
-0.019247 0.001473 0.480517
-0.076015 -0.09044 0.12064
0.006235 0.12387 0.25839
-0.031877 0.01388 0.479193
-0.089305 -0.04752 0.34725
0.045645 -0.0587 0.1355
0.105805 0.03192 0.18409
-0.092675 -0.06229 0.33768
-0.024945 0.0768 0.1355
-0.035571 0.009737 0.286071
-0.051195 -0.10206 0.14031
0.020915 0.027 -0.0123
-0.019442 0.045688 0.25571
-0.089675 -0.00786 0.36802
-0.046587 -0.023499 0.298964
-0.085255 0.04012 0.34988
0.083365 -0.01648 0.12055
0.075895 -0.05402 0.0892
0.098005 0.01291 0.23052
-0.080169 -0.01785 0.30255
0.034695 -0.05845 0.15536
0.028975 0.03794 0.31363
0.088355 0.05463 0.24334
-0.016055 -0.07749 0.16355
0.072425 -0.10628 0.17117
0.050785 -0.0653 0.0418
-0.020565 -0.07 0.16355
0.001301 0.031209 0.285952
-0.033266 0.014829 0.479462
0.078425 -0.07012 0.10695
0.006065 0.05075 0.1604
-0.093105 -0.1219 0.23829
-0.026779 0.016213 0.476902
0.061225 0.05075 0.08914
0.038045 0.05425 0.29978
0.011191 0.027708 0.447725
0.011761 -0.024446 0.289746
0.014415 -0.0362 0.34366
-0.02642 0.023257 0.475186
0.016915 0.11186 0.31548
-0.041153 -0.019281 0.493583
0.082385 0.02553 0.10131
-0.038526 0.008383 0.480226
-0.095995 -0.04579 0.34181
-0.071056 0.005397 0.494554
-0.070205 -0.07 0.14031
-0.056295 0.03437 0.13086
-0.030637 0.010792 0.478897
0.053045 0.11644 0.22155
0.074535 0.06924 0.0899
-0.000145 0.0555 0.1631
0.076775 0.07131 0.10746
-0.063834 0.029538 0.486103
0.108055 0.03763 0.19894
-0.005345 -0.02464 0.14031
0.008248 -0.004018 0.476095
0.079565 -0.03745 0.08691
-0.005965 -0.12871 0.13279
-0.123175 -0.0382 0.28102
0.010875 -0.09122 0.3226
-0.040155 0.0212 -0.0031
0.027625 -0.03331 0.31201
0.077705 -0.05956 0.09402
-0.070815 -0.0375 0.0995
0.079475 0.07655 0.15285
-0.096085 0.06277 0.32718
0.009875 0.07 0.05645
0.010455 -0.05459 0.33062
-0.027752 0.006533 0.480583
-0.048685 -0.07 0.06464
0.025285 -0.09142 0.06464
-0.045385 -0.05845 0.06464
0.081585 0.07045 0.15241
-0.078545 -0.06776 0.3448
-0.119915 0.00669 0.30006
-0.020334 0.037068 0.255088
-0.071859 0.012564 0.287892
-0.026465 -0.10563 0.07143
-0.02793 -0.014237 0.304976
-0.035975 -0.09142 0.15536
-0.052505 0.123 0.16613
0.037175 0.09455 0.28123
0.013895 0.0074 0.178
-0.040487 -0.012582 0.493107
0.085755 0.05608 0.24573
0.081075 0.05775 0.11252
-0.097255 -0.11531 0.28311
0.061225 0.08925 0.13086
0.101605 -0.00869 0.22417
-0.003802 0.027787 0.285344
-0.04357 -0.02 0.493826
-0.061932 -0.024223 0.299314
-0.056295 -0.03437 0.13086
-0.017647 0.009378 0.480551
-0.027101 -0.014159 0.305173
0.027745 -0.12239 0.26459
-0.043449 0.008179 0.286833
-0.015865 0.016815 0.479935
-0.015335 0.123 0.20441
0.077215 0.09576 0.16654
0.100405 -0.07851 0.18326
0.007516 -0.003765 0.476459
-0.011155 -0.0798 0.05645
0.108455 -0.03254 0.19893
0.013115 0.12213 0.27523
0.079655 -0.10545 0.18002
-0.068827 0.01128 0.287325
-0.119445 0.01411 0.23841
0.070525 -0.0375 0.0605
-0.035564 0.01144 0.286112
0.004798 -0.01164 0.478435
-0.042722 -0.019922 0.493752
0.069495 0.06729 0.25716
0.044045 0.00248 0.29393
-0.083425 0.07 0.11
-0.055295 0.0 0.1507
-0.004971 -0.040682 0.290891
0.015775 -0.10563 0.07143
-0.056245 0.128 0.30997
-0.030954 0.012463 0.478995
0.049815 0.10857 0.11
-0.059395 -0.0322 0.12064
-0.107895 0.01167 0.33025
0.040375 -0.09097 0.2827
-0.010835 0.0137 0.178
0.107595 0.01825 0.19215
-0.030165 -0.02807 0.14031
-0.011643 -0.046162 0.291864
-0.000145 0.0195 0.178
-0.120725 -0.0207 0.24209
0.055475 -0.11789 0.21965
-0.026088 0.004775 0.479795
0.098905 0.02823 0.2304
0.016775 -0.1193 0.30888
-0.004055 -0.12373 0.32224
-0.005345 0.03969 0.06464
-0.054425 0.07077 0.34555
0.080045 -0.06392 0.10741
-0.045935 0.0587 0.1355
0.064775 -0.10632 0.16299
-0.005345 0.0196 0.13086
0.009672 -0.011132 0.475854
-0.018214 0.008124 0.479481
-0.117345 0.02222 0.21563
0.029555 0.01786 0.31265
0.031585 0.12228 0.16822
-0.027898 0.017382 0.47637
-0.051195 -0.03794 0.07969
0.008665 0.06594 0.05645
-0.070995 0.12637 0.29277
0.018494 -0.029062 0.292331
0.029265 -0.00818 0.33856
0.038605 -0.04925 0.30005
-0.056295 0.05523 0.14857
-0.023605 0.015581 0.477728
-0.055295 0.0 0.0093
-0.055168 -0.027886 0.298989
-0.008285 -0.05233 0.34938
-0.035748 0.015082 0.479906
-0.112985 -0.05817 0.30262
0.022185 0.02345 0.08914
0.057775 0.00254 0.2743
0.069145 0.10622 0.17399
-0.073381 -0.001943 0.49446
-0.026112 0.00946 0.47854
0.108135 0.01755 0.19863
0.088265 -0.00615 0.24148
0.018085 -0.04572 0.32426
-0.115105 -0.04688 0.30706
0.028935 0.00136 0.33964
0.025115 0.1236 0.10777
0.013194 -0.023527 0.289813
0.086965 0.07512 0.15972
-0.032875 -0.06202 0.0596
0.011245 -0.0353 -0.0123
0.008505 -0.12882 0.24454
-0.006179 -0.039547 0.290499
0.011146 0.020478 0.44708
0.017803 -0.024446 0.291012
-0.040155 0.0212 0.1631
0.029655 0.0 0.1723
0.086575 0.02258 0.12859
-0.022458 0.002985 0.480541
-0.088945 0.04819 0.34353
-0.003285 -0.12877 0.10372
0.072455 0.05131 0.07064
-0.005915 0.018 -0.018
-0.006893 -0.046965 0.29243
0.041125 -0.01055 0.29757
-0.078295 0.001511 0.493035
0.000465 -0.0602 0.05645
-0.020775 0.12516 0.32096
-0.078025 0.12511 0.30032
-0.056295 -0.05523 0.07143
0.050785 0.0653 0.1182
0.036975 -0.04096 0.30457
0.057065 -0.11934 0.2093
-0.017665 0.12489 0.32322
0.071235 -0.07 0.12064
0.025285 0.04858 0.06464
-0.045385 0.08155 0.06464
-0.038183 0.006562 0.286257
-0.020078 0.018909 0.477621
0.097635 -0.00784 0.23026
0.023115 0.12407 0.16388
0.015675 -0.023286 0.290271
-0.082474 -0.024527 0.304225
-0.101885 0.013 0.34071
0.090425 -0.01824 0.1592
-0.019355 0.07406 0.05645
-0.043992 -0.006353 0.286413
-0.010065 0.06483 0.34033
-0.009105 0.08735 0.33503
-0.032875 -0.02345 0.08914
-0.034575 -0.02058 0.12064
-0.060505 0.10857 0.11
-0.000145 0.0831 0.0245
0.107715 0.03044 0.2061
-0.016718 0.043865 0.255063
0.027045 0.11909 0.26495
0.037995 -0.07 0.06464
-0.003135 0.024519 0.285161
0.098175 0.08259 0.18402
0.048705 0.1078 0.12064
0.003327 -0.009676 0.479065
0.069735 -0.04756 0.25984
0.066385 0.0353 0.0418
0.024035 -0.1259 0.16416
0.054505 -0.06641 0.27139
-0.114465 0.04953 0.29272
-0.096465 -0.06882 0.32826
-0.112355 -0.08284 0.27841
-0.005345 0.09086 0.1604
0.084215 0.08221 0.16067
0.080285 -0.07544 0.15121
-0.081753 -0.024284 0.303832
-0.084907 -0.016214 0.304907
0.038855 -0.0499 0.1507
-0.072762 0.017321 0.28817
-0.011782 0.017217 0.480256
-0.075215 0.11821 0.20477
0.053865 -0.03864 0.27822
-0.057418 0.024569 0.488088
-0.005345 0.08064 0.16355
-0.071821 0.018735 0.28804
0.018325 -0.12717 0.22671
0.054615 -0.05264 0.14031
-0.022095 0.12521 0.32708
-0.023366 0.038313 0.255738
-0.052755 0.12802 0.31999
0.084145 0.00255 0.09604
-0.063134 -0.025417 0.299488
-0.038961 0.014875 0.286544
-0.07258 -0.0017 0.49464
-0.011155 0.0602 0.16355
0.000451 0.031292 0.285897
-0.021865 -0.098 0.15536
-0.005345 -0.09086 0.0596
-0.028565 -0.00176 0.481187
0.034295 0.01633 0.30323
0.008439 -0.012068 0.476565
0.086245 -0.01748 0.12871
0.082095 0.03089 0.11517
-0.028845 0.07155 0.34417
-0.111325 0.0618 0.30195
-0.119375 -0.0461 0.23222
-0.037398 0.01422 0.286368
0.050785 -0.027 0.0093
0.010732 -0.008059 0.475084
-0.077095 -0.11361 0.09889
-0.039216 -0.01567 0.493197
-0.110565 0.06116 0.30331
0.044515 0.0951 0.26673
-0.045558 -0.005693 0.286529
-0.077355 -0.125 0.30855
0.078275 0.07941 0.15328
0.022185 0.11655 0.13086
0.003815 0.12201 0.31006
-0.119195 0.06075 0.27001
0.072735 0.07 0.11
0.079655 0.0255 0.06552
0.038855 -0.0499 0.0093
-0.019386 0.004292 0.480419
-0.021205 0.0653 0.0093
-0.028567 0.00629 0.48068
-0.015355 0.0 0.178
-0.024331 0.006614 0.481162
0.087205 -0.07424 0.15879
-0.005345 -0.03143 0.07143
0.105325 0.05347 0.18436
-0.051075 -0.0653 0.1182
0.043805 -0.05453 0.28943
-0.102515 -0.00793 0.34109
-0.019355 0.06594 0.16355
0.011886 0.020083 0.446914
-0.039907 -0.02066 0.298883
0.061225 -0.08925 0.13086
0.034695 -0.08155 0.06464
0.066725 0.07 0.08914
-0.022502 0.011419 0.478283
0.013895 -0.0074 0.178
-0.053525 -0.13417 0.30294
0.059755 -0.0318 0.1355
-0.005345 0.05936 0.16355
-0.016055 -0.06251 0.16355
0.020565 0.02624 0.33996
-0.024338 0.004911 0.48112
-0.029316 -0.001352 0.481237
-0.095635 -0.07069 0.32613
0.010481 -0.026614 0.29003
0.055005 0.0 0.0093
0.049815 -0.10857 0.11
-0.019993 0.020562 0.477218
-0.005915 -0.018 0.178
-0.039807 0.014961 0.286632
0.005865 -0.05722 0.33408
-0.041471 -0.020066 0.298565
-0.010835 -0.0137 0.178
-0.086491 -0.022647 0.306189
0.054615 0.08736 0.07969
0.017875 0.12251 0.26705
-0.019355 -0.07406 0.05645
-0.073645 0.12414 0.26893
0.023885 0.11942 0.09936
0.107705 -0.01315 0.19211
-0.086665 0.12115 0.26195
0.081085 -0.02984 0.09417
-0.003755 0.12692 0.10436
0.045605 0.08477 0.07143
0.059515 0.07 0.07969
0.021555 0.1233 0.18235
-0.027675 -0.0146 0.1723
0.082785 -0.02051 0.10131
0.071845 0.0 0.1182
-0.063138 -0.030258 0.299792
-0.015829 0.009574 0.479426
-0.078845 0.04754 0.35032
0.054615 0.05264 0.07969
-0.008185 0.06093 0.33996
-0.027675 -0.0853 0.0418
-0.117905 -0.0478 0.27216
-0.026465 0.10563 0.14857
-0.023328 0.044461 0.256286
0.057295 0.09848 0.08453
-0.034909 0.015165 0.47976
-0.100755 0.1091 0.2155
-0.096455 -0.06668 0.33052
0.027385 0.0853 0.1182
0.019475 -0.11193 0.07969
0.043145 -0.0 -0.0031
0.004827 0.026938 0.285902
-0.022891 0.000564 0.48047
0.049815 0.07 0.14857
0.011175 0.042 0.06464
0.030335 -0.05652 0.31373
-0.020196 0.021356 0.476973
0.105815 0.02939 0.21567
0.104995 0.00256 0.18272
0.076115 -0.06216 0.08744
-0.005345 -0.1204 0.08914
-0.023675 0.008186 0.481134
-0.056295 -0.10563 0.08914
-0.078615 0.04494 0.08045
0.101845 -0.02328 0.22459
-0.036195 -0.1312 0.24949
-0.014185 -0.0074 -0.018
0.071845 0.0382 0.08
-0.057822 0.023831 0.488246
-0.058185 0.12081 0.22988
-0.064579 0.016486 0.286708
0.015775 0.10563 0.14857
-0.059023 0.022639 0.488443
-0.008485 0.09747 0.33264
-0.012557 0.008924 0.479614
0.016875 -0.08182 0.32063
-0.097865 -0.04254 0.34089
-0.079514 -0.021125 0.302439
0.037825 -0.06103 0.29841
-0.077694 -6.3e-05 0.493284
0.102245 0.03564 0.22499
-0.005345 -0.12355 0.12064
-0.050748 -0.009934 0.287318
-0.016475 0.003323 0.480281
-0.106365 -0.0445 0.32731
-0.026746 0.00628 0.479343
-0.117265 -0.06623 0.26651
-0.027635 -0.05938 0.35362
-0.039145 0.05 0.1507
-0.005345 0.03143 0.14857
-0.118165 -0.07455 0.25583
-0.037984 -0.02412 0.300006
-0.017095 0.12309 0.21931
-0.084605 0.06239 0.33868
-0.040655 0.014878 0.286716
-0.055498 -0.026217 0.298911
0.029205 0.12209 0.2235
-0.074028 0.006692 0.493745
-0.091035 0.04527 0.34313
-0.105095 0.01113 0.33563
0.042135 -0.11431 0.24444
-0.079554 -0.019425 0.30234
-0.040493 -0.018743 0.493495
-0.089895 0.11478 0.20993
-0.115665 0.0777 0.28192
0.061225 -0.05075 0.08914
-0.061419 0.030306 0.486144
0.087475 -0.02969 0.1412
0.030365 0.12231 0.2128
0.045605 0.05523 0.07143
-0.011535 -0.0353 0.1723
-0.000398 0.031209 0.28583
-0.054195 0.0693 0.0605
-0.039147 0.011661 0.480418
0.049815 -0.07 0.14857
-0.113495 0.04366 0.30614
0.055225 0.11781 0.20862
-0.07718 -0.000727 0.493453
-0.012187 -0.045535 0.291656
0.021945 -0.02192 0.34193
-0.073203 0.006603 0.493952
0.020915 -0.0653 0.0093
-0.008405 -0.08253 0.3367
-0.060505 -0.10857 0.11
0.065325 0.04956 0.12064
-0.032875 -0.06202 0.1604
0.031585 0.11314 0.26368
-0.07946 -0.020275 0.302351
-0.046645 -0.018706 0.493998
-0.070275 -0.05464 0.35228
-0.005345 -0.08064 0.05645
-0.113385 -0.07208 0.28152
0.051855 -0.11654 0.16885
0.016395 0.0513 -0.0031
-0.043999 -0.028156 0.300476
-0.119905 0.0441 0.26384
0.045605 0.10563 0.08914
-0.017703 0.014044 0.479608
-0.028965 0.07289 0.34384
-0.022504 0.002131 0.480864
-0.01582 0.004894 0.480253
-0.093885 -0.12023 0.22919
0.025495 0.11858 0.28258
-0.116275 -0.03921 0.30706
-0.060572 0.030244 0.486246
0.00676 -0.003676 0.476848
0.092355 -0.08292 0.22777
0.034695 -0.05845 0.06464
-0.032079 -0.009854 0.303678
0.080585 0.07354 0.15256
-0.036227 0.008165 0.286098
0.018065 -0.04862 0.32271
-0.029976 0.005354 0.480881
-0.085395 -0.023856 0.305703
0.026635 0.01255 0.33813
0.054615 0.08736 0.14031
0.083185 -0.06581 0.15105
0.011937 0.028117 0.44763
-0.115105 0.02127 0.20106
-0.022644 0.001379 0.480394
0.048165 0.11485 0.13723
-0.096705 0.08762 0.10482
0.043145 0.0 0.1631
0.059515 0.07 0.14031
-0.060505 0.07 0.14857
0.032105 0.01222 0.30864
0.052205 -0.11594 0.16516
0.010138 -0.010475 0.475565
-0.015733 0.005746 0.480266
-0.001015 -0.12963 0.23755
0.090905 0.02803 0.24079
-0.027175 0.09323 0.33828
0.054615 0.05264 0.14031
0.025285 -0.09142 0.15536
0.097125 0.05453 0.23295
-0.045385 -0.05845 0.15536
-0.022673 0.045008 0.25622
0.005625 -0.018 0.178
-0.060045 0.0318 0.1355
-0.102615 0.11044 0.26941
-0.011155 -0.0602 0.16355
0.019475 -0.11193 0.14031
-0.021719 0.009789 0.480976
0.085745 -0.05854 0.24386
0.098575 0.00253 0.17052
-0.008045 0.12443 0.24921
0.027385 -0.0146 0.1723
-0.036556 0.014836 0.480042
-0.06118 -0.023825 0.299227
0.085345 0.03323 0.12434
0.024485 -0.0196 0.11
0.099285 -0.01442 0.17186
-0.04659 -0.025144 0.299405
-0.032015 -0.010705 0.30375
-0.007751 -0.038953 0.290224
0.066725 -0.07 0.13086
-0.025559 -0.013518 0.305509
-0.056295 0.03437 0.08914
-0.077355 -0.06115 0.07884
0.078095 0.00797 0.05431
-0.114385 0.04776 0.29256
0.027385 -0.0853 0.0418
0.024485 -0.07 0.0596
0.064675 0.0 0.0245
-0.024917 0.010651 0.478309
-0.012212 -0.040851 0.290401
0.050485 -0.10724 0.08375
0.015227 0.028148 0.447051
-0.035975 -0.09142 0.06464
0.106105 -0.01385 0.18589
0.039865 0.0212 -0.0031
-0.019325 0.12453 0.24627
-0.044741 -0.013996 0.28697
0.009605 -0.12055 0.31548
-0.028755 -0.014148 0.304768
-0.045385 0.05845 0.06464
0.107765 -0.04852 0.20574
0.040945 -0.12266 0.18692
-0.114535 -0.05428 0.28601
0.097635 0.00253 0.23035
-0.057445 -0.13502 0.30824
0.017146 0.026565 0.446568
0.012794 -0.031354 0.29172
0.107655 -0.02633 0.19128
-0.004305 -0.043832 0.291783
0.019475 0.11193 0.07969
-0.005345 -0.09086 0.1604
-0.016755 0.05075 0.0596
0.010465 0.07879 0.32639
-0.057857 -0.031895 0.299462
-0.107715 0.09405 0.29381
-0.063785 -0.026984 0.299639
-0.045235 -0.019659 0.493942
-0.050735 -0.0629 0.35348
-0.044285 0.09723 0.14857
0.020395 -0.12589 0.20097
0.023885 0.02058 0.09936
-0.042223 0.01423 0.286859
-0.00982 0.015613 0.480283
-0.053555 -0.09063 0.34053
-0.023132 0.008846 0.481096
-0.028498 0.019735 0.475646
-0.028035 0.08307 0.34107
0.015955 0.12023 0.30882
0.081215 -0.06512 0.1327
-0.026465 -0.05523 0.0596
-0.059205 -0.12523 0.10092
0.016395 0.0513 0.1631
0.052835 -0.04709 0.27823
-0.045228 -0.011609 0.493435
-0.060505 0.03143 0.11
-0.081005 0.10334 0.32414
-0.072135 0.0 0.0418
0.080285 -0.09377 0.16387
0.040505 0.10206 0.14031
-0.048605 -0.05394 0.35918
0.005365 -0.06251 0.16355
-0.001965 0.030558 0.285672
0.00291 0.023317 0.285508
-0.077415 0.09086 0.11
-0.063537 -0.026168 0.299568
-0.058674 -0.032138 0.299544
0.088265 -0.07043 0.15861
0.022185 0.07798 0.1604
-0.078259 0.003211 0.492934
-0.118675 -0.05098 0.28992
0.018585 0.12325 0.21415
-0.016096 0.040608 0.254659
-0.070205 0.07 0.07969
0.015775 -0.05523 0.0596
-0.017442 0.011528 0.479449
0.048705 -0.0322 0.09936
-0.027645 -0.06626 0.34977
0.078555 0.04786 0.10209
-0.005345 -0.11536 0.07969
0.033605 0.12207 0.20239
-0.005345 0.0196 0.08914
-0.065045 0.023662 0.487555
-0.086615 0.10163 0.32072
0.044265 -0.06076 0.28733
-0.073022 0.0148 0.288153
0.024785 0.12035 0.27567
-0.016055 0.06251 0.05645
-0.073011 0.016503 0.288194
0.088635 0.01125 0.24181
-0.074205 -0.12325 0.16792
0.098785 -0.03081 0.22996
-0.055295 0.0707 0.08
0.017165 0.08705 0.32094
-0.005345 -0.10031 0.06464
-0.032875 -0.07798 0.0596
0.106225 0.01895 0.18585
-0.116835 -0.077 0.26306
-0.076375 -0.1226 0.18563
0.019925 0.12298 0.20105
-0.024418 0.005763 0.48115
0.066725 -0.04914 0.11
0.022185 -0.02345 0.08914
-0.090885 -0.12509 0.26139
-0.039922 -0.027672 0.300761
0.029655 0.0923 0.08
-0.054575 -0.07468 0.34696
0.010957 -0.029794 0.290938
0.008665 -0.07406 0.05645
-0.02775 -0.002013 0.481121
0.006065 -0.05075 0.0596
-0.000145 -0.0382 -0.0123
0.066385 -0.0353 0.1182
0.033595 -0.04277 0.07143
-0.008601 -0.038892 0.290145
-0.077975 0.03537 0.36382
-0.011027 0.016815 0.480282
0.000465 -0.0602 0.16355
-0.104675 0.08859 0.15624
0.012076 -0.030963 0.29147
-0.065465 -0.13283 0.27233
-0.038311 -0.022515 0.299542
-0.021978 0.037383 0.255408
-0.026465 -0.08477 0.0596
-0.070167 0.003978 0.494864
0.077605 0.07236 0.13271
0.085725 -0.1048 0.2024
-0.101855 -0.11343 0.26736
-0.004565 -0.041401 0.291114
-0.059345 0.12428 0.27052
0.056485 -0.11479 0.228
-0.044411 -0.011366 0.493353
-0.081944 -0.016234 0.303362
-0.042794 -0.007562 0.286369
0.071845 -0.0382 0.08
0.037995 -0.07 0.15536
0.018061 -0.029794 0.292427
0.087075 -0.09348 0.17237
0.074075 0.04886 0.07628
0.107495 0.03143 0.19135
0.069855 0.06003 0.25876
-0.096855 0.06848 0.32458
-0.021119 0.045672 0.256004
-0.005345 0.10857 0.14857
0.010398 -0.00639 0.47514
-0.077495 -0.12876 0.24498
-0.072413 0.00635 0.494162
0.015775 -0.08477 0.0596
0.021105 -0.12675 0.23529
0.045645 0.0587 0.0245
-0.051195 0.03794 0.07969
-0.005345 0.04914 0.1604
-0.119575 0.0414 0.266
0.005365 0.07749 0.05645
-0.063785 0.06095 0.34886
0.080415 -0.06821 0.13272
-0.075805 0.12022 0.23568
-0.058775 0.04931 0.36009
0.080705 0.02955 0.08167
0.045605 0.03437 0.13086
-0.005365 0.12336 0.3206
-0.020565 0.07 0.05645
-0.083227 -0.024605 0.304625
0.084425 0.00255 0.12226
-0.019355 -0.06594 0.05645
-0.026465 0.08477 0.0596
-0.084715 0.085 0.32947
0.005375 -0.12812 0.31012
-0.069978 0.001459 0.495073
-0.045556 -0.014239 0.287067
-0.019209 0.010032 0.480726
0.012436 -0.023919 0.289753
0.018659 -0.02582 0.291541
-0.030165 0.11193 0.07969
-0.098615 0.01211 0.34566
-0.097865 0.11357 0.28571
-0.059523 -0.032216 0.299619
0.107995 -0.04853 0.1986
0.055005 -0.0707 0.08
-0.001173 0.022915 0.285188
-0.089685 0.11371 0.18985
-0.000145 -0.0555 -0.0031
-0.045935 -0.0587 0.0245
0.004487 0.028604 0.285995
-0.069879 0.002309 0.495042
0.005286 -0.003998 0.47764
0.100615 -0.04933 0.22723
-0.055015 -0.07217 0.34857
-0.076015 0.04956 0.09936
-0.05835 0.029142 0.486768
-0.038318 -0.025741 0.300407
-0.086945 -0.018557 0.306138
-0.021865 -0.098 0.06464
0.015775 0.08477 0.0596
0.085465 0.03995 0.12713
0.076795 -0.04774 0.06991
-0.026465 -0.03437 0.07143
-0.029546 -0.013896 0.304559
-0.053075 -0.09873 0.33731
0.039255 -0.01762 0.29943
-0.066675 -0.0353 0.0418
-0.088405 0.06048 0.33752
0.019335 -0.11504 0.30825
-0.0872 -0.020222 0.306388
-0.018495 0.12401 0.23487
0.054215 0.02532 0.2785
-0.086866 -0.021892 0.306332
-0.096055 0.08051 0.32111
-0.099785 -0.04695 0.33677
0.082485 0.04118 0.25005
0.022185 0.11655 0.08914
-0.047587 -0.017287 0.493986
0.016577 0.02107 0.446173
-0.057411 0.027797 0.487224
-0.000145 -0.0923 0.1182
-0.080666 -0.017187 0.302762
-0.081094 -0.023886 0.30346
-0.023832 -0.000844 0.480653
-0.082055 0.04386 0.35023
-0.119875 0.0331 0.25214
-0.051075 0.027 0.0093
-0.076095 -0.13045 0.25635
-0.014185 0.0074 -0.018
0.015775 -0.03437 0.07143
0.010545 0.0137 0.178
-0.092815 -0.09386 0.10145
-0.063786 -0.028684 0.299747
-0.066485 0.11004 0.08306
0.065845 -0.11677 0.19348
-0.026465 0.05523 0.0596
-0.021755 -0.12402 0.3271
-0.075657 0.00637 0.493367
0.061225 -0.08925 0.08914
0.092685 -0.05463 0.16068
-0.074857 0.006613 0.493547
0.049865 -0.09201 0.26379
0.104655 0.00254 0.218
0.023885 0.02058 0.12064
0.093935 0.07212 0.16716
-0.030725 0.0392 -0.0031
-0.021672 0.023257 0.47618
-0.057084 0.02619 0.487688
0.085425 0.04027 0.13933
-0.04417 0.010605 0.286967
0.074595 -0.00683 0.25466
-0.041471 0.014632 0.286793
-0.022892 0.003898 0.48026
-0.054195 0.0693 0.0995
-0.062598 -0.030922 0.29979
0.083365 -0.08426 0.23734
0.085235 -0.05095 0.24519
-0.04409 0.009754 0.286938
-0.021205 0.027 0.1723
0.024485 -0.07 0.1604
0.080105 0.00253 0.24934
-0.000145 0.0831 0.1355
-0.005345 0.12355 0.09936
-0.087146 -0.019373 0.3063
0.089495 -0.08344 0.23111
-0.073099 0.015652 0.288188
0.015775 0.05523 0.0596
-0.009153 0.012345 0.480099
0.009625 0.05712 0.33064
-0.065691 0.025167 0.487086
-0.055625 0.12017 0.19986
0.065325 -0.09044 0.09936
-0.051195 0.03794 0.14031
-0.066675 0.0353 0.0418
-0.035484 0.010588 0.286083
0.048705 -0.0322 0.12064
-0.017018 0.002662 0.48032
-0.009074 0.013194 0.480165
0.103845 -0.07454 0.19342
0.017768 0.023307 0.446164
-0.047917 -0.015617 0.493908
0.081315 -0.04963 0.10892
0.082285 -0.06904 0.15105
-0.024847 0.02389 0.475354
0.034695 0.08155 0.15536
-0.005345 0.01645 0.09936
0.078505 -0.02239 0.05629
-0.069965 0.12155 0.14997
-0.071838 -0.001302 0.494795
-0.059395 0.0322 0.12064
-0.087105 -0.021073 0.3064
0.051215 -0.11857 0.17606
-0.059345 0.12192 0.24196
-0.018848 0.004944 0.480285
-0.047253 -0.005683 0.286699
0.063265 0.11517 0.19417
0.005365 0.06251 0.16355
0.020615 -0.12547 0.28376
-0.009195 0.12634 0.15513
-0.005345 -0.05936 0.16355
-0.024881 0.00364 0.480188
-0.020145 -0.1304 0.24961
-0.059395 0.1078 0.09936
-0.043982 -0.020365 0.298389
-0.030165 0.11193 0.14031
-0.094945 0.01187 0.34727
-0.118495 -0.04494 0.26743
0.010765 -0.02582 0.289887
0.029655 -0.0 -0.0123
-0.045987 -0.019251 0.493978
0.084565 -0.03347 0.12226
-0.035807 0.012259 0.286158
0.017539 0.025817 0.446432
0.013529 0.019768 0.446595
-0.092665 0.0643 0.33058
-0.110005 0.09934 0.22124
-0.076549 -0.001272 0.493642
-0.054745 -0.07372 0.34762
0.015177 0.020114 0.446335
0.095255 0.08648 0.22075
0.000465 0.0798 0.16355
0.011197 -0.025088 0.289791
0.077765 -0.04499 0.07594
-0.005345 0.07 0.1646
-0.046404 -0.014317 0.287158
-0.107795 -0.07773 0.2961
-0.01345 0.017549 0.48016
0.102695 -0.07051 0.18319
0.069815 0.07107 0.07584
0.011245 0.0353 0.1723
-0.055899 -0.025461 0.298896
-0.000145 0.0 0.18
0.073775 -0.06019 0.07774
-0.053245 -0.12675 0.16678
-0.071915 -0.08925 0.13086
0.004504 0.025272 0.285761
-0.084815 0.12274 0.27555
-0.032571 0.007168 0.479147
-0.075034 -0.001933 0.494055
-0.02408 0.007432 0.481157
-0.092525 -0.03345 0.34733
-0.021865 0.098 0.06464
-0.035975 0.04858 0.15536
0.048285 0.05244 0.28319
0.074375 0.06703 0.08787
-0.024606 0.041375 0.256233
0.077525 0.10432 0.22375
-0.02318 0.02389 0.475703
-0.036205 0.013014 0.286217
-0.033905 0.12644 0.32603
0.087785 0.02318 0.14481
0.020055 0.05424 0.32348
-0.06387 -0.027833 0.2997
-0.032875 -0.07798 0.1604
-0.005345 -0.10857 0.14857
0.019265 0.12429 0.23558
-0.022718 0.037778 0.255575
-0.009705 0.07722 0.33741
-0.044385 -0.09723 0.14857
-0.013355 0.12368 0.1896
-0.030725 0.0392 0.1631
-0.005345 -0.03969 0.06464
0.085465 -0.05497 0.15154
-0.04598 -0.012007 0.493522
-0.025243 0.00627 0.480347
-0.016346 0.039789 0.254629
0.074775 -0.05709 0.08347
-0.098765 -0.00704 0.34579
0.026755 -0.12455 0.10724
0.037695 0.04581 0.30256
0.027395 -0.12503 0.18666
-0.050016 -0.007518 0.287093
-0.099865 -0.06788 0.32356
0.020915 -0.027 0.1723
0.009346 0.024925 0.4478
0.038765 0.11445 0.24263
-0.020834 0.011136 0.478482
-0.043847 0.008935 0.286892
-0.000145 -0.0831 0.0245
-0.050705 0.07229 0.34537
0.087795 -0.04951 0.24278
0.090365 0.00254 0.15955
0.088955 0.00255 0.14647
-0.005345 -0.07 0.1646
-0.02809 0.021356 0.475319
0.087815 0.09956 0.19514
-0.008557 -0.047325 0.292403
-0.070543 0.004734 0.494723
0.026415 -0.02904 0.31899
-0.026465 -0.10563 0.14857
-0.062592 -0.024761 0.299402
0.075045 0.05912 0.08951
0.024655 0.0768 0.0245
-0.016755 -0.05075 0.0596
0.025285 0.09142 0.06464
0.005425 0.06278 0.33251
-5.5e-05 0.12418 0.08477
0.086235 0.03434 0.12902
-0.020362 0.018114 0.477763
-0.064825 -0.13425 0.28591
-0.028285 -0.06728 0.348
-0.017896 0.045053 0.255379
-0.103875 0.0483 0.32542
-0.008815 -0.06295 0.343
-0.059755 -0.13036 0.24076
-0.119715 0.06626 0.25355
0.011175 -0.098 0.06464
-0.104715 -0.09898 0.17638
-0.045385 0.05845 0.15536
-0.017036 0.010775 0.479424
-0.029395 0.0906 0.0605
-0.018449 0.005682 0.480116
-0.023292 -0.000187 0.480558
-0.050417 -0.011604 0.28739
-0.071211 0.01202 0.287764
0.083385 0.01753 0.09398
0.081055 -0.03043 0.11256
-0.050695 -0.13252 0.31975
-0.021205 -0.0653 0.1507
0.015775 -0.10563 0.14857
0.073465 0.06223 0.08382
-0.043225 0.06753 0.34693
-0.076585 0.0 0.0995
-0.025543 0.004148 0.480003
-0.026465 0.08477 0.1604
0.019475 0.02807 0.07969
-0.041507 0.006568 0.286595
0.083595 0.01826 0.10637
0.012695 -0.12694 0.29463
0.098415 0.08514 0.21405
0.054205 0.11731 0.21511
0.003567 0.023859 0.285594
0.038855 0.05 0.1507
0.003536 0.030017 0.286027
-0.050664 -0.010785 0.287364
0.029105 0.0906 0.0605
0.066725 -0.07 0.08914
-0.039846 0.006233 0.286418
-0.005345 -0.04914 0.1604
-0.053675 -0.06856 0.35038
0.033695 0.04277 0.07143
-0.033125 0.12624 0.31988
0.060905 -0.09666 0.08255
-0.071915 -0.05075 0.08914
0.054615 -0.05264 0.07969
-0.012845 -0.044031 0.291206
-0.03807 -0.024945 0.300219
-0.038721 -0.02648 0.300564
-0.003542 0.025272 0.285185
0.028465 0.11361 0.27943
0.010545 -0.0137 0.178
0.015775 0.08477 0.1604
-0.125645 0.01457 0.26693
-0.000145 0.0382 0.1723
0.069405 -0.04011 0.26069
0.101135 0.08271 0.20408
-0.001928 0.023317 0.285162
0.054615 -0.08736 0.07969
0.005477 -0.012048 0.47811
-0.023956 -0.011572 0.305775
0.015065 -0.0 -0.018
