1955
0.043695 0.07175 0.2846
-0.021205 -0.0653 0.0093
-0.027675 -0.0146 -0.0123
-0.050515 0.1244 0.14943
0.008665 -0.06594 0.16355
-0.085765 0.07347 0.33321
0.024655 -0.0768 0.0245
-0.093665 0.08958 0.31893
-0.060045 -0.0318 0.0245
-0.077415 0.04914 0.11
0.065325 -0.09044 0.12064
0.000465 0.0602 0.16355
0.045605 -0.10563 0.08914
0.087605 -0.01798 0.13278
0.022185 -0.07798 0.0596
0.096265 0.08606 0.18435
-0.045665 0.0044 0.23298
0.022185 -0.02345 0.13086
-0.003205 -0.12793 0.25313
-0.095615 -0.03809 0.34484
-0.010675 0.0235 0.24783
0.075975 0.10555 0.18207
-0.004045 -0.0299 0.26004
0.040505 0.03794 0.07969
-0.005345 -0.10031 0.15536
-0.034575 0.11942 0.09936
0.091325 0.09391 0.18712
0.081845 -0.02577 0.11522
-0.039355 -0.12717 0.09677
-0.003375 -0.12209 0.32253
-0.015265 -0.046 0.27505
-0.026465 0.05523 0.1604
-0.087865 -0.07002 0.33704
-0.053905 0.07834 0.34306
-0.098815 0.10549 0.17527
0.076715 -0.06465 0.08941
-0.077895 0.0424 0.33
0.023885 -0.11942 0.09936
0.013895 -0.0074 -0.018
0.079695 -0.10424 0.22167
0.075535 0.07825 0.13271
-0.098535 -0.09468 0.1199
0.055915 0.04339 0.27419
-0.005345 -0.0196 0.08914
0.008605 0.0 0.39996
-0.010205 0.06708 0.33988
-0.023625 -0.0044 0.42702
-0.120425 0.04988 0.25125
-0.026465 0.03437 0.14857
0.083625 0.09544 0.17464
-0.005345 0.07 0.0554
-0.016755 0.08925 0.0596
-0.074695 0.12295 0.2577
-0.005915 -0.018 -0.018
-0.056295 0.05523 0.07143
0.015775 0.05523 0.1604
-0.010835 -0.0137 -0.018
-0.000145 0.1 0.08
0.101345 0.05742 0.17502
-0.119845 0.05799 0.26437
0.018785 -0.12247 0.30227
-0.041775 0.074 0.34482
-0.077075 0.0416 0.3493
-0.029395 -0.0906 0.0995
-0.074525 0.0162 0.26004
-0.011535 -0.0353 -0.0123
0.050785 0.0653 0.0418
0.064675 0.0 0.1355
0.074995 -0.05025 0.06399
0.015775 0.03437 0.14857
0.039495 0.12051 0.18768
0.053835 -0.02019 0.27823
0.045605 -0.05523 0.07143
-0.027675 0.0146 0.1723
0.080875 0.05465 0.10901
0.094925 -0.09167 0.18596
0.078525 0.02637 0.06113
-0.107775 -0.01279 0.33092
-0.005345 -0.1246 0.11
-0.081245 0.05096 0.3478
0.033325 -0.12428 0.16835
0.019475 0.02807 0.14031
0.005235 -0.0162 0.26004
0.029105 -0.0906 0.0995
0.011175 0.098 0.06464
-0.032875 0.06202 0.1604
0.008665 0.07406 0.05645
0.005635 -0.12791 0.25936
0.082605 0.00257 0.07744
-0.056265 0.0087 0.23859
-0.055795 -0.12164 0.08202
-0.062805 -0.07085 0.3481
-0.039135 -0.0108 0.23298
0.028675 0.00366 0.33958
-0.034575 -0.11942 0.09936
0.047425 0.10826 0.08585
0.005365 0.07749 0.16355
-0.091555 0.09949 0.31666
0.014335 0.12079 0.30038
-0.026325 0.10344 0.33556
-0.070335 -0.0536 0.35395
-0.004145 0.0299 0.39996
0.084375 -0.04331 0.24636
0.102125 0.07927 0.19358
0.022805 -0.10872 0.30711
-0.096825 0.10504 0.15282
-0.051165 0.0162 0.42141
-0.005345 0.11536 0.07969
0.107955 0.00254 0.20436
0.007785 0.0416 0.31069
0.054615 -0.08736 0.14031
0.026365 -0.11935 0.28524
0.024525 0.12279 0.20153
0.083385 -0.01244 0.09398
0.088535 0.08793 0.23037
0.014645 0.04581 0.327
-0.108255 0.10316 0.23671
-0.055295 -0.0707 0.08
-0.005345 -0.03143 0.14857
0.100715 0.05442 0.22732
0.045605 0.03437 0.08914
-0.077415 0.07 0.13086
0.081635 0.03166 0.25072
-0.026285 -0.0082 0.42702
0.027385 -0.0146 -0.0123
0.045605 -0.08477 0.07143
0.042985 0.05333 0.29132
0.070525 0.0375 0.0605
0.040505 0.03794 0.14031
0.107845 0.01685 0.20497
-0.048685 0.07 0.06464
-0.119135 0.06903 0.23652
0.047645 0.11987 0.19817
0.071925 0.0652 0.07832
-0.011155 0.0798 0.05645
-0.106145 -0.05499 0.323
-0.059395 -0.1078 0.09936
0.001255 -0.0352 0.38494
0.037065 0.06596 0.29804
0.069855 -0.05499 0.25881
-0.054195 -0.0693 0.0605
-0.035175 -0.07 0.0596
-0.051075 -0.0653 0.0418
-0.083015 0.09428 0.32701
-0.053885 0.07527 0.34406
-0.107305 -0.10758 0.23419
-0.062315 0.0583 0.35017
-0.070815 0.0375 0.0605
0.045645 -0.0587 0.0245
0.086575 -0.0293 0.12903
-0.018575 -0.1296 0.23392
-0.106265 0.10644 0.25311
-0.034645 0.0554 0.36778
0.034755 -0.01116 0.30377
0.070145 0.09523 0.15931
-0.035175 0.0196 0.11
0.072435 0.06938 0.08148
0.072735 -0.07 0.11
0.081315 0.03554 0.11251
0.030435 0.0392 0.1631
0.078555 0.06937 0.1327
-0.000145 0.0923 0.1182
0.005625 0.018 -0.018
-0.068725 -0.10673 0.08009
-0.005915 0.018 0.178
0.023075 0.12292 0.25237
-0.028645 -0.0684 0.347
-0.073555 0.03878 0.36344
-0.106345 -0.08827 0.29334
0.101605 0.00254 0.22426
0.101405 -0.08212 0.20441
-0.009005 -0.12751 0.15563
-0.070545 0.0352 0.27505
0.045645 0.0587 0.1355
-0.106045 -0.08368 0.15602
0.071845 0.0 0.0418
-0.120395 -0.04584 0.27349
-0.031915 -0.13275 0.31972
-0.000145 0.098 0.0605
0.022185 0.06202 0.0596
-0.034575 0.02058 0.09936
-0.000145 0.0707 0.1507
-0.035975 -0.04858 0.06464
-0.119435 0.05122 0.23219
0.038035 -0.04075 0.30271
-0.065305 -0.05264 0.07969
-0.030165 0.02807 0.14031
0.081895 0.1052 0.2024
0.077735 0.06829 0.10768
0.057545 -0.0598 0.26958
0.082445 0.02124 0.08604
-0.021865 -0.042 0.15536
0.099255 0.06367 0.22807
0.058605 -0.11808 0.18463
-0.030165 -0.11193 0.07969
-0.119585 -0.05661 0.24723
0.034695 0.08155 0.06464
-0.058005 0.0 0.23859
0.076605 0.07532 0.1327
-0.065305 -0.08736 0.07969
-0.111085 0.0726 0.29958
-0.005345 0.11536 0.14031
0.048705 -0.1078 0.09936
0.031735 -0.11944 0.25785
0.059515 -0.07 0.07969
-0.119015 -0.072 0.24856
0.082605 -0.01618 0.08603
0.105885 0.01531 0.21491
-0.029945 -0.0923 0.08
-0.045935 -0.0587 0.1355
0.080515 -0.0266 0.24959
0.013485 0.12164 0.28219
-0.034645 0.0229 0.42141
0.010995 -0.05271 0.33179
0.012275 -0.019 0.27505
-0.054025 0.046 0.38494
-0.016755 -0.08925 0.0596
0.033695 -0.09723 0.14857
-0.034645 0.0117 0.42702
0.089975 -0.02297 0.23991
0.074735 0.07726 0.10706
0.062575 -0.10188 0.10837
0.049815 0.07 0.07143
0.026455 0.0 0.33
-0.044285 -0.04277 0.14857
-0.056265 -0.0087 0.23859
-0.120255 0.05522 0.25869
-0.021865 0.098 0.15536
-0.000145 0.0707 0.0093
0.005235 -0.0391 0.36778
-0.065765 -0.12608 0.12035
-0.018125 0.0391 0.26004
0.108035 -0.01176 0.20499
0.036405 0.07175 0.29713
-0.048015 0.12755 0.31375
-0.029395 0.0906 0.0995
0.040505 0.10206 0.07969
0.048705 0.0322 0.09936
-0.005345 -0.03969 0.15536
-0.110155 0.05551 0.3052
0.050785 0.027 0.1507
0.086015 -0.07803 0.15908
0.083905 -0.01321 0.10637
-0.118635 0.0608 0.22463
0.070525 -0.0375 0.0995
-0.005345 0.03143 0.07143
-0.035975 0.04858 0.06464
-0.044385 0.04277 0.07143
0.008605 0.0 0.26004
-0.016755 0.08925 0.1604
-0.077415 -0.07 0.13086
0.101985 -0.03056 0.22481
-0.071915 -0.08925 0.08914
0.028765 -0.11562 0.28317
-0.075865 0.11904 0.22459
-0.004875 -0.12556 0.32185
0.072855 -0.06733 0.0743
0.014055 -0.12665 0.28233
-0.090035 0.0225 0.31069
0.092885 -0.07615 0.16694
0.038775 0.0499 0.0093
-0.016055 -0.07749 0.05645
0.012275 0.019 0.38494
-0.086865 -0.0212 0.36778
0.025285 0.09142 0.15536
0.034585 -0.01596 0.30322
0.071115 -0.09156 0.12917
0.099355 -0.05862 0.22813
0.050425 0.09551 0.25739
0.078635 -0.07434 0.13274
-0.027675 0.0853 0.0418
-0.020565 -0.07 0.05645
0.054535 -0.10993 0.23887
-0.051075 0.0653 0.1182
0.004985 0.06003 0.33331
-0.053105 -0.13092 0.2481
0.006535 -0.05579 0.33514
-0.037665 -0.12348 0.08235
-0.011015 -0.12668 0.17286
-0.091445 0.07072 0.32961
0.011175 -0.098 0.15536
0.053905 -0.0693 0.0605
-0.057325 0.1223 0.10243
-0.043255 0.12595 0.12268
-0.092375 0.07352 0.32768
-0.056295 -0.08477 0.14857
0.098735 0.05933 0.17069
0.005235 -0.0391 0.29221
0.009875 0.07 0.16355
-0.003085 0.12429 0.25177
-0.081565 -0.019 0.38494
-0.071515 0.1266 0.30726
-0.071915 -0.05075 0.13086
-0.088405 0.03634 0.34921
-0.065305 -0.05264 0.14031
0.064415 0.08787 0.08269
-0.051075 -0.027 0.1507
0.075775 0.0743 0.10725
-0.051295 -0.1278 0.14996
0.039465 0.02259 0.30037
-0.059395 -0.1078 0.12064
-0.030165 -0.11193 0.14031
-0.093105 0.04216 0.34252
-0.007985 -0.06216 0.34354
-0.060505 0.07 0.07143
-0.035175 0.1204 0.11
-0.065305 -0.08736 0.14031
-0.011155 -0.0798 0.16355
0.059515 -0.07 0.14031
-0.105095 -0.01194 0.33621
-0.060505 -0.07 0.14857
-0.112435 -0.0108 0.32094
0.020745 -0.0225 0.31069
-0.082765 -0.08896 0.32591
0.099115 -0.05426 0.17046
-0.014185 -0.0074 0.178
0.045605 -0.10563 0.13086
0.065325 0.09044 0.09936
-0.076015 0.09044 0.09936
-0.099835 -0.10953 0.28636
-0.051165 0.0391 0.26004
-0.065245 -0.0299 0.39996
-0.056295 0.08477 0.14857
0.023885 0.11942 0.12064
-0.111255 0.04868 0.30552
0.078505 -0.00291 0.05398
-0.045385 -0.08155 0.15536
-0.034645 -0.0498 0.38494
-0.005345 -0.01645 0.09936
0.091225 0.08732 0.22709
-0.117545 0.04337 0.27989
0.099175 0.08631 0.20418
-0.053235 0.11837 0.0848
-0.021205 0.027 -0.0123
-0.011285 0.0 0.42141
-0.097655 0.07076 0.32281
-0.032075 0.06499 0.34648
-0.051075 -0.027 0.0093
0.020915 0.0653 0.1507
-0.043515 -0.0212 0.42141
0.084225 0.05988 0.15255
0.026595 -0.12006 0.08305
0.022185 -0.06202 0.0596
0.079085 0.10662 0.21201
-0.005345 -0.0196 0.13086
0.006065 -0.04348 0.34555
0.008665 0.06594 0.16355
0.049815 -0.03143 0.11
-0.035175 -0.07 0.1604
-0.034575 0.02058 0.12064
-0.021205 -0.027 0.1723
-0.116065 0.05579 0.28789
-0.086265 0.07562 0.33168
-0.118715 0.07154 0.26649
-0.000145 -0.0831 0.1355
-0.070815 -0.0375 0.0605
0.008215 0.12467 0.24416
-0.089675 -0.03175 0.34972
-0.114495 -0.05458 0.28677
0.033595 -0.04277 0.14857
0.034465 -0.12408 0.20242
0.079145 -0.09678 0.23178
-0.046395 -0.13486 0.31357
0.024105 0.12316 0.23363
0.067405 -0.01311 0.26144
-0.077075 0.0416 0.31069
0.020915 0.0653 0.0093
-0.087685 -0.07245 0.3342
-0.081925 -0.07 0.09936
0.024655 0.0768 0.1355
-0.079505 -0.12899 0.29686
0.082375 -0.10593 0.21287
-0.057135 -0.13184 0.27094
0.088285 -0.03475 0.15525
-0.094955 0.04641 0.33831
0.106885 0.05357 0.19139
-0.081565 0.019 0.38494
0.047965 0.11483 0.16525
-0.088775 0.09233 0.32334
-0.005345 -0.0154 0.11
0.011595 0.12117 0.29456
0.022185 0.06202 0.1604
-0.013025 0.0512 0.36778
-0.019355 0.07406 0.16355
0.070525 0.0375 0.0995
-0.101475 -0.08274 0.1209
0.011245 0.0353 -0.0123
0.048705 0.0322 0.12064
0.066385 -0.0353 0.0418
0.108115 0.03094 0.19884
0.049075 0.11631 0.17823
0.035105 -0.12394 0.19263
-0.068615 0.0 0.41217
0.011175 0.098 0.15536
0.048415 0.113 0.10776
-0.055245 -0.12594 0.18357
-0.091155 0.0229 0.33
-0.034645 0.0498 0.38494
-0.020845 -0.12581 0.32617
0.080515 -0.03267 0.09187
-0.039135 0.0108 0.42702
0.085935 0.06358 0.24407
-0.084545 -0.04033 0.3517
-0.100025 -0.0667 0.3248
-0.092285 -0.1234 0.24743
-0.025775 -0.0212 0.42141
0.023495 0.09423 0.31428
-0.054195 -0.0693 0.0995
-0.112505 0.01091 0.32049
0.066725 -0.09086 0.11
-0.076015 -0.09044 0.09936
-0.043005 0.0082 0.23298
0.108075 -0.02535 0.20614
0.059115 0.10589 0.13983
0.052785 0.11122 0.23674
0.027035 0.0985 0.30437
-0.016755 -0.08925 0.1604
-0.056265 0.0512 0.29221
0.020915 -0.027 -0.0123
-0.077675 -0.12547 0.22338
0.028835 -0.09399 0.30486
0.083305 -0.03568 0.24724
-0.098735 0.11299 0.24193
0.077375 0.04174 0.08707
-0.019935 -0.12775 0.32513
-0.040155 -0.0212 -0.0031
-0.060505 -0.03143 0.11
0.083005 0.00255 0.08238
0.016775 -0.10671 0.31491
0.049045 -0.12169 0.19799
-0.065015 -0.13204 0.31147
-0.005345 0.08064 0.05645
0.105085 0.05407 0.21682
0.028545 0.07109 0.31391
0.024655 -0.0768 0.1355
0.054555 0.11476 0.22615
-0.060045 -0.0318 0.1355
0.065685 -0.08869 0.25043
0.080475 -0.05766 0.10441
-0.048685 0.07 0.15536
-0.013025 0.0512 0.29221
-0.077605 -0.12717 0.23416
-0.015265 -0.046 0.38494
0.101935 0.01378 0.22436
-0.011155 0.0602 0.05645
-0.000145 0.098 0.0995
0.091865 0.03642 0.24014
-0.105235 -0.11071 0.25143
-0.056265 -0.0512 0.36778
0.009875 -0.07 0.05645
0.005365 -0.07749 0.05645
-0.105595 -0.06025 0.32054
0.105555 0.03841 0.18321
-0.093895 -0.08491 0.31886
0.077285 -0.04837 0.09561
0.033595 0.09723 0.14857
-0.035175 0.07 0.0596
-0.077415 0.07 0.08914
0.106605 0.06171 0.20516
0.108135 0.00255 0.19708
-0.004045 -0.0299 0.39996
-0.115275 -0.02679 0.20276
-0.065955 -0.0127 0.41217
-0.047595 0.0307 0.41217
-0.091535 -0.04442 0.34658
0.099835 0.07896 0.18379
-0.096565 -0.0546 0.3374
-0.119435 -0.04455 0.29417
0.105555 -0.02682 0.18418
0.024925 0.11991 0.08513
-0.083425 -0.07 0.11
0.088205 0.03984 0.15532
-0.016055 -0.06251 0.05645
-0.000145 -0.0923 0.0418
-0.071685 -0.09017 0.07759
-0.052755 0.10305 0.33495
-0.032875 0.11655 0.13086
-0.000145 0.0382 -0.0123
-0.005345 -0.01645 0.12064
-0.119355 0.06891 0.26
0.032465 0.04249 0.3121
-0.019355 -0.07406 0.16355
-0.080225 0.12308 0.30493
-0.008005 -0.12844 0.25024
0.017975 -0.04246 0.32887
0.098345 -0.02801 0.16975
-0.035745 -0.06785 0.34849
-0.059395 -0.0322 0.09936
0.072505 -0.06327 0.07208
0.080475 0.00256 0.06123
0.025285 -0.04858 0.06464
-0.034645 -0.0117 0.23298
-0.074525 0.0162 0.39996
0.005545 0.07238 0.33038
0.107635 0.03723 0.20667
-0.000145 -0.0195 0.178
0.095035 -0.06729 0.16639
-0.035975 -0.04858 0.15536
0.034145 -0.1217 0.23126
-0.032875 0.07798 0.0596
0.006845 0.05079 0.33285
0.013895 0.0074 -0.018
0.045605 -0.03437 0.08914
0.021865 0.0229 0.33
0.012105 -0.11599 0.31547
-0.040155 -0.0212 0.1631
-0.016755 0.05075 0.1604
0.043565 0.06566 0.28691
0.005235 -0.0162 0.39996
-0.122005 -0.0444 0.27539
-0.058845 -0.13266 0.2867
-0.034645 0.0333 0.41217
-0.119545 0.04702 0.26866
0.030925 -0.12356 0.2239
0.106225 0.06129 0.19166
-0.000675 0.0 0.24783
-0.074475 0.11892 0.18535
0.023885 -0.02058 0.09936
0.071235 0.07 0.09936
-0.064965 0.0 0.0245
-0.037455 -0.06913 0.34862
-0.026465 -0.05523 0.1604
0.022185 -0.12573 0.1826
0.023475 -0.12571 0.22559
0.000465 -0.0798 0.05645
-0.021865 -0.042 0.06464
-0.038435 0.12478 0.09796
-0.090035 -0.0225 0.3493
-0.054495 0.12146 0.18288
-0.063895 0.12303 0.12063
-0.010835 0.0137 -0.018
-0.000145 0.0195 -0.018
0.019475 -0.02807 0.07969
-0.098005 -0.05998 0.33299
0.030435 -0.0392 -0.0031
0.022185 -0.06202 0.1604
-0.107305 0.10483 0.24493
-0.051165 0.0162 0.23859
-0.088245 -0.09578 0.31927
-0.047865 0.12309 0.25423
0.107105 0.00255 0.18969
0.010545 -0.0137 -0.018
0.015775 -0.05523 0.1604
0.023565 -0.08916 0.31407
-0.029945 0.0923 0.08
-0.027675 0.0146 -0.0123
-0.065955 0.0127 0.41217
-0.000145 -0.0382 0.1723
-0.018125 0.0162 0.42141
0.037995 0.07 0.15536
-0.008165 -0.09242 0.33351
0.071235 -0.07 0.09936
0.081315 -0.07226 0.15109
0.061645 0.10592 0.16644
-0.077415 -0.09086 0.11
-0.000145 -0.098 0.0605
-0.005345 -0.08064 0.16355
0.087525 0.02306 0.13277
0.056715 0.07092 0.26665
0.104235 0.06286 0.21706
0.039345 0.03718 0.30032
-0.084825 0.11531 0.15003
-0.093455 -0.11504 0.18936
0.006065 -0.05075 0.1604
0.035345 0.01438 0.30217
-0.016055 0.07749 0.05645
0.040505 -0.10206 0.07969
-0.034645 -0.0588 0.3493
-0.065475 0.12462 0.27347
-0.034575 -0.02058 0.09936
0.050785 -0.0653 0.1182
-0.011535 0.0353 0.1723
0.051855 -0.11564 0.13712
-0.058005 0.0554 0.33
0.025125 -0.1254 0.20144
-0.026465 -0.08477 0.1604
-0.026285 0.0082 0.42702
0.081335 -0.02559 0.07876
0.028535 -0.06597 0.31389
0.022185 -0.11655 0.13086
0.048705 0.1078 0.09936
-0.114305 -0.05076 0.30696
-0.087465 -0.07327 0.33268
0.091755 0.05966 0.1614
0.040505 -0.03794 0.07969
-0.070545 0.0352 0.38494
-0.032875 -0.11655 0.13086
-0.068615 0.0 0.24783
-0.032865 -0.05633 0.35613
-0.076015 0.04956 0.12064
0.084825 0.00255 0.10742
-0.014185 0.0074 0.178
-0.072725 -0.13366 0.29234
-0.077415 -0.07 0.08914
-0.097605 0.11451 0.25056
0.081845 -0.02385 0.08439
0.040885 0.01555 0.29808
0.069195 0.03666 0.2621
-0.013205 -0.12633 0.18994
-0.005345 -0.10857 0.07143
0.024125 0.12479 0.1384
-0.044385 -0.09723 0.07143
0.076295 0.0 0.0605
0.015775 -0.08477 0.1604
0.091505 -0.08052 0.16743
0.107295 -0.04848 0.19131
-0.034645 -0.0554 0.29221
-0.113175 -0.05695 0.30414
0.077475 -0.07317 0.10674
-0.005345 0.0154 0.11
0.101235 0.07517 0.18366
-0.053475 0.12743 0.3064
0.024485 0.0196 0.11
-0.011155 -0.0602 0.05645
-0.081065 -0.09822 0.3241
-0.095745 0.0 0.33
0.033695 0.04277 0.14857
-0.034645 -0.0229 0.42141
0.059325 0.10389 0.10882
0.030435 -0.0392 0.1631
-0.006235 0.12751 0.13265
0.012275 -0.019 0.38494
0.097315 0.04258 0.16703
0.099745 0.01948 0.17157
0.098975 -0.08244 0.1834
-0.090455 -0.08646 0.32181
0.019475 -0.02807 0.14031
0.027385 0.0146 0.1723
-0.005345 0.10031 0.15536
-0.035175 -0.1204 0.11
-0.115595 0.05482 0.28961
-0.072135 0.0382 0.08
0.081265 -0.01964 0.06996
0.079775 -0.0215 0.06079
-0.034645 0.0229 0.23859
-0.074525 -0.0162 0.26004
-0.005345 0.12355 0.12064
0.098825 0.03309 0.16941
0.024315 0.03352 0.31822
-0.086715 0.05114 0.34384
-0.030725 -0.0392 -0.0031
-0.071915 0.05075 0.08914
-0.045385 -0.08155 0.06464
-0.087615 -0.11554 0.14931
-0.035175 0.07 0.1604
-0.065955 -0.0127 0.24783
-0.026995 -0.08868 0.3405
-0.119005 0.04995 0.27346
-0.018125 0.0391 0.39996
0.033795 -0.00735 0.30909
0.036635 0.00255 0.3004
0.054875 0.01704 0.27668
0.078445 -0.06228 0.09644
0.079565 -0.07129 0.13273
-0.015355 -0.0 -0.018
0.010915 -0.07376 0.3273
-0.024945 -0.0768 0.0245
0.011285 0.09652 0.32306
-0.057725 -0.12736 0.21667
0.001255 0.0352 0.27505
-0.005345 0.01645 0.12064
0.005365 -0.06251 0.05645
0.067645 0.09452 0.1291
0.011975 0.12026 0.31575
0.059755 0.0318 0.0245
0.040505 -0.10206 0.14031
-0.030155 -0.0108 0.23298
0.066725 0.09086 0.11
-0.000145 -0.0 -0.02
-0.056295 -0.05523 0.14857
-0.021865 0.042 0.06464
0.023885 -0.02058 0.12064
0.095305 0.06373 0.23371
-0.030415 0.12495 0.24775
0.101675 -0.07452 0.18319
0.071235 0.07 0.12064
-0.059395 0.1078 0.12064
-0.051165 -0.0162 0.42141
0.089155 0.03435 0.15648
-0.034645 0.0424 0.26004
-0.016055 0.06251 0.16355
-0.032875 0.02345 0.13086
-0.065075 0.12568 0.28706
0.082155 -0.02415 0.09877
0.035135 0.02103 0.30367
-0.022715 0.0 0.23298
0.006105 0.09154 0.32682
0.040505 -0.03794 0.14031
-0.071915 0.08925 0.13086
-0.077415 -0.04914 0.11
0.007785 -0.0416 0.31069
0.045605 -0.05523 0.14857
0.092675 0.07639 0.16756
0.068755 0.01848 0.26261
-0.084755 0.04675 0.34769
0.008665 -0.07406 0.16355
-0.118035 0.07974 0.25568
0.056735 0.06462 0.26878
0.032495 -0.11015 0.28009
-0.032775 -0.06598 0.35074
-0.083525 0.02623 0.36611
-0.032875 0.07798 0.1604
-0.016685 -0.0513 -0.0031
-0.005345 -0.12355 0.09936
-0.078815 0.03454 0.36402
-0.109575 -0.10337 0.25329
-0.075785 0.12156 0.24653
-0.065145 0.0299 0.39996
0.009165 0.12123 0.31593
0.005845 0.08198 0.32859
0.053905 0.0693 0.0605
0.028685 0.00251 0.34016
-0.029945 0.0 0.1723
-0.118485 0.07717 0.24844
-0.078145 0.0 0.08
0.030435 0.0392 -0.0031
0.031535 0.05205 0.31302
-0.026465 0.03437 0.07143
-0.011695 -0.0543 0.31069
-0.004425 -0.05861 0.34583
-0.034645 -0.0333 0.41217
0.066385 0.0353 0.1182
0.020745 0.0225 0.3493
0.091005 -0.03137 0.23933
-0.005345 -0.07 0.0554
-0.056295 0.10563 0.13086
0.020915 0.027 0.1723
-0.034645 0.0588 0.3493
-0.030165 0.02807 0.07969
-0.088125 0.04242 0.34729
-0.070545 -0.0352 0.27505
-0.036525 0.1216 0.08469
-0.074525 0.0391 0.36778
-0.091595 -0.09436 0.31654
-0.030725 -0.0392 0.1631
-0.020565 0.07 0.16355
0.065325 0.04956 0.09936
0.082465 -0.05302 0.11236
0.050785 -0.027 0.1507
0.082565 0.08878 0.23654
0.094925 0.09201 0.19581
-0.019355 -0.06594 0.16355
0.015775 0.03437 0.07143
0.008775 -0.12267 0.31516
0.017155 0.12406 0.22718
0.105525 -0.04839 0.18429
0.015555 0.12389 0.25555
0.091655 -0.09835 0.19455
-0.030155 0.0108 0.23298
-0.065955 0.0127 0.24783
-0.021205 0.0653 0.1507
0.024485 0.1204 0.11
0.031765 0.12075 0.23054
0.045605 -0.08477 0.14857
-0.034645 0.0599 0.33
-0.051165 0.0391 0.39996
0.037415 -0.06693 0.29756
0.090695 0.02333 0.159
0.034005 0.1218 0.19282
-0.118685 0.04854 0.27537
0.055425 -0.01188 0.27712
-0.117995 -0.02949 0.21961
-0.119735 -0.04261 0.29419
-0.007205 0.12345 0.31787
0.086845 -0.03543 0.13939
-0.023625 0.0044 0.23298
-0.011285 0.0 0.23859
0.081565 0.05898 0.13296
0.039865 -0.0212 -0.0031
-0.043515 -0.0212 0.23859
-0.093785 0.03125 0.34644
0.067535 0.09323 0.10868
0.015065 0.0 0.178
0.105295 -0.03331 0.18331
0.026385 -0.12471 0.23365
0.006065 0.08925 0.0596
-0.051195 0.10206 0.07969
-0.091505 0.11952 0.28044
0.086315 0.0346 0.14117
0.055005 0.0 0.1507
0.023595 0.12001 0.28457
0.083705 0.02158 0.12047
0.009875 -0.07 0.16355
-0.094735 -0.00678 0.34674
-0.051195 -0.03794 0.14031
-0.074645 -0.13184 0.26768
-0.082045 -0.12383 0.30355
0.068805 -0.03155 0.26176
0.107335 0.04191 0.19106
0.005365 -0.07749 0.16355
-0.035975 0.09142 0.06464
-0.110865 0.09509 0.20589
-0.057005 0.12009 0.21746
0.102915 -0.07813 0.20425
-0.003335 0.0127 0.24783
-0.034645 -0.0599 0.33
-0.094625 0.0 0.3493
0.102215 0.02836 0.22481
-0.122665 -0.03366 0.25605
0.018405 0.0509 0.32448
0.107215 -0.05668 0.20523
-0.016685 -0.0513 0.1631
0.026575 0.12274 0.18654
-0.074525 0.0391 0.29221
0.088475 -0.01817 0.14482
0.045605 0.08477 0.14857
-0.074525 -0.0391 0.36778
-0.024945 0.0768 0.0245
-0.016755 -0.05075 0.1604
-0.011695 0.0543 0.3493
-0.017055 -0.12806 0.21857
-0.045665 -0.0044 0.42702
0.099915 -0.08087 0.21445
-0.058615 -0.0235 0.41217
0.045605 -0.03437 0.13086
-0.091155 -0.0229 0.33
-0.058615 0.0235 0.24783
-0.113725 0.08863 0.27845
0.022185 0.07798 0.0596
0.051725 -0.11281 0.10718
0.056365 0.11625 0.18604
-0.119915 0.05732 0.24077
0.079545 0.00256 0.05757
-0.005345 0.1204 0.13086
0.025285 -0.04858 0.15536
0.027635 0.12052 0.24932
-0.086845 0.11453 0.16961
0.005625 -0.018 -0.018
0.108025 -0.03214 0.2067
-0.089885 0.1164 0.23027
0.069885 0.06758 0.07344
0.056235 0.0517 0.27237
-0.072095 -0.12436 0.15014
0.011175 -0.042 0.15536
0.006425 -0.077 0.32984
-0.027675 -0.0853 0.1182
0.084755 0.03856 0.1222
-0.000145 0.0923 0.0418
-0.005345 0.1246 0.11
-0.000145 -0.098 0.0995
-0.032875 0.11655 0.08914
0.085055 -0.02814 0.12444
0.028405 0.12289 0.17165
-0.034575 0.11942 0.12064
-0.043005 -0.0082 0.42702
-0.082895 -0.12091 0.30659
0.030125 0.0616 0.31353
-0.018125 -0.0391 0.26004
0.044665 -0.06697 0.28521
0.027385 0.0853 0.0418
0.023885 -0.11942 0.12064
-0.021695 0.0307 0.24783
-0.033655 0.12643 0.32333
0.029655 -0.0923 0.08
-0.090035 -0.0225 0.31069
-0.021205 -0.027 -0.0123
-0.043435 -0.0 -0.0031
-0.053185 0.09477 0.33765
-0.025775 -0.0212 0.23859
-0.061875 0.12566 0.28817
0.016395 -0.0513 -0.0031
0.036755 0.04603 0.30448
0.055005 0.0707 0.08
-0.010055 0.05291 0.34862
0.045605 0.05523 0.14857
-0.074525 -0.0391 0.29221
-0.026465 0.10563 0.07143
0.039865 -0.0212 0.1631
-0.065305 0.08736 0.07969
-0.001105 0.1245 0.23768
0.070535 0.05342 0.0657
0.002225 -0.04696 0.34653
0.021925 0.12348 0.22576
-0.003335 -0.0127 0.41217
0.000465 -0.0798 0.16355
0.006545 0.12173 0.31299
0.005365 0.06251 0.05645
0.011245 -0.0353 0.1723
-0.005345 -0.05936 0.05645
0.020915 -0.0653 0.1507
-0.077895 -0.0424 0.33
-0.016685 0.0513 -0.0031
-0.065305 0.05264 0.07969
0.022185 -0.07798 0.1604
0.088245 0.00255 0.13432
0.076295 0.0 0.0995
-0.109905 0.08312 0.29694
0.108335 -0.01245 0.19862
0.057285 -0.05328 0.27136
-0.102125 0.06419 0.31865
0.080085 0.03461 0.0942
-0.088985 0.11784 0.23938
-0.005345 0.04914 0.0596
0.018295 0.11897 0.30788
0.015775 0.10563 0.07143
-0.044385 0.04277 0.14857
0.083655 -0.05447 0.133
0.086895 0.00255 0.13033
-0.051195 0.10206 0.14031
-0.081925 0.07 0.09936
-0.101405 0.10618 0.19779
0.000465 0.0798 0.05645
-0.118895 -0.05569 0.2246
0.107515 0.0536 0.19862
-0.063565 0.1274 0.31004
0.077715 0.10028 0.23053
0.075445 0.04622 0.08226
0.037995 0.07 0.06464
-0.090025 0.08279 0.32534
0.029105 0.0906 0.0995
-0.034575 -0.11942 0.12064
-0.045935 0.0587 0.0245
0.061225 0.05075 0.13086
0.034695 0.05845 0.06464
0.033695 -0.09723 0.07143
-0.089085 -0.12591 0.27554
0.023295 0.12296 0.21361
-0.044285 -0.04277 0.07143
-0.102815 -0.09529 0.15326
0.003805 0.04576 0.34488
-0.016055 0.07749 0.16355
-0.034955 0.05547 0.35463
-0.003625 0.12301 0.3231
0.049815 -0.07 0.07143
0.031385 -0.03908 0.30908
-0.086865 0.0212 0.36778
0.024485 0.07 0.0596
0.054975 0.02669 0.27746
-0.111835 -0.10039 0.22891
0.050785 0.027 0.0093
-0.027675 0.0853 0.1182
0.021865 -0.0229 0.33
0.035395 -0.00924 0.30235
-0.116135 0.06701 0.28511
0.063125 -0.1044 0.13993
0.008605 -0.0424 0.33
0.098345 -0.08896 0.19551
-0.043435 0.0 0.1631
-0.065145 0.0299 0.26004
-0.057595 -0.0543 0.3493
-0.051075 0.0653 0.0418
0.016395 -0.0513 0.1631
-0.015265 0.046 0.27505
-0.114755 -0.09144 0.20536
-0.050045 -0.06227 0.35487
0.022185 -0.11655 0.08914
0.025335 0.0 0.3493
0.065325 -0.04956 0.09936
0.005625 0.018 0.178
-0.076015 -0.04956 0.09936
-0.100045 -0.06471 0.32684
-0.032875 -0.11655 0.08914
0.078235 0.1064 0.21615
-0.048685 -0.07 0.15536
0.074645 -0.06475 0.08082
0.027385 -0.0853 0.1182
0.078515 -0.04219 0.08194
-0.044055 -0.12895 0.12262
0.076305 0.06443 0.09437
0.105315 -0.05592 0.1849
0.006065 -0.08925 0.0596
-0.064965 0.0 0.1355
-0.051945 -0.0722 0.34878
-0.057595 0.0543 0.31069
0.095265 -0.05867 0.23367
0.010435 0.06002 0.32974
-0.016685 0.0513 0.1631
0.107565 -0.03681 0.19098
-0.071915 0.05075 0.13086
-0.065305 0.08736 0.14031
-0.108605 -0.10043 0.19985
0.017575 -0.0212 0.29221
-0.000145 -0.1 0.08
0.019625 -0.06716 0.32181
-0.082535 0.05824 0.34325
0.076465 0.06687 0.09682
-0.078305 -0.03337 0.36512
-0.056295 -0.08477 0.07143
0.017295 -0.12677 0.2619
-0.065305 0.05264 0.14031
-0.034645 -0.0424 0.26004
-0.033065 -0.1288 0.32581
0.021725 0.11345 0.30677
0.106775 -0.05625 0.19158
-0.005345 0.10031 0.06464
-0.039135 -0.0108 0.42702
-0.086865 0.0212 0.29221
-0.000195 -0.1234 0.08292
0.018745 0.12103 0.28324
-0.039145 -0.0499 0.1507
-0.105445 -0.10684 0.26997
-0.058005 -0.0554 0.33
0.006065 0.08925 0.1604
0.075055 -0.06701 0.08235
0.089225 -0.06658 0.15852
0.011725 -0.04947 0.33564
0.061225 0.08925 0.08914
-0.072135 0.0 0.1182
0.081605 0.02911 0.09878
-0.005345 0.03969 0.15536
0.053905 0.0693 0.0995
-0.056295 -0.03437 0.08914
0.107395 -0.0565 0.19845
-0.060505 -0.07 0.07143
-0.013025 0.0087 0.42141
0.106825 0.06154 0.19847
0.075435 0.01192 0.25547
0.022185 0.02345 0.13086
-0.085445 0.0 0.27505
-0.053645 0.08649 0.34035
-0.021865 0.042 0.15536
-0.100345 -0.05876 0.33051
0.008665 -0.06594 0.05645
-0.018125 0.0162 0.23859
-0.044285 0.09723 0.07143
-0.071515 -0.04104 0.36329
0.066725 0.04914 0.11
0.000465 0.0602 0.05645
-0.056295 0.08477 0.07143
-0.117265 0.0823 0.26294
-0.077895 0.0 0.26004
-0.056265 0.0512 0.36778
-0.088095 0.11926 0.24843
0.048705 -0.1078 0.12064
-0.109175 -0.06042 0.30041
-0.027265 -0.06567 0.35074
-0.039145 -0.0499 0.0093
0.010545 0.0137 -0.018
0.069815 0.04521 0.26102
-0.118065 -0.01071 0.30029
-0.076585 0.0 0.0605
-0.059395 0.0322 0.09936
0.019455 0.07228 0.32143
0.059755 -0.0318 0.0245
0.079455 -0.0546 0.10149
0.032115 -0.01327 0.31335
0.087195 -0.03353 0.24332
-0.110725 -0.10219 0.24511
-0.032875 -0.02345 0.13086
-0.032875 0.02345 0.08914
-0.032145 -0.06541 0.35168
0.025285 0.04858 0.15536
-0.045385 0.08155 0.15536
-0.071915 0.08925 0.08914
0.006065 0.05075 0.0596
-0.052755 0.1227 0.24914
0.085695 0.07876 0.1601
-0.081925 0.07 0.12064
0.020745 0.0225 0.31069
0.029725 -0.12493 0.17183
0.007585 -0.05266 0.33889
-0.074155 0.11455 0.10085
-0.000145 -0.0195 -0.018
0.039865 0.0212 0.1631
-0.083455 -0.02743 0.36692
-0.097225 -0.08259 0.10477
-0.070815 0.0375 0.0995
-0.003335 -0.0127 0.24783
0.006215 -0.08641 0.3273
0.008665 0.07406 0.16355
-0.034645 -0.0229 0.23859
0.079665 -0.1019 0.2252
0.091105 0.08051 0.16817
0.076985 0.02718 0.05694
0.048065 0.06535 0.28011
-0.011535 0.0353 -0.0123
0.025485 -0.12618 0.13847
-0.011205 0.12492 0.1723
0.104795 0.06095 0.18504
0.068375 -0.08524 0.08074
0.054385 -0.0215 0.27714
-0.085855 -0.04257 0.34853
-0.033555 -0.12689 0.32688
0.089005 -0.02925 0.15658
0.019475 0.11193 0.14031
-0.005345 0.10857 0.07143
-0.056295 0.10563 0.08914
0.072925 -0.06935 0.07545
-0.096795 0.05075 0.33411
-0.026465 -0.03437 0.14857
-0.000145 -0.0707 0.1507
-0.089145 0.06498 0.33444
0.089265 0.08437 0.16897
0.001255 0.0352 0.38494
-0.074525 -0.0162 0.39996
0.069745 -0.06237 0.25754
-0.026285 -0.09859 0.33687
-0.024945 -0.0768 0.1355
0.011595 0.03908 0.34226
-0.094795 0.11735 0.26548
0.065325 -0.04956 0.12064
0.024485 -0.1204 0.11
-0.076015 -0.04956 0.12064
-0.088875 0.01271 0.36734
-0.035975 0.09142 0.15536
0.059755 0.0318 0.1355
-0.005345 -0.04914 0.0596
0.066725 0.07 0.13086
-0.051075 0.027 0.1507
-0.005345 0.02464 0.07969
0.015775 -0.03437 0.14857
0.101555 -0.05231 0.17492
0.049815 0.03143 0.11
-0.099745 0.11151 0.23333
-0.066675 -0.0353 0.1182
-0.102925 0.08847 0.13012
0.070625 -0.09007 0.10833
-0.011155 0.0798 0.16355
0.079295 -0.06703 0.10717
-0.029395 -0.0906 0.0605
0.086045 -0.03496 0.12714
-0.019355 0.06594 0.05645
-0.070205 0.07 0.14031
0.034695 -0.08155 0.15536
0.024485 0.07 0.1604
-0.101625 0.05922 0.32035
-0.005345 -0.11536 0.14031
0.098365 -0.02316 0.23002
-0.023625 -0.0044 0.23298
-0.000145 -0.0707 0.0093
0.065325 0.09044 0.12064
-0.005345 0.05936 0.05645
-0.051195 -0.10206 0.07969
-0.076015 0.09044 0.12064
-0.051165 -0.0162 0.23859
-0.034645 0.0424 0.39996
-0.013025 -0.0087 0.42141
0.069635 0.0729 0.0771
0.094065 -0.07173 0.16659
-0.050165 0.12788 0.31639
0.027385 0.0146 -0.0123
0.019715 0.06323 0.32242
0.080675 -0.02059 0.06534
0.010365 0.06936 0.32792
0.029105 -0.0906 0.0605
0.096785 -0.04941 0.2327
-0.058825 -0.1292 0.22851
0.064585 0.09268 0.24889
0.078525 -0.04273 0.10204
0.033595 0.09723 0.07143
0.021865 0.0 0.36778
-0.018125 -0.0162 0.42141
-0.035175 -0.0196 0.11
0.077185 0.10593 0.22028
0.006065 -0.08925 0.1604
-0.011285 0.0554 0.33
-0.070205 -0.07 0.07969
-0.070545 -0.0352 0.38494
-0.005345 -0.1204 0.13086
0.011175 -0.042 0.06464
-0.056295 -0.10563 0.13086
-0.066675 0.0353 0.1182
-0.052765 -0.12981 0.32162
-0.005345 0.1204 0.08914
-0.090225 -0.11484 0.16939
-0.005345 -0.02464 0.07969
0.081155 0.00255 0.06494
-0.045975 -0.13152 0.2556
0.011175 0.042 0.15536
0.099235 0.03589 0.23027
-0.060045 0.0318 0.0245
0.107265 0.05358 0.2057
0.043325 -0.04829 0.29154
-0.083895 -0.1152 0.11921
-0.125825 -0.01171 0.26665
-0.043515 0.0212 0.42141
-0.000145 0.0555 -0.0031
0.088035 0.07138 0.15952
-0.072225 0.1203 0.16759
-0.081925 -0.07 0.12064
0.005235 0.0391 0.29221
0.108485 -0.02583 0.19882
0.080515 0.02459 0.07008
-0.030505 0.12512 0.24755
0.003325 0.05604 0.33401
0.073155 -0.09365 0.15596
0.061225 -0.05075 0.13086
-0.000145 -0.0555 0.1631
0.053905 -0.0693 0.0995
-0.106355 -0.10921 0.24277
-0.118385 -0.06363 0.26011
0.077855 0.0 0.08
0.088375 0.00255 0.24158
-0.100185 -0.05285 0.33374
0.072395 0.07136 0.08307
-0.076075 0.12601 0.29596
-0.000475 0.04859 0.34594
-0.005345 0.09086 0.0596
-0.034645 -0.0554 0.36778
-0.032875 0.06202 0.0596
-0.039065 0.0499 0.0093
0.021865 0.0 0.29221
-0.026285 -0.0082 0.23298
-0.028605 0.06889 0.34487
-0.028955 -0.05674 0.3546
-0.005345 0.02464 0.14031
-0.080855 0.11637 0.11991
-0.030165 -0.02807 0.07969
-0.072135 -0.0382 0.08
0.105755 0.03643 0.21605
0.097075 -0.03742 0.16726
0.050475 0.07137 0.2744
0.047735 0.11508 0.16929
0.050605 0.0439 0.28132
-0.029945 -0.0 -0.0123
0.045605 0.10563 0.13086
0.034695 0.05845 0.15536
-0.076015 -0.09044 0.12064
0.006235 0.12387 0.25839
-0.089305 -0.04752 0.34725
0.045645 -0.0587 0.1355
0.105805 0.03192 0.18409
-0.092675 -0.06229 0.33768
-0.024945 0.0768 0.1355
-0.054025 -0.046 0.27505
-0.051195 -0.10206 0.14031
0.020915 0.027 -0.0123
-0.089675 -0.00786 0.36802
-0.085255 0.04012 0.34988
0.083365 -0.01648 0.12055
0.075895 -0.05402 0.0892
0.098005 0.01291 0.23052
0.034695 -0.05845 0.15536
0.028975 0.03794 0.31363
0.088355 0.05463 0.24334
-0.016055 -0.07749 0.16355
0.072425 -0.10628 0.17117
0.050785 -0.0653 0.0418
-0.020565 -0.07 0.16355
0.078425 -0.07012 0.10695
0.006065 0.05075 0.1604
-0.093105 -0.1219 0.23829
0.061225 0.05075 0.08914
0.038045 0.05425 0.29978
0.014415 -0.0362 0.34366
0.016915 0.11186 0.31548
-0.025775 0.0212 0.42141
0.082385 0.02553 0.10131
-0.095995 -0.04579 0.34181
-0.070205 -0.07 0.14031
-0.056295 0.03437 0.13086
0.053045 0.11644 0.22155
0.074535 0.06924 0.0899
-0.000145 0.0555 0.1631
0.076775 0.07131 0.10746
0.108055 0.03763 0.19894
-0.005345 -0.02464 0.14031
0.079565 -0.03745 0.08691
-0.090035 0.0225 0.3493
-0.005965 -0.12871 0.13279
-0.123175 -0.0382 0.28102
0.010875 -0.09122 0.3226
-0.040155 0.0212 -0.0031
0.027625 -0.03331 0.31201
0.077705 -0.05956 0.09402
-0.070815 -0.0375 0.0995
0.079475 0.07655 0.15285
-0.096085 0.06277 0.32718
0.009875 0.07 0.05645
0.010455 -0.05459 0.33062
-0.021695 -0.0307 0.41217
-0.048685 -0.07 0.06464
0.025285 -0.09142 0.06464
-0.018125 -0.0391 0.39996
-0.045385 -0.05845 0.06464
0.081585 0.07045 0.15241
-0.078545 -0.06776 0.3448
-0.119915 0.00669 0.30006
-0.026465 -0.10563 0.07143
-0.035975 -0.09142 0.15536
-0.052505 0.123 0.16613
0.037175 0.09455 0.28123
0.013895 0.0074 0.178
0.085755 0.05608 0.24573
0.081075 0.05775 0.11252
-0.097255 -0.11531 0.28311
0.061225 0.08925 0.13086
0.101605 -0.00869 0.22417
-0.056295 -0.03437 0.13086
0.027745 -0.12239 0.26459
0.100405 -0.07851 0.18326
-0.015335 0.123 0.20441
0.077215 0.09576 0.16654
-0.011155 -0.0798 0.05645
0.108455 -0.03254 0.19893
0.013115 0.12213 0.27523
0.079655 -0.10545 0.18002
-0.119445 0.01411 0.23841
0.070525 -0.0375 0.0605
-0.043005 0.0082 0.42702
-0.034645 0.0117 0.23298
0.069495 0.06729 0.25716
0.044045 0.00248 0.29393
-0.083425 0.07 0.11
-0.055295 0.0 0.1507
0.015775 -0.10563 0.07143
-0.056245 0.128 0.30997
0.049815 0.10857 0.11
-0.059395 -0.0322 0.12064
-0.107895 0.01167 0.33025
0.040375 -0.09097 0.2827
-0.010835 0.0137 0.178
0.107595 0.01825 0.19215
-0.030165 -0.02807 0.14031
-0.000145 0.0195 0.178
-0.120725 -0.0207 0.24209
0.055475 -0.11789 0.21965
-0.047595 0.0307 0.24783
0.098905 0.02823 0.2304
-0.004055 -0.12373 0.32224
0.016775 -0.1193 0.30888
0.020745 -0.0225 0.3493
-0.005345 0.03969 0.06464
-0.054425 0.07077 0.34555
0.080045 -0.06392 0.10741
-0.045935 0.0587 0.1355
0.064775 -0.10632 0.16299
-0.005345 0.0196 0.13086
-0.117345 0.02222 0.21563
0.029555 0.01786 0.31265
0.031585 0.12228 0.16822
-0.051195 -0.03794 0.07969
0.008665 0.06594 0.05645
-0.070995 0.12637 0.29277
0.029265 -0.00818 0.33856
0.038605 -0.04925 0.30005
-0.056295 0.05523 0.14857
-0.055295 0.0 0.0093
-0.008285 -0.05233 0.34938
-0.112985 -0.05817 0.30262
0.022185 0.02345 0.08914
0.057775 0.00254 0.2743
0.069145 0.10622 0.17399
0.108135 0.01755 0.19863
0.088265 -0.00615 0.24148
0.018085 -0.04572 0.32426
-0.115105 -0.04688 0.30706
0.028935 0.00136 0.33964
0.025115 0.1236 0.10777
-0.015265 0.046 0.38494
0.086965 0.07512 0.15972
-0.032875 -0.06202 0.0596
0.011245 -0.0353 -0.0123
0.008505 -0.12882 0.24454
-0.040155 0.0212 0.1631
0.029655 0.0 0.1723
0.086575 0.02258 0.12859
-0.003285 -0.12877 0.10372
-0.088945 0.04819 0.34353
0.072455 0.05131 0.07064
-0.005915 0.018 -0.018
-0.034645 0.0333 0.24783
0.041125 -0.01055 0.29757
0.000465 -0.0602 0.05645
-0.020775 0.12516 0.32096
-0.078025 0.12511 0.30032
-0.056295 -0.05523 0.07143
0.050785 0.0653 0.1182
0.036975 -0.04096 0.30457
0.057065 -0.11934 0.2093
-0.017665 0.12489 0.32322
0.071235 -0.07 0.12064
0.025285 0.04858 0.06464
-0.045385 0.08155 0.06464
0.097635 -0.00784 0.23026
0.023115 0.12407 0.16388
-0.101885 0.013 0.34071
0.090425 -0.01824 0.1592
-0.019355 0.07406 0.05645
-0.010065 0.06483 0.34033
-0.009105 0.08735 0.33503
-0.032875 -0.02345 0.08914
-0.034645 0.0 0.42883
-0.034575 -0.02058 0.12064
-0.060505 0.10857 0.11
-0.000145 0.0831 0.0245
-0.034645 -0.0117 0.42702
0.107715 0.03044 0.2061
-0.051165 -0.0391 0.26004
0.027045 0.11909 0.26495
0.037995 -0.07 0.06464
0.098175 0.08259 0.18402
0.048705 0.1078 0.12064
0.069735 -0.04756 0.25984
0.066385 0.0353 0.0418
0.024035 -0.1259 0.16416
0.054505 -0.06641 0.27139
-0.114465 0.04953 0.29272
-0.096465 -0.06882 0.32826
-0.112355 -0.08284 0.27841
-0.005345 0.09086 0.1604
0.084215 0.08221 0.16067
0.080285 -0.07544 0.15121
0.038855 -0.0499 0.1507
-0.034645 -0.0424 0.39996
-0.075215 0.11821 0.20477
0.053865 -0.03864 0.27822
-0.085445 0.0 0.38494
-0.005345 0.08064 0.16355
0.018325 -0.12717 0.22671
0.054615 -0.05264 0.14031
-0.022095 0.12521 0.32708
-0.052755 0.12802 0.31999
0.084145 0.00255 0.09604
-0.011155 0.0602 0.16355
-0.021865 -0.098 0.15536
-0.005345 -0.09086 0.0596
0.034295 0.01633 0.30323
0.086245 -0.01748 0.12871
0.082095 0.03089 0.11517
-0.028845 0.07155 0.34417
-0.111325 0.0618 0.30195
-0.119375 -0.0461 0.23222
0.050785 -0.027 0.0093
-0.013025 0.0087 0.23859
-0.077095 -0.11361 0.09889
-0.110565 0.06116 0.30331
0.044515 0.0951 0.26673
-0.077355 -0.125 0.30855
0.022185 0.11655 0.13086
0.078275 0.07941 0.15328
0.003815 0.12201 0.31006
-0.119195 0.06075 0.27001
0.072735 0.07 0.11
0.079655 0.0255 0.06552
0.038855 -0.0499 0.0093
-0.021205 0.0653 0.0093
-0.015355 0.0 0.178
0.087205 -0.07424 0.15879
-0.005345 -0.03143 0.07143
0.105325 0.05347 0.18436
-0.051075 -0.0653 0.1182
-0.077895 0.0 0.39996
0.043805 -0.05453 0.28943
-0.102515 -0.00793 0.34109
-0.019355 0.06594 0.16355
0.061225 -0.08925 0.13086
0.034695 -0.08155 0.06464
0.066725 0.07 0.08914
0.013895 -0.0074 0.178
-0.053525 -0.13417 0.30294
0.059755 -0.0318 0.1355
0.005235 0.0162 0.26004
-0.005345 0.05936 0.16355
-0.016055 -0.06251 0.16355
0.020565 0.02624 0.33996
-0.095635 -0.07069 0.32613
0.055005 0.0 0.0093
0.049815 -0.10857 0.11
-0.005915 -0.018 0.178
0.005865 -0.05722 0.33408
-0.021695 -0.0307 0.24783
-0.077075 -0.0416 0.3493
-0.010835 -0.0137 0.178
0.054615 0.08736 0.07969
0.017875 0.12251 0.26705
-0.019355 -0.07406 0.05645
-0.073645 0.12414 0.26893
0.023885 0.11942 0.09936
0.107705 -0.01315 0.19211
-0.086665 0.12115 0.26195
0.081085 -0.02984 0.09417
-0.003755 0.12692 0.10436
0.045605 0.08477 0.07143
0.059515 0.07 0.07969
0.021555 0.1233 0.18235
-0.027675 -0.0146 0.1723
-0.039135 0.0108 0.23298
0.082785 -0.02051 0.10131
0.071845 0.0 0.1182
-0.078845 0.04754 0.35032
-0.091155 0.0 0.36778
0.054615 0.05264 0.07969
-0.008185 0.06093 0.33996
-0.027675 -0.0853 0.0418
-0.117905 -0.0478 0.27216
-0.026465 0.10563 0.14857
0.057295 0.09848 0.08453
-0.100755 0.1091 0.2155
-0.096455 -0.06668 0.33052
0.027385 0.0853 0.1182
0.019475 -0.11193 0.07969
0.043145 -0.0 -0.0031
0.049815 0.07 0.14857
0.011175 0.042 0.06464
0.030335 -0.05652 0.31373
0.105815 0.02939 0.21567
0.104995 0.00256 0.18272
0.076115 -0.06216 0.08744
-0.005345 -0.1204 0.08914
-0.056295 -0.10563 0.08914
0.016155 0.0 0.27505
-0.078615 0.04494 0.08045
0.101845 -0.02328 0.22459
-0.036195 -0.1312 0.24949
-0.014185 -0.0074 -0.018
0.071845 0.0382 0.08
-0.058185 0.12081 0.22988
0.015775 0.10563 0.14857
-0.008485 0.09747 0.33264
0.016875 -0.08182 0.32063
-0.097865 -0.04254 0.34089
0.037825 -0.06103 0.29841
0.102245 0.03564 0.22499
-0.005345 -0.12355 0.12064
-0.106365 -0.0445 0.32731
-0.117265 -0.06623 0.26651
-0.027635 -0.05938 0.35362
-0.039145 0.05 0.1507
-0.005345 0.03143 0.14857
-0.118165 -0.07455 0.25583
-0.017095 0.12309 0.21931
-0.084605 0.06239 0.33868
-0.046575 0.0 0.42702
0.029205 0.12209 0.2235
-0.034645 0.0554 0.29221
-0.091035 0.04527 0.34313
-0.105095 0.01113 0.33563
0.042135 -0.11431 0.24444
-0.089895 0.11478 0.20993
-0.115665 0.0777 0.28192
0.061225 -0.05075 0.08914
-0.034645 -0.0588 0.31069
0.087475 -0.02969 0.1412
0.030365 0.12231 0.2128
0.045605 0.05523 0.07143
-0.011535 -0.0353 0.1723
-0.054195 0.0693 0.0605
0.049815 -0.07 0.14857
-0.113495 0.04366 0.30614
-0.091155 0.0 0.29221
0.055225 0.11781 0.20862
0.021945 -0.02192 0.34193
0.020915 -0.0653 0.0093
-0.011285 -0.0554 0.33
0.017575 -0.0212 0.36778
-0.008405 -0.08253 0.3367
-0.060505 -0.10857 0.11
0.065325 0.04956 0.12064
-0.045665 0.0044 0.42702
-0.032875 -0.06202 0.1604
0.031585 0.11314 0.26368
-0.070275 -0.05464 0.35228
-0.005345 -0.08064 0.05645
-0.113385 -0.07208 0.28152
0.051855 -0.11654 0.16885
0.016395 0.0513 -0.0031
-0.119905 0.0441 0.26384
0.045605 0.10563 0.08914
-0.028965 0.07289 0.34384
-0.030155 -0.0108 0.42702
-0.093885 -0.12023 0.22919
-0.013025 -0.0087 0.23859
0.025495 0.11858 0.28258
-0.116275 -0.03921 0.30706
0.092355 -0.08292 0.22777
0.034695 -0.05845 0.06464
0.080585 0.07354 0.15256
0.018065 -0.04862 0.32271
0.026635 0.01255 0.33813
-0.022715 0.0 0.42702
0.054615 0.08736 0.14031
-0.034645 -0.0333 0.24783
0.083185 -0.06581 0.15105
-0.115105 0.02127 0.20106
0.048165 0.11485 0.13723
-0.096705 0.08762 0.10482
0.043145 0.0 0.1631
0.059515 0.07 0.14031
-0.060505 0.07 0.14857
0.032105 0.01222 0.30864
0.052205 -0.11594 0.16516
-0.001015 -0.12963 0.23755
-0.018125 -0.0162 0.23859
0.090905 0.02803 0.24079
-0.027175 0.09323 0.33828
0.054615 0.05264 0.14031
0.025285 -0.09142 0.15536
0.097125 0.05453 0.23295
-0.045385 -0.05845 0.15536
0.005625 -0.018 0.178
-0.060045 0.0318 0.1355
-0.102615 0.11044 0.26941
-0.011155 -0.0602 0.16355
0.019475 -0.11193 0.14031
0.085745 -0.05854 0.24386
0.098575 0.00253 0.17052
-0.008045 0.12443 0.24921
0.027385 -0.0146 0.1723
0.085345 0.03323 0.12434
0.024485 -0.0196 0.11
0.099285 -0.01442 0.17186
0.066725 -0.07 0.13086
0.008605 0.0424 0.33
-0.056295 0.03437 0.08914
-0.077355 -0.06115 0.07884
0.078095 0.00797 0.05431
-0.114385 0.04776 0.29256
0.027385 -0.0853 0.0418
0.024485 -0.07 0.0596
0.064675 0.0 0.0245
0.050485 -0.10724 0.08375
-0.035975 -0.09142 0.06464
0.106105 -0.01385 0.18589
-0.056265 0.0087 0.42141
0.039865 0.0212 -0.0031
-0.019325 0.12453 0.24627
-0.043515 0.0212 0.23859
0.009605 -0.12055 0.31548
-0.045385 0.05845 0.06464
0.107765 -0.04852 0.20574
0.040945 -0.12266 0.18692
-0.114535 -0.05428 0.28601
0.097635 0.00253 0.23035
-0.057445 -0.13502 0.30824
-0.010675 -0.0235 0.41217
-0.004145 0.0299 0.26004
0.107655 -0.02633 0.19128
0.019475 0.11193 0.07969
-0.005345 -0.09086 0.1604
-0.016755 0.05075 0.0596
0.010465 0.07879 0.32639
-0.107715 0.09405 0.29381
-0.050735 -0.0629 0.35348
-0.044285 0.09723 0.14857
0.020395 -0.12589 0.20097
-0.030155 0.0108 0.42702
0.023885 0.02058 0.09936
-0.000675 0.0 0.41217
-0.054025 -0.046 0.38494
-0.086865 -0.0212 0.29221
-0.053555 -0.09063 0.34053
-0.028035 0.08307 0.34107
0.015955 0.12023 0.30882
0.081215 -0.06512 0.1327
-0.026465 -0.05523 0.0596
-0.059205 -0.12523 0.10092
0.016395 0.0513 0.1631
0.052835 -0.04709 0.27823
-0.060505 0.03143 0.11
-0.081005 0.10334 0.32414
-0.072135 0.0 0.0418
0.080285 -0.09377 0.16387
0.040505 0.10206 0.14031
-0.048605 -0.05394 0.35918
0.005365 -0.06251 0.16355
-0.058615 -0.0235 0.24783
-0.023625 0.0044 0.42702
-0.077415 0.09086 0.11
0.088265 -0.07043 0.15861
0.022185 0.07798 0.1604
-0.118675 -0.05098 0.28992
0.018585 0.12325 0.21415
-0.070205 0.07 0.07969
0.015775 -0.05523 0.0596
-0.026285 0.0082 0.23298
0.048705 -0.0322 0.09936
-0.027645 -0.06626 0.34977
0.078555 0.04786 0.10209
-0.005345 -0.11536 0.07969
0.033605 0.12207 0.20239
-0.005345 0.0196 0.08914
-0.086615 0.10163 0.32072
0.044265 -0.06076 0.28733
0.024785 0.12035 0.27567
-0.016055 0.06251 0.05645
0.088635 0.01125 0.24181
-0.074205 -0.12325 0.16792
0.098785 -0.03081 0.22996
-0.055295 0.0707 0.08
0.017165 0.08705 0.32094
-0.005345 -0.10031 0.06464
-0.032875 -0.07798 0.0596
0.106225 0.01895 0.18585
-0.116835 -0.077 0.26306
-0.076375 -0.1226 0.18563
0.019925 0.12298 0.20105
0.066725 -0.04914 0.11
0.022185 -0.02345 0.08914
-0.090885 -0.12509 0.26139
0.029655 0.0923 0.08
-0.025775 0.0212 0.23859
-0.054575 -0.07468 0.34696
0.001255 -0.0352 0.27505
0.008665 -0.07406 0.05645
0.006065 -0.05075 0.0596
-0.000145 -0.0382 -0.0123
0.066385 -0.0353 0.1182
0.033595 -0.04277 0.07143
-0.077975 0.03537 0.36382
-0.034645 0.0588 0.31069
0.000465 -0.0602 0.16355
-0.104675 0.08859 0.15624
-0.065465 -0.13283 0.27233
-0.026465 -0.08477 0.0596
0.077605 0.07236 0.13271
0.085725 -0.1048 0.2024
-0.101855 -0.11343 0.26736
-0.059345 0.12428 0.27052
0.056485 -0.11479 0.228
0.007785 -0.0416 0.3493
0.071845 -0.0382 0.08
0.037995 -0.07 0.15536
0.087075 -0.09348 0.17237
0.074075 0.04886 0.07628
0.107495 0.03143 0.19135
0.069855 0.06003 0.25876
-0.096855 0.06848 0.32458
-0.034645 0.0 0.23116
-0.005345 0.10857 0.14857
-0.077495 -0.12876 0.24498
0.015775 -0.08477 0.0596
0.021105 -0.12675 0.23529
0.045645 0.0587 0.0245
-0.051195 0.03794 0.07969
-0.005345 0.04914 0.1604
-0.119575 0.0414 0.266
0.005365 0.07749 0.05645
-0.063785 0.06095 0.34886
0.080415 -0.06821 0.13272
-0.058005 0.0 0.42141
-0.075805 0.12022 0.23568
-0.058775 0.04931 0.36009
0.080705 0.02955 0.08167
0.045605 0.03437 0.13086
-0.005365 0.12336 0.3206
-0.020565 0.07 0.05645
0.084425 0.00255 0.12226
-0.011695 -0.0543 0.3493
-0.019355 -0.06594 0.05645
-0.026465 0.08477 0.0596
-0.084715 0.085 0.32947
0.005375 -0.12812 0.31012
-0.030165 0.11193 0.07969
-0.047595 -0.0307 0.41217
0.017575 0.0212 0.36778
-0.098615 0.01211 0.34566
-0.056265 -0.0087 0.42141
-0.097865 0.11357 0.28571
0.107995 -0.04853 0.1986
0.055005 -0.0707 0.08
-0.045935 -0.0587 0.0245
-0.089685 0.11371 0.18985
-0.000145 -0.0555 -0.0031
-0.094625 0.0 0.31069
0.100615 -0.04933 0.22723
-0.055015 -0.07217 0.34857
-0.076015 0.04956 0.09936
0.007785 0.0416 0.3493
-0.021865 -0.098 0.06464
-0.011695 0.0543 0.31069
0.015775 0.08477 0.0596
-0.054025 0.046 0.27505
0.085465 0.03995 0.12713
0.076795 -0.04774 0.06991
-0.026465 -0.03437 0.07143
0.005235 0.0391 0.36778
-0.053075 -0.09873 0.33731
0.039255 -0.01762 0.29943
-0.066675 -0.0353 0.0418
-0.088405 0.06048 0.33752
0.019335 -0.11504 0.30825
-0.018495 0.12401 0.23487
0.054215 0.02532 0.2785
-0.096055 0.08051 0.32111
-0.099785 -0.04695 0.33677
0.082485 0.04118 0.25005
0.022185 0.11655 0.08914
-0.077075 -0.0416 0.31069
-0.000145 -0.0923 0.1182
-0.082055 0.04386 0.35023
-0.119875 0.0331 0.25214
-0.051075 0.027 0.0093
-0.010675 0.0235 0.41217
-0.076095 -0.13045 0.25635
-0.014185 0.0074 -0.018
0.015775 -0.03437 0.07143
0.010545 0.0137 0.178
-0.092815 -0.09386 0.10145
-0.066485 0.11004 0.08306
0.065845 -0.11677 0.19348
-0.026465 0.05523 0.0596
-0.021755 -0.12402 0.3271
-0.013025 -0.0512 0.36778
0.061225 -0.08925 0.08914
0.092685 -0.05463 0.16068
0.049865 -0.09201 0.26379
0.023885 0.02058 0.12064
0.104655 0.00254 0.218
0.093935 0.07212 0.16716
-0.030725 0.0392 -0.0031
0.085425 0.04027 0.13933
0.017575 0.0212 0.29221
0.074595 -0.00683 0.25466
-0.054195 0.0693 0.0995
0.083365 -0.08426 0.23734
0.085235 -0.05095 0.24519
-0.021205 0.027 0.1723
0.024485 -0.07 0.1604
0.080105 0.00253 0.24934
-0.000145 0.0831 0.1355
-0.005345 0.12355 0.09936
0.089495 -0.08344 0.23111
0.012275 0.019 0.27505
0.015775 0.05523 0.0596
0.009625 0.05712 0.33064
-0.055625 0.12017 0.19986
0.065325 -0.09044 0.09936
-0.010675 -0.0235 0.24783
-0.051195 0.03794 0.14031
-0.066675 0.0353 0.0418
0.048705 -0.0322 0.12064
-0.056265 -0.0512 0.29221
-0.051165 -0.0391 0.39996
0.103845 -0.07454 0.19342
0.082285 -0.06904 0.15105
0.081315 -0.04963 0.10892
0.034695 0.08155 0.15536
-0.005345 0.01645 0.09936
0.078505 -0.02239 0.05629
-0.069965 0.12155 0.14997
-0.059395 0.0322 0.12064
0.051215 -0.11857 0.17606
-0.059345 0.12192 0.24196
-0.081565 -0.019 0.27505
0.063265 0.11517 0.19417
0.005365 0.06251 0.16355
0.020615 -0.12547 0.28376
-0.009195 0.12634 0.15513
-0.005345 -0.05936 0.16355
-0.020145 -0.1304 0.24961
-0.059395 0.1078 0.09936
-0.030165 0.11193 0.14031
-0.094945 0.01187 0.34727
-0.118495 -0.04494 0.26743
0.029655 -0.0 -0.0123
-0.065245 -0.0299 0.26004
0.084565 -0.03347 0.12226
-0.013025 -0.0512 0.29221
-0.092665 0.0643 0.33058
-0.110005 0.09934 0.22124
-0.054745 -0.07372 0.34762
0.095255 0.08648 0.22075
0.000465 0.0798 0.16355
0.077765 -0.04499 0.07594
-0.005345 0.07 0.1646
-0.107795 -0.07773 0.2961
0.102695 -0.07051 0.18319
0.069815 0.07107 0.07584
0.011245 0.0353 0.1723
-0.000145 0.0 0.18
0.073775 -0.06019 0.07774
-0.053245 -0.12675 0.16678
-0.071915 -0.08925 0.13086
-0.084815 0.12274 0.27555
-0.092525 -0.03345 0.34733
-0.021865 0.098 0.06464
-0.035975 0.04858 0.15536
0.048285 0.05244 0.28319
0.074375 0.06703 0.08787
-0.034645 -0.0498 0.27505
0.077525 0.10432 0.22375
-0.033905 0.12644 0.32603
0.087785 0.02318 0.14481
0.020055 0.05424 0.32348
-0.032875 -0.07798 0.1604
-0.005345 -0.10857 0.14857
0.019265 0.12429 0.23558
-0.045665 -0.0044 0.23298
-0.009705 0.07722 0.33741
-0.044385 -0.09723 0.14857
-0.013355 0.12368 0.1896
-0.030725 0.0392 0.1631
-0.005345 -0.03969 0.06464
0.085465 -0.05497 0.15154
-0.057595 -0.0543 0.31069
0.074775 -0.05709 0.08347
-0.098765 -0.00704 0.34579
0.026755 -0.12455 0.10724
0.037695 0.04581 0.30256
0.027395 -0.12503 0.18666
0.005235 0.0162 0.39996
-0.099865 -0.06788 0.32356
0.025335 0.0 0.31069
0.020915 -0.027 0.1723
0.038765 0.11445 0.24263
-0.000145 -0.0831 0.0245
-0.050705 0.07229 0.34537
0.087795 -0.04951 0.24278
0.090365 0.00254 0.15955
0.088955 0.00255 0.14647
-0.005345 -0.07 0.1646
-0.003335 0.0127 0.41217
0.087815 0.09956 0.19514
0.026415 -0.02904 0.31899
-0.026465 -0.10563 0.14857
0.075045 0.05912 0.08951
-0.043005 -0.0082 0.23298
0.024655 0.0768 0.0245
-0.016755 -0.05075 0.0596
0.025285 0.09142 0.06464
0.005425 0.06278 0.33251
-5.5e-05 0.12418 0.08477
0.016155 0.0 0.38494
0.086235 0.03434 0.12902
-0.064825 -0.13425 0.28591
-0.028285 -0.06728 0.348
-0.103875 0.0483 0.32542
-0.058615 0.0235 0.41217
-0.008815 -0.06295 0.343
-0.059755 -0.13036 0.24076
-0.119715 0.06626 0.25355
0.011175 -0.098 0.06464
-0.104715 -0.09898 0.17638
-0.045385 0.05845 0.15536
-0.029395 0.0906 0.0605
-0.081565 0.019 0.27505
0.083385 0.01753 0.09398
-0.021205 -0.0653 0.1507
0.081055 -0.03043 0.11256
-0.050695 -0.13252 0.31975
0.015775 -0.10563 0.14857
0.073465 0.06223 0.08382
-0.043225 0.06753 0.34693
-0.076585 0.0 0.0995
-0.026465 0.08477 0.1604
0.019475 0.02807 0.07969
0.083595 0.01826 0.10637
-0.047595 -0.0307 0.24783
0.012695 -0.12694 0.29463
0.098415 0.08514 0.21405
0.054205 0.11731 0.21511
0.038855 0.05 0.1507
-0.034645 0.0498 0.27505
0.029105 0.0906 0.0605
0.066725 -0.07 0.08914
-0.005345 -0.04914 0.1604
-0.053675 -0.06856 0.35038
0.033695 0.04277 0.07143
-0.033125 0.12624 0.31988
0.060905 -0.09666 0.08255
-0.071915 -0.05075 0.08914
0.054615 -0.05264 0.07969
-0.057595 0.0543 0.3493
-0.021695 0.0307 0.41217
0.028465 0.11361 0.27943
-0.046575 0.0 0.23298
0.010545 -0.0137 0.178
0.015775 0.08477 0.1604
-0.125645 0.01457 0.26693
-0.000145 0.0382 0.1723
0.069405 -0.04011 0.26069
0.101135 0.08271 0.20408
0.054615 -0.08736 0.07969
0.015065 -0.0 -0.018
