440
-0.06067 -0.0437 -0.06496
-0.03595 0.0071 -0.24525
0.05181 -0.0468 -0.24486
-0.01469 0.0489 -0.20027
-0.00349 -0.0691 -0.2196
0.06213 -0.0138 -0.32155
-0.03765 -0.0631 -0.01248
-0.06435 0.0613 -0.0116
-0.00202 0.0292 -0.31411
0.02961 -0.0564 -0.04899
-0.07775 0.02005 -0.06501
0.06054 -0.0158 -0.3418
0.05177 0.0005 -0.35955
0.01178 0.0547 -0.15297
0.05035 -0.0253 -0.06451
0.05983 -0.0245 -0.25248
-0.07546 0.0508 -0.00777
-0.02941 -0.0628 -0.00122
-0.03125 0.0688 0.02285
-0.07532 -0.0369 -0.12176
-0.05727 -0.0127 -0.22231
-0.05556 0.0589 -0.09066
0.01333 -0.0726 -0.28192
-0.02998 -0.0555 -0.25382
-0.01174 0.0712 0.01612
0.02377 0.0571 -0.11186
0.05412 -0.041 -0.21573
-0.00168 0.0706 0.01756
0.0486 -0.0413 -0.12032
0.04408 0.0474 -0.07563
0.03393 0.0597 -0.04023
0.02045 -0.0641 -0.08299
-0.03108 -0.06072 0.00505
0.01065 0.0609 -0.1115
0.00418 0.0102 -0.33261
-0.0195 -0.0664 -0.22217
-0.0056 0.0531 -0.17611
-0.06695 0.0581 0.00478
0.00308 0.06672 -0.06505
-0.08121 -0.0105 -0.1409
-0.05552 -0.0551 -0.15571
-0.05826 -0.0564 -0.10239
-0.014 -0.06297 0.00505
-0.08402 0.0247 -0.08983
-0.04312 -0.0638 -0.06917
-0.0229 0.0298 -0.26249
-0.05908 -0.0552 -0.11996
0.03667 -0.0555 -0.11905
-0.07234 -0.039 -0.13837
-0.06477 -0.0488 -0.03263
-0.07892 -0.0151 -0.15218
-0.06658 -0.0495 -0.04992
-0.08719 -0.0082 -0.04927
-0.0859 0.01 -0.10115
0.05762 -0.0081 -0.08327
-0.03114 0.0673 -0.07675
0.00308 -0.06072 0.00505
-0.00688 0.0383 -0.26359
0.04975 -0.01405 0.00501
-0.02414 0.0725 -0.01986
-0.07449 0.0283 -0.14249
0.04307 -0.0657 -0.32545
0.01813 -0.0752 -0.32821
-0.0538 -0.059 -0.07791
-0.01272 -0.0681 -0.25608
0.05945 0.0139 -0.11519
0.03023 0.0337 -0.25856
0.02895 0.0365 -0.24245
-0.00619 -0.0682 -0.02858
0.05374 0.029 -0.05036
0.03755 0.0277 -0.28075
0.04733 0.022 -0.26159
0.04316 0.03597 -0.06503
0.01409 -0.0632 -0.02428
-0.02296 0.0441 -0.21829
0.05763 -0.003 -0.07253
-0.04955 -0.0598 -0.03165
0.02349 -0.0596 -0.03919
0.05682 0.0015 -0.34344
-0.02112 0.0583 -0.14247
-0.01985 0.0383 -0.24669
-0.07116 0.03597 -0.06503
0.02776 0.0457 -0.18463
0.00258 0.0656 0.03049
-0.08043 0.0404 -0.06078
-0.04454 0.0272 -0.22419
-0.08688 0.0099 -0.08837
-0.016 0.02495 -0.25
-0.03649 -0.0116 -0.24385
0.05112 0.0131 -0.3431
-0.02661 -0.0154 -0.26016
0.05616 -0.0332 -0.17577
0.04611 0.0212 -0.3345
-0.05883 -0.0561 -0.08228
-0.01343 0.0697 -0.06359
-0.047 0.06013 -0.06505
0.05328 -0.025 -0.08448
0.01655 0.0632 -0.083
0.01381 0.0336 -0.30496
-0.04895 0.068 0.00361
0.03197 0.0606 -0.00475
-0.08193 0.0243 -0.10969
-0.05069 0.0665 0.01178
-0.01352 0.0381 -0.25689
-0.03116 0.0706 0.01507
0.01865 0.0336 -0.29961
0.01339 0.0423 -0.23402
0.03992 -0.0677 -0.31738
-0.0662 0.0239 -0.18064
-0.03157 0.07 -0.05325
-0.05442 -0.0251 -0.22412
0.05914 0.004 -0.0823
0.04034 0.033 -0.22385
-0.00483 0.0353 -0.28081
-0.02622 0.0513 -0.17881
-0.03275 -0.0676 -0.15725
0.03528 0.0494 -0.12459
-0.07041 -0.0434 -0.03788
0.05678 0.0034 -0.28573
0.04462 0.0214 -0.34146
0.0414 -0.0519 -0.36805
0.0123 -0.0733 -0.3457
0.00491 -0.0736 -0.33692
0.05368 -0.0532 -0.32863
-0.03666 -0.0556 -0.22941
-0.03161 0.0294 -0.24565
0.02786 0.0289 -0.34379
-0.02014 0.0692 0.02594
-0.00485 -0.0389 -0.30771
0.04949 0.0246 -0.22034
-0.05377 -0.0559 -0.01941
0.05554 -0.0396 -0.25799
0.01074 -0.0708 -0.16343
0.03756 -0.0681 -0.30416
-0.0581 0.0642 0.0054
-0.00652 -0.0693 -0.05246
-0.04858 -0.0613 -0.06202
-0.07116 -0.03003 -0.06497
-0.07174 -0.0439 -0.10198
0.02457 0.0637 0.00919
-0.04752 -0.0459 -0.21861
-0.02729 -0.0665 -0.02603
0.03917 -0.0491 -0.07175
0.03697 0.0158 -0.36279
0.00275 -0.0206 -0.33044
-0.047 -0.05413 0.00505
-0.0484 -0.0603 -0.15508
0.04356 -0.0372 -0.37344
0.04975 0.02005 -0.06501
0.04975 -0.01411 -0.06499
-0.03662 0.019 -0.24475
0.04316 -0.03003 -0.06497
0.02538 0.0654 -0.02915
-0.08776 -0.0067 -0.06366
-0.03866 0.0539 -0.15232
0.05458 -0.036 -0.35491
0.00116 -0.0649 -0.00964
-0.04035 0.0363 -0.21527
0.01822 0.066 -0.05624
0.05357 -0.0438 -0.25406
0.00756 -0.0747 -0.31301
0.03976 0.0285 -0.25964
-0.0602 0.0634 -0.02823
0.03409 -0.0697 -0.30009
0.0128 0.0368 -0.27202
-0.0289 0.0722 -0.00467
-0.03252 0.0714 0.00534
-0.00386 0.0081 -0.30979
0.05655 -0.009 -0.073
0.04276 0.0181 -0.35389
-0.04699 0.0499 -0.15751
-0.00395 -0.0223 -0.31041
-0.04527 0.0399 -0.19608
0.0009 0.0639 -0.10101
-0.05969 0.0616 0.01313
-0.01014 -0.0721 -0.16217
0.04719 0.0206 -0.32749
-0.01706 -0.0689 -0.04416
-0.01189 0.0293 -0.28753
0.019 -0.05419 -0.06495
-0.03922 -0.0485 -0.23692
0.01127 0.0653 0.02521
0.019 0.06019 0.00495
0.052 0.00297 -0.065
-0.016 0.02495 -0.35
0.04972 -0.0455 -0.17334
-0.016 -0.06305 -0.25
0.05195 0.0286 -0.16297
0.04573 -0.0191 -0.37493
-0.03662 -0.0544 -0.23386
0.05581 0.0145 -0.05795
0.01936 -0.0732 -0.29463
-0.05503 0.0503 -0.1382
-0.05792 0.0641 -0.03652
-0.04444 0.0697 -0.01851
0.00828 -0.0736 -0.34159
0.03267 0.0497 0.00496
-0.03343 0.047 -0.19133
-0.02403 0.0658 -0.09134
0.00463 0.0295 -0.33298
0.0567 -0.0474 -0.33015
0.06026 -0.0115 -0.26246
0.02743 0.0605 -0.06981
0.03063 -0.0694 -0.28289
-0.08 0.00297 -0.065
-0.05789 -0.031 -0.21492
-0.02157 -0.0705 -0.15973
-0.03477 -0.0676 -0.1099
0.034 0.02495 -0.25
-0.04106 0.0682 0.01735
0.01038 -0.0664 -0.0451
-0.05613 -0.0573 -0.12344
0.03843 -0.0568 -0.36568
0.04316 0.03603 0.00497
0.01978 0.0559 -0.13247
-0.03701 -0.0265 -0.24265
0.02997 -0.0733 -0.32733
0.03772 0.0231 -0.35142
-0.01885 0.0367 -0.2539
0.00405 -0.0675 -0.0383
0.02341 0.033 -0.29422
-0.07116 0.03603 0.00497
-0.06652 0.0305 -0.16785
-0.06965 0.0579 -0.01685
-0.07583 -0.0399 -0.07945
0.01904 -0.0711 -0.27047
0.0327 0.0294 -0.3301
-0.03814 -0.0648 -0.04585
-0.04692 0.0578 -0.11752
-0.05596 0.0655 -0.00241
-0.08021 0.0048 -0.14651
-0.06842 -0.0405 -0.15881
0.01715 -0.0742 -0.30442
-0.06233 -0.0535 -0.07381
0.052 0.00303 0.005
0.05102 -0.0511 -0.35039
-0.03967 -0.0623 -0.0102
0.00574 0.0492 -0.1965
0.01433 0.0698 -0.01677
-0.08221 0.0063 -0.13442
-0.0436 -0.0595 -0.18337
0.05227 -0.0253 -0.07445
0.05532 -0.045 -0.30193
-0.02729 0.0357 -0.24169
-0.07775 -0.01405 0.00501
-0.03073 -0.0676 -0.06088
0.04975 0.02011 0.00499
0.03936 -0.0471 -0.06088
-0.00076 0.0365 -0.27751
0.047 0.0123 -0.35592
-0.07304 0.0506 -0.06524
0.01657 -0.0646 -0.05193
0.06126 -0.0005 -0.14968
-0.01866 -0.0658 -0.26148
0.03034 0.0298 -0.33273
0.06064 -0.014 -0.16351
0.00121 -0.0688 -0.0586
0.05816 0.0031 -0.32577
-0.00155 0.0407 -0.25261
-0.06081 -0.0429 -0.18617
0.0553 0.0303 -0.08194
-0.05734 -0.0557 -0.1363
-0.08 0.00303 0.005
-0.014 0.00297 -0.065
-0.0259 0.0691 -0.06536
0.03267 0.04964 -0.06504
0.05482 -0.027 -0.11283
-0.03108 -0.06078 -0.06495
0.04463 -0.0024 -0.37142
-0.016 -0.06305 -0.35
0.034 -0.06305 -0.25
-0.00021 -0.073 -0.30164
0.03525 -0.0613 -0.36282
0.05466 -0.0425 -0.27714
-0.00075 -0.0727 -0.32427
0.05951 -0.0108 -0.28539
0.02409 -0.0745 -0.32777
0.04316 -0.02997 0.00503
0.01954 0.0649 0.01676
-0.01744 0.0721 -0.0376
-0.00313 0.0592 -0.1349
0.00505 0.0327 -0.30867
-0.014 0.06903 0.00495
0.019 0.06013 -0.06505
0.00308 -0.06078 -0.06495
-0.05044 0.0655 -0.05529
0.01022 0.0654 -0.07886
0.04099 0.0104 -0.36663
-0.01225 0.0071 -0.28788
0.03267 -0.0437 -0.06496
-0.06951 0.0322 -0.15403
-0.01307 0.037 -0.26219
0.03529 -0.0597 -0.15636
-0.08179 -0.0258 -0.10461
-0.04143 0.0647 0.02529
0.034 0.02495 -0.35
-0.07846 0.0472 -0.01352
0.04876 -0.0538 -0.27622
-0.07116 -0.02997 0.00503
-0.05193 -0.0583 -0.02548
0.00832 0.0711 -0.01091
0.02217 0.0643 0.01305
-0.01154 -0.0708 -0.08787
-0.05346 -0.0593 -0.11222
0.05934 -0.0249 -0.2827
0.00224 0.0719 -0.00505
-0.02944 -0.0577 -0.25209
0.03737 0.0426 -0.16952
0.06061 -0.0331 -0.33489
0.05516 -0.017 -0.35924
0.03495 0.0289 -0.32748
0.06127 -0.0304 -0.31507
-0.00996 -0.0683 -0.22307
0.00349 0.0373 -0.274
-0.014 0.06897 -0.06505
-0.04132 -0.0603 -0.00805
0.02104 0.0369 -0.25782
-0.03004 0.0461 -0.20013
0.04717 -0.0372 -0.07433
-0.02786 0.0636 -0.10524
-0.02888 -0.0637 -0.21195
0.04895 -0.0564 -0.34791
-0.08328 0.0351 -0.02798
0.05195 -0.0486 -0.27877
-0.08738 0.0145 -0.04403
-0.01332 -0.0642 -0.00169
0.019 -0.05413 0.00505
-0.01373 -0.0471 -0.28414
-0.0861 -0.0068 -0.10001
0.03827 -0.0516 -0.08979
0.0595 -0.0097 -0.11359
0.06094 -0.0083 -0.23333
-0.06537 0.0481 -0.11586
-0.03108 0.06678 0.00495
-0.014 0.00303 0.005
0.04603 -0.0361 -0.06397
-0.0597 0.022 -0.20092
-0.07775 -0.01411 -0.06499
-0.05131 0.0059 -0.22865
-0.02373 0.0394 -0.23675
-0.08065 -0.0302 -0.04607
0.04783 -0.0386 -0.09165
-0.08523 -0.0216 -0.05908
0.05873 0.016 -0.08147
0.0321 -0.0681 -0.27581
-0.05001 -0.061 -0.13038
0.04759 0.0194 -0.28376
0.00062 -0.0529 -0.32738
0.00308 0.06678 0.00495
-0.07008 -0.0466 -0.05298
0.05873 0.0061 -0.21986
-0.06067 0.0497 0.00496
-0.08605 0.0229 -0.066
0.03873 0.0556 -0.01825
0.04624 -0.0614 -0.34528
0.03267 -0.04364 0.00504
0.01599 -0.0697 -0.24709
-0.08792 0.0042 -0.04754
-0.0767 -0.0161 -0.1638
0.034 -0.06305 -0.35
-0.01829 0.0653 0.0326
-0.0402 0.0699 0.00897
0.02612 -0.0602 -0.06211
-0.00553 -0.0715 -0.10524
-0.07397 0.0439 -0.09561
-0.01206 0.0717 -0.04367
-0.03962 -0.0451 -0.23809
-0.014 -0.06303 -0.06495
-0.03693 0.0351 -0.22472
-0.02178 0.0267 -0.26829
-0.08347 -0.0082 -0.12606
0.01932 -0.0618 -0.03149
-0.08459 -0.0208 -0.04879
-0.01285 -0.0193 -0.28634
0.00883 -0.0676 -0.06477
-0.06947 -0.0211 -0.19166
-0.0311 0.0654 0.03022
0.0286 0.0581 -0.08508
-0.02495 0.0093 -0.26318
-0.01252 -0.0668 -0.28615
-0.08116 -0.0319 -0.05335
-0.05794 -0.0564 -0.06988
-0.08803 0.0086 -0.06296
0.03274 0.0211 -0.35924
0.01047 -0.0709 -0.25747
0.06063 0.0028 -0.11495
-0.06067 -0.04364 0.00504
-0.04053 -0.0519 -0.22662
-0.00658 -0.0692 -0.25074
-0.00622 0.0721 0.00406
-0.01978 -0.07 -0.07922
-0.08681 -0.0063 -0.08767
-0.05434 0.019 -0.21629
0.02955 -0.0668 -0.25186
-0.0834 -0.0239 -0.08564
-0.07342 -0.0425 -0.09293
0.04081 -0.0648 -0.29622
-0.0723 0.0545 -0.00207
-0.05931 -0.0548 -0.04388
0.0603 -0.0227 -0.23343
-0.03371 -0.0635 -0.00673
-0.00671 0.0658 0.03284
0.02802 -0.073 -0.31114
-0.022 0.0707 0.01869
-0.05204 0.0638 0.01981
-0.06292 -0.0133 -0.21332
-0.04469 0.0655 -0.07081
0.03553 -0.0654 -0.26702
0.05819 0.0046 -0.24765
0.02093 -0.0705 -0.26698
-0.0475 0.0687 -0.00376
0.04718 -0.0575 -0.29097
-0.07321 -0.0405 -0.0402
0.03892 -0.0599 -0.21891
0.04868 0.0422 -0.04062
-0.06739 0.0536 -0.07982
-0.07252 0.0541 -0.03864
-0.00728 0.0323 -0.2901
0.02714 -0.0689 -0.35633
-0.02843 -0.0387 -0.25686
-0.02045 -0.0666 -0.01378
-0.01884 0.0346 -0.2605
-0.07775 0.02011 0.00499
0.03145 0.0308 -0.28149
0.03921 -0.0689 -0.33921
0.05427 -0.0097 -0.06292
-0.06067 0.04964 -0.06504
0.00075 0.0711 -0.04251
-0.08095 -0.0267 -0.11127
-0.047 -0.05419 -0.06495
-0.00919 0.0695 0.02471
-0.047 0.06019 0.00495
0.0597 0.0114 -0.15013
0.04812 0.0175 -0.34235
0.01355 -0.0692 -0.12193
0.05332 0.0303 -0.12509
0.04987 -0.0585 -0.32711
-0.03108 0.06672 -0.06505
0.05119 -0.0515 -0.29241
-0.03793 0.0704 -0.03646
