3402
0.015949 0.030798 -0.33911
-0.06067 -0.0437 -0.06496
0.026291 0.031219 -0.32581
0.01985 0.033509 -0.298265
0.052878 -0.054233 -0.333496
-0.00349 -0.0691 -0.2196
0.06213 -0.0138 -0.32155
0.03112 0.061922 -0.029186
0.05157 -0.05005 -0.28559
0.021045 0.033379 -0.296919
-0.006441 0.071769 0.010463
0.054623 0.025439 -0.052263
0.054298 -0.04527 -0.289943
0.052695 0.032404 -0.047956
0.055225 -0.017088 -0.078705
0.06054 -0.0158 -0.3418
0.054974 0.008077 -0.296141
0.043543 -0.047456 -0.010848
0.02712 0.064374 -0.023042
0.059512 0.013276 -0.123925
0.01178 0.0547 -0.15297
0.021236 0.074454 -0.030061
-0.026125 0.071523 -0.041251
-0.07546 0.0508 -0.00777
0.056274 0.009677 -0.244226
0.043543 0.053488 -0.010936
-0.03125 0.0688 0.02285
0.00375 0.06702 0.026008
0.053537 -0.0307 -0.114679
0.056739 0.032315 -0.010855
0.046746 -0.043594 -0.01079
0.061132 -0.024484 -0.338437
0.057763 -0.032332 -0.270344
0.050464 0.015216 -0.33924
0.042179 -0.060962 -0.275241
-0.043724 0.066257 0.020011
0.057834 -6.9e-05 -0.285644
0.034756 -0.052035 -0.054936
-0.014663 0.06951 0.025382
0.006885 -0.042339 0.012187
0.045707 0.024873 -0.252169
0.029698 0.053537 -0.118242
0.048506 0.018989 -0.331425
0.064137 0.018541 -0.03001
0.049946 -0.031346 -0.074361
0.023367 0.032149 -0.317526
-0.015865 0.066582 0.031094
0.039283 0.054721 -0.034856
-0.022934 0.069235 0.025217
0.041233 0.026956 -0.331452
0.004625 0.071636 -0.026731
0.021801 -0.060929 -0.042366
-0.015437 0.066319 -0.088308
-0.006881 0.072745 -0.008628
0.021618 0.032885 -0.3079
0.052719 -0.046178 -0.266416
0.036198 -0.05975 -0.171997
-0.020668 0.047377 -0.204815
0.027716 0.06322 -0.007731
-0.031232 0.069868 0.018999
0.027316 0.053731 -0.126304
0.038155 0.043049 0.005247
0.055601 0.018165 -0.056054
-0.016123 0.037249 -0.256749
0.00308 0.06672 -0.06505
-0.05552 -0.0551 -0.15571
0.051175 0.01161 0.005277
0.008939 0.035419 -0.288614
-0.04312 -0.0638 -0.06917
-0.0229 0.0298 -0.26249
0.03667 -0.0555 -0.11905
-0.06477 -0.0488 -0.03263
0.050671 0.017335 -0.263685
0.039283 -0.048116 -0.066312
0.058595 0.005725 -0.226808
-0.08719 -0.0082 -0.04927
0.030495 0.032878 -0.264282
0.047721 0.002472 -0.364582
0.048073 0.016382 -0.345825
0.049014 -0.058533 -0.342133
0.031036 0.030482 -0.320485
-0.031256 0.068047 -0.070884
-0.0486 0.068213 0.001769
-0.013362 0.055741 -0.159297
0.03641 -0.050725 -0.061154
0.001435 0.072035 -0.027037
0.007185 0.048221 0.011607
0.00308 -0.06072 0.00505
0.040144 0.05716 -0.011091
0.03816 0.040265 -0.183111
0.020769 -0.061504 -0.040444
-0.028528 0.068282 -0.071064
0.043917 0.034074 -0.194981
0.048922 0.016438 -0.34255
0.037118 -0.049622 -0.057906
-0.07449 0.0283 -0.14249
-0.021054 0.072681 -0.010848
0.060322 -0.006605 -0.251499
0.004231 0.071196 -0.036105
-0.07855 0.015877 0.005203
-0.064218 0.053959 -0.09161
0.014538 -0.037906 0.011681
0.048206 -0.034329 -0.071834
0.038049 0.014548 -0.363807
-0.0178 0.055153 -0.161855
0.058562 0.006622 -0.076179
0.054532 0.030408 -0.103525
-0.057403 -0.046449 0.005253
-0.004327 0.069149 0.024478
0.058636 -0.008913 -0.098425
0.045657 -0.041758 -0.086828
0.04064 -0.049626 -0.097542
-0.0294 0.071755 -0.032613
0.060593 -0.014317 -0.255213
0.006797 0.06914 0.010495
0.04663 -0.036666 -0.069145
0.041832 -0.058122 -0.248248
-0.017438 0.036847 -0.255992
0.055024 0.030406 -0.092736
0.041365 0.022548 -0.346524
-0.028253 -0.005255 0.008673
0.058524 -0.037179 -0.302262
0.050273 -0.051997 -0.280901
0.03023 0.0337 -0.25856
0.054592 -0.049724 -0.311215
0.011053 0.070621 -0.023232
0.033252 -0.066537 -0.265417
0.013195 0.067121 0.013643
-0.003876 0.058263 -0.141376
0.042464 0.016326 -0.357183
0.060056 -0.02111 -0.260722
0.04733 0.022 -0.26159
0.055653 0.018505 -0.185294
0.037652 0.034147 -0.228542
-0.050954 0.066607 -0.041432
0.0005 0.068491 -0.06566
0.03352 -0.0682 -0.282887
0.060082 0.010542 -0.123864
0.01409 -0.0632 -0.02428
-0.02296 0.0441 -0.21829
0.02085 0.032396 -0.324508
0.046663 -0.052525 -0.224581
0.038013 -0.05985 -0.203272
0.046825 0.016631 -0.348756
0.032438 -0.069233 -0.288191
0.061117 -0.012601 -0.180963
0.040282 -0.056719 -0.176216
0.054037 -0.008144 -0.359668
0.059539 0.010097 -0.167565
0.033774 0.059522 -0.008129
-0.07116 0.03597 -0.06503
0.045621 0.023833 -0.261123
0.00258 0.0656 0.03049
-0.025546 0.057507 -0.144988
-0.04454 0.0272 -0.22419
0.043989 0.025002 -0.335035
0.033626 0.048212 -0.143904
0.045539 -0.023676 -0.374771
-0.08688 0.0099 -0.08837
0.028954 0.063307 -0.026411
-0.038912 0.06581 0.024714
-0.03649 -0.0116 -0.24385
0.026761 0.055372 -0.115056
-0.033699 0.069788 0.017639
0.052437 -0.029229 -0.09341
0.051042 0.010109 -0.349792
0.039241 -0.048621 -0.069029
0.050735 -0.013792 -0.366554
-0.022906 0.068427 0.027091
-0.002536 0.047957 -0.207865
0.022409 -0.061779 -0.053713
0.061603 -0.009479 -0.32261
0.055122 -0.003707 -0.061587
-0.016379 0.039731 -0.245812
-0.019117 0.072277 -0.033168
0.03793 0.025054 -0.344421
0.04611 0.0212 -0.3345
0.024787 0.061348 -0.073133
0.000305 0.011232 0.008659
0.018393 0.061777 -0.090227
0.020414 0.032948 -0.309242
0.035724 0.007279 0.011642
-9.8e-05 0.062839 -0.109499
0.036081 0.02858 -0.280941
-0.010011 0.03693 -0.266036
0.007739 0.039252 -0.258843
-0.047 0.06013 -0.06505
0.053827 -0.04347 -0.25983
0.060906 -0.016327 -0.240671
0.020737 0.033858 -0.288664
0.05328 -0.025 -0.08448
0.034479 0.066182 -0.030055
0.052998 0.029888 -0.134561
0.059496 -0.032126 -0.297459
0.046024 0.040879 -0.114185
-0.02644 0.071916 0.005563
-0.022079 0.071257 0.014741
0.051237 -0.049949 -0.278129
0.03197 0.0606 -0.00475
0.040267 0.025889 -0.281509
-0.08193 0.0243 -0.10969
-0.007546 0.040017 -0.253978
0.060788 -0.010869 -0.337264
0.047699 -0.058975 -0.346631
-0.010013 0.037789 -0.262931
0.050726 0.037286 -0.054239
-0.042719 0.069607 0.005402
-0.051195 0.05448 -0.12793
0.04849 -0.060315 -0.336224
-0.037496 0.06122 -0.111461
-0.022226 0.054362 -0.164377
0.044587 0.031613 -0.208563
0.019334 0.062678 -0.079726
0.059928 -0.021084 -0.18404
0.057725 -0.004286 -0.07518
0.053368 -0.048306 -0.297159
0.060309 -4.4e-05 -0.106434
0.021035 0.067157 -0.032853
0.041784 -0.06642 -0.320118
0.04006 -0.054532 -0.141915
0.026582 -0.058047 -0.044085
-0.053458 0.058767 -0.097399
-0.000537 0.069633 0.020869
0.046521 -0.059803 -0.301288
0.054461 -0.045892 -0.296141
0.04181 0.026335 -0.265681
0.061902 -0.020728 -0.310185
-0.000607 0.046345 -0.217255
-0.03275 -0.0676 -0.15725
-0.07041 -0.0434 -0.03788
-0.033666 0.070175 0.015677
0.004491 0.046184 -0.216279
-0.033762 0.066241 0.027221
0.060426 0.022923 -0.049157
0.038127 0.05578 -0.040356
-0.055511 0.065703 -0.028338
0.0414 -0.0519 -0.36805
0.061869 -0.027519 -0.326756
0.043833 -0.055967 -0.240067
0.055157 -0.013313 -0.070801
0.009686 0.042214 -0.238714
0.051738 -0.033853 -0.109449
0.057467 0.007491 -0.067625
0.05368 -0.0532 -0.32863
0.011156 0.063765 0.005232
0.053333 -0.039552 -0.174537
0.045468 0.046958 -0.040546
0.060566 -0.000341 -0.114602
0.054547 -0.040683 -0.226294
0.056587 -0.035387 -0.350052
-0.035562 0.053295 -0.158952
-0.024623 0.072288 0.000549
0.05554 -0.0396 -0.25799
-0.03294 0.065312 -0.089555
0.01074 -0.0708 -0.16343
-0.002756 0.052265 -0.181228
0.0429 0.024707 -0.337044
0.026941 0.031574 0.01162
-0.008883 0.039381 -0.256721
-0.015177 0.072815 -0.007894
0.04714 -0.052746 -0.246539
0.057651 0.013704 -0.185154
-0.013515 0.045909 -0.217906
0.057192 0.032468 -0.049386
-0.0581 0.0642 0.0054
-0.005699 0.017309 0.008538
0.045845 -0.044507 -0.112796
0.041473 -0.065141 -0.303516
0.055971 -0.002033 -0.063988
-0.037963 0.070203 0.010511
0.025704 0.031227 -0.328599
0.032255 0.057142 -0.075133
0.02457 0.0637 0.00919
0.057949 -0.005334 -0.080443
0.046735 0.028125 -0.065302
-0.049605 -0.032569 0.012536
0.019394 0.041612 -0.228924
0.03917 -0.0491 -0.07175
0.030785 0.050206 -0.140729
0.03323 0.046398 -0.160312
0.030179 0.061494 -0.001262
0.0025 0.031616 0.012192
0.057098 0.022367 -0.120139
0.041744 0.050683 -0.066796
0.055886 -0.045684 -0.308966
0.018087 0.034812 -0.283113
0.046014 -0.045164 -0.119967
0.022927 0.063494 -0.063055
0.018371 -0.063492 -0.04873
-0.000489 0.071823 -0.034933
-0.046046 0.068999 -0.027724
0.038764 -0.050391 -0.080767
0.04975 0.02005 -0.06501
0.04975 -0.01411 -0.06499
-0.03542 0.071265 0.000577
-0.035397 -0.042265 0.012483
0.021617 0.035506 -0.267309
-0.03866 0.0539 -0.15232
0.041001 0.041333 -0.156716
0.00116 -0.0649 -0.00964
0.054823 0.007959 -0.338934
0.050276 0.039241 -0.078804
0.056106 0.009286 -0.251174
0.05742 -0.026992 -0.156948
-0.000644 0.03901 -0.263044
0.03493 -0.064349 -0.257883
0.022232 0.033211 -0.29557
0.044978 0.023667 -0.328599
0.059971 0.000249 -0.098265
0.027468 0.032025 -0.287857
0.058712 0.018106 -0.106894
-0.022245 0.07259 -0.00705
0.060444 0.000944 -0.205698
-0.011882 0.038246 -0.258583
-0.0602 0.0634 -0.02823
0.053144 -0.044989 -0.260238
-0.029906 0.071421 0.008698
0.010826 0.036382 -0.27859
-0.026749 0.067926 -0.074715
0.041042 0.01579 -0.359439
-0.0289 0.0722 -0.00467
0.016063 0.034526 -0.291877
0.036276 0.029417 -0.269927
0.059969 -0.014424 -0.27144
0.04276 0.0181 -0.35389
-0.04699 0.0499 -0.15751
-0.00395 -0.0223 -0.31041
0.04304 0.02204 -0.344008
-0.044889 0.056946 -0.126241
0.036171 -0.066184 -0.276493
0.011948 0.063893 -0.088077
-0.049499 0.068221 -0.01564
0.04727 0.020498 -0.334755
0.051728 -0.028687 -0.081227
-0.04527 0.0399 -0.19608
-0.005067 0.071821 0.007439
-0.04122 0.070202 -0.027492
0.05116 -0.028343 -0.074399
0.05797 0.015055 -0.167725
0.022161 0.032243 -0.318868
-0.01014 -0.0721 -0.16217
0.039346 -0.067823 -0.314073
0.058339 0.00498 -0.240703
0.014539 0.043977 0.01161
0.051537 -0.055896 -0.318803
0.000297 0.036763 -0.276642
0.01127 0.0653 0.02521
0.048387 -0.000883 -0.365614
0.019 0.06019 0.00495
0.052 0.00297 -0.065
0.031385 -0.059717 -0.119706
0.014003 0.069331 -0.007308
-0.059299 0.060245 -0.067627
0.043435 -0.044122 -0.077499
0.045573 0.008654 -0.362447
-0.015132 0.069999 0.023588
0.043034 -0.04287 -0.067792
0.060805 -0.009098 -0.240614
0.04761 0.019992 -0.331224
0.029192 0.060501 -0.062441
0.023979 0.064736 -0.000763
-0.033779 0.036408 -0.227802
0.04573 -0.0191 -0.37493
-0.002383 -0.008598 0.008897
0.006646 0.070536 0.000455
0.054602 -0.035382 -0.161887
0.045267 0.019863 -0.344883
-0.037958 0.066624 -0.073811
0.027635 0.064166 -0.031924
0.057454 0.038236 -0.03003
0.046646 -0.062266 -0.326277
-0.05792 0.0641 -0.03652
-0.001362 0.06812 0.02591
-0.001077 0.043574 -0.23494
0.0101 0.056404 -0.14337
0.057544 -0.018453 -0.113187
-0.037807 0.071002 -0.023345
0.039566 -0.065046 -0.288908
0.019004 0.057825 -0.120115
0.0523 -0.049914 -0.294782
0.059245 -0.007379 -0.279741
0.052149 -0.047413 -0.351612
0.053511 0.012339 -0.265748
0.059674 -0.002886 -0.097925
0.056138 0.019425 -0.170932
-0.066567 0.051071 -0.097884
-0.044517 0.067037 -0.058375
0.060586 -0.008511 -0.135081
0.037105 -0.0598 -0.187635
0.052493 -0.054562 -0.319179
0.052341 0.020263 -0.220258
0.050659 0.016633 -0.269221
0.051844 -0.025319 -0.071955
0.03603 -0.062958 -0.250011
0.061042 -0.0062 -0.144106
0.03523 0.05731 -0.056519
0.060223 0.008907 -0.106634
0.04542 -0.044539 -0.366624
0.060213 0.009932 -0.132598
0.007261 0.050663 -0.18563
-0.018581 0.048523 -0.200302
0.04316 0.03603 0.00497
0.059499 0.012724 -0.08983
-0.028053 0.070723 -0.049353
0.054439 0.010424 -0.330582
0.011654 0.046476 -0.208052
0.044139 -0.06129 -0.293576
-0.04284 0.069993 -0.023002
-0.042928 0.069954 -0.003979
0.045647 -0.010659 -0.37346
0.02128 0.039776 -0.23829
-0.033724 0.069328 0.019593
-0.017988 0.072772 -0.018316
0.052456 -0.041403 -0.029963
-0.002418 0.069471 0.022692
0.025737 -0.063425 -0.120408
-0.028552 0.066108 -0.087535
0.055731 -0.045827 -0.341618
0.042875 0.023922 -0.282263
-0.038837 0.066742 0.022753
0.034793 0.032022 -0.2551
-0.053396 0.054804 -0.12123
-0.074735 -0.022125 0.005302
0.019201 0.032971 -0.310579
-0.005919 0.037273 -0.26905
0.06195 -0.026283 -0.316683
-0.01303 0.070478 0.021112
-0.050794 0.060568 -0.092455
0.048861 0.015305 -0.346021
0.03772 0.0231 -0.35142
0.058615 0.019168 -0.090009
0.05626 -0.012843 -0.078411
0.026478 0.06305 0.005709
0.005447 0.077036 -0.011118
-0.016797 0.047915 -0.204812
0.05769 0.012264 -0.069875
0.032909 -0.058151 -0.049309
0.055453 -0.021796 -0.358349
0.060152 -0.034161 -0.311752
-0.045968 0.067047 -0.054491
0.057163 -0.008567 -0.078128
0.036106 0.025368 -0.346891
-0.00973 0.03547 0.012394
0.02446 0.065708 -0.019943
-0.06965 0.0579 -0.01685
-0.07583 -0.0399 -0.07945
-0.005114 0.05519 -0.161973
0.018407 0.049392 -0.179772
-0.016218 0.037491 -0.255411
0.055086 -0.044348 -0.295737
0.0327 0.0294 -0.3301
0.058728 0.018659 -0.09846
0.056396 -0.046348 -0.316009
0.041777 0.024484 -0.315813
-0.004989 0.066845 0.030291
0.04967 -0.05257 -0.276852
0.046115 0.021236 -0.3345
0.054645 0.036874 -0.010921
0.051544 0.035766 -0.045541
-0.043126 0.068446 0.013971
-0.026771 0.06571 -0.091179
-0.044228 -0.009483 0.012226
0.056719 -0.046942 -0.323071
-0.03943 0.070812 -0.018854
-0.024231 0.052886 -0.171602
0.058826 -0.028436 -0.261416
-0.079676 -0.001266 0.005213
0.056154 -0.003105 -0.35139
0.056657 -0.036311 -0.246048
0.050683 -0.032048 -0.085522
0.040776 -0.053223 -0.367523
-0.018754 0.065088 -0.097274
0.059803 -0.017769 -0.276493
-0.026935 0.07105 0.014473
-0.06233 -0.0535 -0.07381
0.064955 0.013393 -0.030006
-0.044874 0.068799 0.008425
0.055587 0.008218 -0.266225
-0.060769 0.051927 -0.115258
0.051993 -0.05561 -0.333115
0.042873 -0.047578 -0.105278
0.031084 0.031375 -0.275743
0.003246 0.064391 -0.095487
-0.024715 0.071527 0.011409
0.029468 0.031438 -0.284674
-0.0436 -0.0595 -0.18337
-0.035556 0.071524 -0.01539
0.05532 -0.045 -0.30193
0.057942 0.003228 -0.315756
0.039625 0.035438 -0.210273
0.041404 0.045588 -0.114065
-0.06393 0.007151 0.012442
0.059819 -0.017853 -0.284035
0.022812 0.056899 -0.117026
0.006112 0.059253 -0.128512
0.061024 -0.016968 -0.215925
0.0085 0.036552 -0.279089
0.002917 0.050322 -0.191425
0.049711 0.016319 -0.339055
-0.064352 0.003035 0.012505
0.017524 0.05725 -0.12724
-0.016567 0.072708 -0.004865
-0.005421 -0.062144 0.005332
0.044799 0.040206 -0.13437
0.056902 -0.016685 -0.355013
0.018438 -0.001234 0.012219
0.010975 0.068799 0.005916
0.05746 0.001358 -0.068835
-0.007939 0.067775 0.028828
0.05816 0.0031 -0.32577
-0.045123 0.068466 0.010543
-0.032832 0.071884 -0.008127
-0.013405 0.071849 -0.042156
0.010483 0.037044 -0.272528
0.038395 0.026153 -0.336543
-0.028915 0.070357 0.017957
0.054764 -0.039112 -0.205735
0.0553 0.0303 -0.08194
0.03133 0.040469 -0.208927
0.03267 0.04964 -0.06504
0.04463 -0.0024 -0.37142
0.02498 0.057351 -0.105165
0.033512 0.042126 -0.190714
0.025204 0.062052 -0.06644
0.029848 -0.05853 -0.086359
-0.054355 0.060724 -0.08184
0.060971 -0.012288 -0.30346
0.032352 0.031441 -0.269837
-0.00021 -0.073 -0.30164
0.05607 -0.009195 -0.070462
0.050132 0.025617 -0.206
-0.00075 -0.0727 -0.32427
0.015271 0.0669 0.011345
0.002462 0.002993 0.008781
0.055278 -0.04031 -0.262778
0.016996 -0.066663 -0.102458
0.02409 -0.0745 -0.32777
0.031735 -0.068433 -0.277579
0.01954 0.0649 0.01676
0.021789 0.053387 -0.145515
0.053982 -0.0417 -0.225313
-0.048322 0.067042 0.013201
-0.014 0.06903 0.00495
0.054371 -0.046665 -0.299542
0.056433 -0.039488 -0.286606
0.03853 -0.056899 -0.029948
0.055311 -0.028607 -0.128556
0.024775 -0.060626 -0.056264
0.062515 0.00783 -0.010869
0.051809 -0.047663 -0.261817
-0.040765 0.055017 -0.143646
0.059243 -0.039923 -0.325447
-0.04253 -0.038148 0.012481
-0.002115 0.060473 -0.126442
0.048793 -0.058217 -0.309014
0.059396 0.001837 -0.237129
-0.061165 -0.01386 0.012456
-0.016679 0.038185 -0.251786
-0.03125 0.069388 0.020939
0.051052 -0.046279 -0.216495
0.032611 0.063762 -0.010884
-0.01307 0.037 -0.26219
0.010164 0.034337 -0.298101
0.05176 -0.049325 -0.28218
0.03529 -0.0597 -0.15636
0.048085 0.018447 -0.338663
-0.01013 0.068201 -0.074415
0.038733 0.018396 -0.357863
0.043007 -0.042319 -0.065097
-0.023578 0.040674 -0.232159
0.009119 0.06548 0.026558
0.052775 -0.04769 -0.284561
-0.07116 -0.02997 0.00503
0.013494 0.035551 -0.284152
-0.022321 0.068583 -0.071432
0.052695 -0.047106 -0.27836
0.049272 -0.05911 -0.336904
-0.001269 0.072599 -0.014719
0.039888 0.029599 -0.250689
0.059685 -0.021383 -0.283363
0.053818 -0.051039 -0.340023
-0.006344 -0.068945 -0.040511
0.04906 -0.031374 -0.069366
0.049695 0.015354 -0.342742
0.053512 0.007388 -0.346651
0.054061 -0.04406 -0.277544
0.036259 -0.06821 -0.297061
0.053983 -0.049017 -0.304187
0.039032 -0.067629 -0.309471
0.047342 -0.032479 -0.369467
0.060151 -0.011552 -0.294432
0.0607 -0.018389 -0.198466
0.043496 -0.043363 -0.073012
0.054524 -0.051798 -0.329012
0.052083 -0.03433 -0.116541
0.057634 -0.028498 -0.172691
0.016237 0.033693 -0.302291
0.051036 -0.056964 -0.33273
0.032265 -0.054311 -0.05196
-0.007622 0.059189 -0.136826
0.060982 0.001151 -0.132314
0.05377 0.004245 -0.350817
-0.00462 0.057373 -0.147864
0.040605 0.050554 -0.078059
0.040323 -0.053379 -0.132593
-0.004291 0.038082 -0.266199
0.046499 -0.051642 -0.359371
0.016742 -0.062602 -0.027878
-0.038877 0.064977 0.026568
0.031939 0.03589 -0.237841
0.050948 -0.055694 -0.30975
0.055423 0.026431 -0.122621
-0.00996 -0.0683 -0.22307
0.00349 0.0373 -0.274
-0.03004 0.0461 -0.20013
0.000609 0.058176 -0.139433
0.04895 -0.0564 -0.34791
-0.062635 0.016067 0.012496
0.036285 0.054651 -0.072781
0.05195 -0.0486 -0.27877
0.060952 -0.012709 -0.240643
-0.046168 0.065956 0.018656
-0.038078 0.067363 -0.06794
-0.01373 -0.0471 -0.28414
-0.06393 -0.001082 0.012447
0.029365 0.031389 -0.31084
0.060385 -0.020827 -0.250221
0.022395 0.047095 -0.187682
0.005179 0.07014 -0.045974
0.03868 0.026657 -0.315824
-0.038605 0.070463 0.005834
0.05887 -0.02995 -0.346294
0.045123 0.024519 -0.330974
0.011477 0.044025 -0.22464
0.061312 -0.003885 -0.153135
0.040059 -0.052307 -0.119329
0.061102 -0.01479 -0.198442
0.053391 0.000876 -0.355652
-0.031619 0.071636 0.002839
0.030397 0.03106 -0.29617
-0.02981 0.072049 -0.002165
0.056866 -0.007509 -0.072876
0.05624 0.005018 -0.33902
0.055097 -0.040671 -0.257006
0.040519 0.043045 -0.145462
-0.02373 0.0394 -0.23675
0.043923 0.020035 -0.347785
0.021474 0.066381 -0.007242
0.026265 -0.067913 -0.250637
0.024749 -0.061253 -0.067328
0.040046 -0.054463 -0.366933
0.044622 -0.039533 -0.065867
0.050489 -0.05128 -0.27749
0.021507 0.032383 -0.321687
0.057446 0.002005 -0.339059
0.040743 -0.067246 -0.319395
0.048453 -0.052809 -0.354352
-0.023869 0.070097 0.021601
-0.026708 0.070708 -0.050881
0.015485 0.074176 -0.049421
0.007652 0.047475 -0.20588
-0.021796 0.038864 -0.241724
0.05873 0.0061 -0.21986
-0.045876 -0.005503 0.012221
0.055509 -0.009372 -0.067939
0.029386 0.052489 0.005169
-0.06067 0.0497 0.00496
-0.035939 0.070067 0.01416
0.039971 0.017083 -0.358443
0.002698 0.068296 0.022774
0.056759 -0.042059 -0.342791
0.038965 0.020292 -0.355047
0.059751 -0.00771 -0.268285
0.017337 0.033052 -0.314735
0.059676 0.012035 -0.141396
0.004158 0.040318 -0.254004
0.04624 -0.0614 -0.34528
0.010461 0.063286 -0.095198
-0.08792 0.0042 -0.04754
-0.032722 0.071734 -0.023683
0.047353 0.019982 -0.305625
0.059095 -0.009311 -0.106006
0.023358 -0.062273 -0.072547
-0.054246 0.064949 -0.04592
-0.00542 0.068205 0.005232
0.045311 -0.055987 -0.262221
-0.040514 0.070016 0.006738
0.06036 0.008466 -0.150021
0.053462 -0.043188 -0.232593
0.043903 -0.047805 -0.049256
-0.07397 0.0439 -0.09561
-0.01206 0.0717 -0.04367
-0.050813 0.067722 -0.009876
0.05951 0.000549 -0.090105
0.000272 0.065756 0.03112
-0.03693 0.0351 -0.22472
-0.02178 0.0267 -0.26829
-0.008441 0.072402 -0.034044
-0.047512 0.067979 0.009134
-0.022147 0.071703 0.010769
0.01932 -0.0618 -0.03149
0.048715 -0.031073 -0.066789
0.050668 0.018033 -0.258147
0.026941 -0.025502 0.011671
0.060714 -0.005556 -0.328138
0.012286 0.035586 -0.285489
0.052777 -0.041492 -0.18453
0.05787 -0.03257 -0.229346
0.052812 -0.037464 -0.148017
0.011958 0.022954 0.012199
-0.001982 0.072078 -0.000489
0.018437 0.007305 0.012213
0.05791 -0.032591 -0.244673
0.044479 -0.063963 -0.318539
-0.053467 0.056858 -0.109328
0.048739 0.040279 -0.091144
0.03274 0.0211 -0.35924
-0.010676 0.06781 0.029188
0.06063 0.0028 -0.11495
0.038424 0.027852 -0.329006
-0.06067 -0.04364 0.00504
0.028118 -0.057254 -0.046534
0.053308 -0.043877 -0.242179
-0.00658 -0.0692 -0.25074
-0.019669 0.06953 -0.064489
0.019858 0.071662 -0.01095
0.028332 0.041043 -0.213531
0.057872 0.002439 -0.334647
0.02776 0.045699 -0.18463
-0.05434 0.019 -0.21629
0.041236 -0.04608 -0.069753
-0.012498 0.072603 -0.029479
0.058441 0.012646 -0.075762
-0.037522 0.071187 -0.007895
-0.07342 -0.0425 -0.09293
-0.024969 0.06755 -0.078363
-0.029508 0.065524 -0.091006
-0.007835 0.07153 0.01349
-0.011152 0.072556 -0.031001
-0.0723 0.0545 -0.00207
0.023284 0.040138 -0.231026
-0.017958 0.072554 -0.001838
-0.022447 0.047946 -0.200296
-0.055386 0.05282 -0.126388
-0.036185 0.069196 0.018219
0.0603 -0.0227 -0.23343
0.04607 -0.05304 -0.358796
0.052553 -0.021476 -0.069032
-0.029971 0.007267 0.008497
0.052769 -0.052554 -0.310487
-0.011788 0.063121 -0.112529
0.048935 0.023937 -0.230651
0.037866 0.026401 -0.337233
-0.030499 -0.025544 0.012241
0.034197 -0.068948 -0.293504
0.026105 0.036122 -0.252464
0.061073 -0.032478 -0.329942
-0.049131 0.058209 -0.110828
0.039164 0.028232 -0.26491
0.009217 0.037881 -0.267186
0.059753 -0.014322 -0.28471
0.045365 -0.059351 -0.351248
0.037293 0.031794 -0.246417
0.031347 0.030757 -0.307663
0.042213 0.020486 -0.350301
-0.06292 -0.0133 -0.21332
0.047404 -0.049444 -0.18471
0.050426 0.01424 -0.342925
-0.042409 0.069508 0.007637
0.061077 -0.000731 -0.188146
-0.005462 -0.02884 0.012241
0.008423 0.067488 -0.063814
-0.019218 0.067391 0.029353
0.05939 -0.024676 -0.267587
0.019 0.003034 0.012216
0.062531 0.002644 -0.011059
0.039612 0.022943 -0.349011
0.047906 0.019272 -0.334951
-0.050259 0.067944 -0.011952
0.026785 -0.06181 -0.105761
-0.021675 0.056355 -0.153425
0.060484 0.007776 -0.123802
0.058318 3.6e-05 -0.2704
0.047889 -0.03404 -0.069248
0.048253 0.01265 -0.352802
-0.026619 0.070392 0.018868
0.058935 0.02773 -0.049318
0.058008 -0.000243 -0.279919
0.015951 0.067929 0.000155
0.000232 -0.005205 0.008872
0.043165 0.013006 -0.360935
0.017807 0.055708 -0.137611
0.046677 0.020962 -0.330995
0.059165 -0.002486 -0.090344
0.051368 -0.050768 -0.289001
0.0347 0.053253 -0.093911
0.025703 0.059643 -0.08459
0.052731 0.041508 -0.049179
0.045436 0.016763 -0.351642
0.054154 -0.044656 -0.283746
-0.059289 0.024633 0.012621
0.048838 0.032591 -0.164671
0.046918 -0.036943 -0.071735
-0.035422 0.060227 -0.12016
0.050127 -0.055138 -0.300715
0.004341 0.057082 -0.143955
0.029377 -0.046478 -0.065166
0.020175 0.03456 -0.279958
-0.007309 0.050422 -0.193355
0.059777 0.006701 -0.090234
0.055229 0.021824 -0.054172
-0.061655 0.05655 -0.08529
0.050833 -0.051393 -0.28495
-0.003278 0.067729 0.027665
-0.018291 0.071648 -0.04457
-0.054448 0.066433 -0.014151
0.060255 -0.004391 -0.314594
-0.016656 0.038474 -0.250951
0.044622 0.024353 -0.332481
0.018638 0.064806 -0.065327
-0.024524 0.07132 -0.045444
0.024163 -0.029123 0.011673
0.006808 0.071344 -0.009443
-0.007447 0.037699 -0.265571
0.037935 -0.066626 -0.293084
0.050523 0.015872 0.005205
-0.034676 0.06777 -0.069422
0.025145 0.038225 -0.240382
-0.001879 0.069841 -0.056566
0.058555 -0.029388 -0.281291
0.00075 0.0711 -0.04251
0.062928 0.007584 -0.049329
0.047393 -0.055487 -0.353108
0.045072 -0.028222 -0.374436
0.062307 -0.02213 -0.318307
0.001718 0.066237 -0.082081
-0.044921 0.069184 0.004065
0.028412 0.03169 -0.299349
0.058747 -0.00379 -0.279828
0.052885 -0.050603 -0.301813
0.056515 -0.036715 -0.268954
0.036866 0.044324 -0.15829
-0.049484 0.067753 -0.032231
0.04073 0.025957 -0.276223
-0.014041 0.0687 0.027472
0.060795 -0.019122 -0.233408
0.013139 0.036132 -0.278082
0.034134 0.029493 -0.315983
-0.044289 0.068321 -0.045903
0.04812 0.0175 -0.34235
0.052313 0.0413 -0.011079
0.056622 0.005448 -0.334583
0.01355 -0.0692 -0.12193
0.05332 0.0303 -0.12509
0.049536 -0.055114 -0.348553
0.034766 -0.066221 -0.269206
0.057198 -0.032695 -0.200162
0.013802 0.055095 -0.147859
0.031963 0.057745 -0.071315
-0.012394 0.070025 0.023261
0.050261 0.016791 -0.317018
-0.042781 0.069375 -0.036704
0.054356 -0.042813 -0.271371
-0.02827 0.0456 -0.20467
0.038517 -0.050995 -0.085278
0.036162 0.003029 0.011634
-0.030513 0.002981 0.008549
0.051667 0.014858 -0.331006
0.062985 0.023625 -0.030013
0.060256 0.007175 -0.167458
-0.03595 0.0071 -0.24525
0.055121 -0.042922 -0.347838
0.035459 0.046416 0.005174
0.040359 0.020761 -0.352739
0.049647 0.045534 -0.01093
0.056443 0.022539 -0.065898
0.055787 -0.03521 -0.185755
0.01692 0.048133 -0.190678
-0.029369 0.067006 -0.080409
-0.07775 0.02005 -0.06501
0.061397 -0.007782 -0.194964
-0.032449 0.052638 -0.165573
0.060833 0.005496 -0.149908
0.008652 0.070145 -0.03956
0.048296 -0.060415 -0.326692
0.058415 -0.002314 -0.080189
-0.038206 0.069889 0.012627
0.001348 0.06103 -0.120612
0.017555 0.035667 -0.274424
-0.05812 0.05245 -0.120844
0.05315 -0.042205 -0.205128
0.054824 -0.041376 -0.261794
-0.022538 -0.02884 0.012241
0.026361 0.053539 -0.131471
0.014143 0.057225 -0.133154
-0.007483 0.068996 -0.06745
-0.017242 0.057038 -0.150887
0.053712 -0.044353 -0.271777
0.051651 0.007324 0.005211
0.050112 -0.037401 -0.111328
0.030784 -0.067364 -0.263844
-0.02941 -0.0628 -0.00122
-0.074735 0.028186 0.005262
-0.006263 -0.068643 -0.034541
0.036789 0.060886 -0.04935
0.031375 -0.017848 0.012166
0.005291 0.071564 -0.007977
-0.038296 0.070961 -0.004204
0.060439 -0.014761 -0.259975
-0.05727 -0.0127 -0.22231
0.037911 0.028156 -0.329656
0.061632 -0.019493 -0.335194
0.030886 0.06039 -0.055058
-0.05556 0.0589 -0.09066
0.048341 -0.057699 -0.347276
0.059022 0.013008 -0.081664
-0.01174 0.0712 0.01612
-0.021502 0.065433 0.032065
0.049859 -0.03941 -0.010828
0.059804 -0.021191 -0.268273
-0.013209 0.037347 -0.260883
0.058593 -0.028626 -0.276523
0.013538 0.039631 -0.250637
0.059509 -0.003631 -0.305527
-0.045918 0.067483 0.014598
0.037153 0.030675 -0.255366
-0.047482 0.064061 -0.0758
0.0486 -0.0413 -0.12032
-0.017681 0.043611 -0.226948
0.051728 -0.053245 -0.344445
0.03393 0.0597 -0.04023
0.060323 -0.022105 -0.292386
0.044161 0.024995 -0.333493
0.03176 0.028536 -0.340285
0.046289 0.025565 -0.241863
-0.030324 0.066412 -0.083878
0.022894 -0.068744 -0.249424
0.008894 0.069004 0.00821
-0.06695 0.0581 0.00478
0.008024 0.07128 -0.020287
0.019451 -0.069285 -0.248257
0.051359 -0.025318 -0.069471
0.031442 -0.067732 -0.269827
-0.031696 0.0483 -0.188242
0.045047 0.004988 -0.366373
-0.014 -0.06297 0.00505
0.029377 0.052418 -0.065252
0.047406 0.019636 -0.294693
-0.040888 0.068784 0.015286
-0.05908 -0.0552 -0.11996
0.035322 0.028008 -0.333683
0.060635 0.002907 -0.184783
0.060066 0.005862 -0.184893
0.015798 0.035223 -0.283636
0.046746 0.049627 -0.010872
0.014856 0.034543 -0.293212
-0.025939 0.072187 -0.028455
-0.046056 0.066757 0.01664
0.04737 0.043358 -0.069282
-0.06658 -0.0495 -0.04992
0.050254 -0.028363 -0.06941
0.026253 -0.062603 -0.113085
0.009565 0.04575 -0.21526
-0.025696 0.068407 0.026347
0.061224 -0.013349 -0.215902
0.053774 0.014174 -0.247726
0.020041 0.058229 -0.114976
0.057531 0.02234 -0.109368
-0.030716 0.071859 0.000338
-0.033834 0.067908 0.023512
0.040367 -0.058988 -0.233623
-0.061179 0.059873 -0.062936
0.037486 0.019696 -0.357272
0.046324 -0.03638 -0.066559
0.055829 -0.00788 -0.06781
-0.02414 0.0725 -0.01986
0.022479 -0.06021 -0.037266
-0.013474 0.064407 -0.103216
0.057156 -0.030689 -0.351306
0.032754 0.044492 -0.177125
0.056623 -0.017664 -0.098015
0.062364 -0.017961 -0.319927
0.01813 -0.0752 -0.32821
0.04082 -0.059623 -0.256103
0.034237 0.039698 -0.204293
0.040349 0.051211 -0.074223
0.053994 -0.032297 -0.130408
-0.060864 0.054054 -0.103342
0.05945 0.0139 -0.11519
-0.009219 0.07122 0.016498
0.011373 0.034472 -0.296781
-0.018296 -0.062646 0.005261
0.034665 0.033925 -0.242142
0.044677 -0.063501 -0.343828
0.017492 0.065086 0.018887
0.036107 0.026844 -0.339741
0.028389 -0.058956 -0.069708
0.03162 0.030342 -0.31982
0.045878 -0.06292 -0.340369
0.01547 0.038362 -0.256598
0.060468 -0.010698 -0.255179
0.021855 0.050787 -0.163716
0.03755 0.0277 -0.28075
0.057081 0.003313 -0.295742
-0.054841 0.066328 -0.012307
0.052859 0.011789 -0.28476
-0.038635 0.068458 0.01876
-0.025655 0.067505 0.028173
0.044843 0.019075 -0.34802
0.03281 -0.068919 -0.28642
0.044047 -0.056864 -0.357
-0.019147 0.072362 0.001961
0.046839 -0.04834 -0.159743
0.05763 -0.003 -0.07253
0.059975 -0.006471 -0.337685
0.032993 -0.05504 -0.066908
0.052366 -0.008842 -0.362747
-0.018982 0.070593 -0.054537
-0.033727 0.068754 0.021509
0.020815 0.056299 -0.127331
0.040196 -0.067407 -0.316085
0.036674 0.056848 -0.049096
0.052617 -0.048431 -0.287968
0.02349 -0.0596 -0.03919
0.052426 0.034336 -0.064532
-0.051794 0.064028 -0.064154
0.061911 0.013009 -0.010837
0.005556 0.037683 -0.270475
0.025292 -0.061552 -0.084669
0.033897 0.029642 -0.292806
0.057079 0.018918 -0.067779
-0.014626 0.072623 -0.027193
0.053048 -0.021479 -0.071516
0.052818 0.034666 -0.072458
-0.051577 0.067464 -0.006188
-0.051192 0.067595 -0.008032
-0.001761 0.037311 -0.27199
0.028448 -0.06134 -0.04927
0.059601 0.002568 -0.223241
0.061121 0.001219 -0.167233
0.044855 0.037975 -0.155077
0.05616 -0.0332 -0.17577
0.028034 0.059332 -0.077449
0.050847 0.003592 -0.358779
-0.013476 0.038324 -0.256041
0.059837 0.00454 -0.202327
-0.05883 -0.0561 -0.08228
0.036472 0.060559 -0.010941
-0.056831 0.062721 -0.056787
0.053594 -0.042485 -0.223009
0.030522 0.055561 -0.096208
0.01655 0.0632 -0.083
-0.0111 0.070926 0.018294
0.032327 0.030299 -0.292987
-0.031473 0.069413 -0.059135
0.015428 -0.062935 -0.026076
0.036557 0.054013 -0.076614
0.060462 -0.018586 -0.293063
-0.02806 0.067471 -0.077562
0.041307 -0.047016 -0.076871
-0.003298 0.072561 -0.025867
0.042629 -0.065623 -0.31813
-0.006604 0.06052 -0.128378
0.019593 0.035594 -0.270864
0.061121 0.000326 -0.140997
-0.00407 0.029025 -0.354079
0.010444 0.067737 -0.058172
0.041256 -0.044489 -0.061633
0.011081 0.046478 0.011595
0.061301 -0.015275 -0.336775
0.061022 -0.02881 -0.336684
0.050324 -0.050742 -0.269019
0.006625 0.079985 -0.030061
0.044328 0.048282 -0.049294
-0.021466 0.049136 -0.194938
0.060809 -0.00513 -0.131622
-0.017793 0.065532 -0.093784
0.025025 -0.058806 -0.041639
0.052798 -0.054575 -0.32825
-0.03157 0.07 -0.05325
0.000534 0.068394 0.024111
-0.05442 -0.0251 -0.22412
-0.023437 0.07246 -0.003248
-0.030058 0.069217 -0.062166
0.035738 -0.001563 0.012151
0.013556 0.044695 -0.217424
0.026376 0.050441 -0.154823
0.03528 0.0494 -0.12459
-0.05038 0.064102 -0.068043
-0.023379 0.041841 -0.227542
0.030585 0.062091 -0.02031
0.051964 -0.052019 -0.301451
0.043202 0.004216 -0.369304
-0.005056 -0.046258 0.012482
0.051504 -0.021449 -0.064077
0.000748 0.077649 -0.011179
0.052838 -0.025172 -0.079459
0.058969 -0.037611 -0.338874
-0.036383 0.066888 0.024124
-0.028742 0.069625 -0.059314
-0.028942 0.069948 0.019919
0.058004 -0.032139 -0.25524
-0.046396 -0.035182 0.012478
0.0123 -0.0733 -0.3457
0.00491 -0.0736 -0.33692
0.056246 -0.03664 -0.220155
-0.036298 0.067811 0.022154
0.024806 0.063501 -0.056295
0.01594 0.066786 0.010421
-0.03161 0.0294 -0.24565
0.04924 0.040469 -0.05183
0.04688 0.026268 -0.23156
0.04949 0.0246 -0.22034
0.022701 0.066699 -0.026055
0.027037 -0.059316 -0.058823
0.049591 0.017184 -0.335346
0.028322 0.058726 -0.081265
-0.005567 0.039072 -0.260876
0.02852 0.03301 -0.269838
0.028209 0.031684 -0.312169
0.025958 0.034643 -0.263933
0.059101 -0.028359 -0.238531
-0.036041 0.056718 -0.140616
0.044823 -0.053177 -0.196093
0.049438 -0.035314 -0.089837
-0.048069 0.062237 -0.087494
-0.016113 0.070192 -0.059258
-0.024727 0.044591 -0.213748
-0.000134 0.057285 -0.145917
0.025849 0.072025 -0.03006
0.047871 0.01514 -0.349252
-0.00652 -0.0693 -0.05246
0.061283 -0.010338 -0.332169
0.060833 -0.009583 -0.147565
0.039731 -0.055615 -0.151253
0.061233 -0.015797 -0.302761
0.03697 0.0158 -0.36279
0.036621 0.038862 -0.200505
0.058718 0.000343 -0.260899
0.042025 -0.056715 -0.207489
0.042603 0.010961 -0.364031
0.00275 -0.0206 -0.33044
-0.079175 -0.005549 0.005287
-0.012573 0.041871 -0.240199
0.016473 0.076576 -0.030061
0.042243 -0.048344 -0.369574
0.017214 0.039612 -0.245923
0.015442 0.035794 -0.277565
-0.009681 0.018982 0.008487
0.06106 -0.01552 -0.233384
0.001359 0.036983 -0.275767
-0.04903 0.065583 -0.05918
0.037467 0.029962 -0.259389
0.04356 -0.0372 -0.37344
0.020572 0.062842 -0.075429
0.015423 0.065184 0.020998
0.007165 0.065357 -0.065392
0.033029 0.030135 -0.281311
-0.023865 0.070167 -0.056932
0.054172 -0.017415 -0.071148
0.049424 -0.058434 -0.318055
-0.03662 0.019 -0.24475
0.004794 0.061424 -0.114758
0.041462 0.025328 -0.327516
0.059046 -0.015199 -0.125858
-0.023178 0.071285 -0.04697
0.060888 0.004166 -0.132424
0.006215 0.036382 -0.281308
-0.033749 0.066177 -0.082422
-0.010229 0.038327 -0.260265
0.058841 -0.025916 -0.187104
0.028517 0.066663 -0.010947
0.043605 0.01495 -0.357737
0.058998 -0.028813 -0.243294
0.05142 -0.041583 -0.160672
0.017214 0.04579 -0.205118
0.03409 -0.0697 -0.30009
0.035448 -0.040407 -0.065171
0.049182 0.051479 -0.030042
-0.044557 0.06935 0.002219
-0.045222 0.069513 -0.014822
0.036789 -0.05492 -0.04925
-0.03252 0.0714 0.00534
0.042045 0.029237 -0.242245
0.051467 -0.040242 -0.358674
0.049242 -0.035418 -0.087323
0.030255 0.051896 -0.129488
0.060591 -0.017578 -0.25272
-0.051354 0.067361 -0.027528
0.054851 0.025667 -0.141572
0.034504 -0.054686 -0.083549
0.012497 0.069648 -0.00584
-0.05969 0.0616 0.01313
-0.025288 0.070459 -0.053908
-0.01706 -0.0689 -0.04416
-0.013466 0.072248 0.004137
0.018036 -0.062214 -0.029683
0.011359 0.048828 -0.193615
-0.03922 -0.0485 -0.23692
0.045142 -0.064063 -0.335398
-0.011405 0.04685 -0.213355
0.038155 -0.037049 -0.065247
0.056417 0.010055 -0.237279
0.047376 0.02063 -0.272668
0.054615 -0.013496 -0.068268
0.057758 0.00427 -0.257166
0.055644 -0.013119 -0.073339
0.059961 0.011152 -0.11513
0.058939 0.000954 -0.082528
0.017508 0.043447 -0.219557
-0.033786 0.070805 0.011134
-0.058501 0.063946 -0.034449
0.026401 0.032234 -0.302529
-0.024712 0.065533 0.031508
0.038195 -0.060949 -0.241815
-0.036348 0.066055 0.025978
0.047551 -0.061018 -0.340779
-0.03662 -0.0544 -0.23386
0.057552 0.003288 -0.305747
0.021903 0.030074 -0.341545
0.050399 -0.047688 -0.223779
-0.014676 0.037323 -0.258824
-0.014306 0.071125 0.01677
0.041171 -0.056729 -0.191863
0.015814 0.055439 -0.142741
0.045899 -0.04953 -0.029955
0.05581 0.0145 -0.05795
-0.001176 -0.061404 0.005173
-0.05503 0.0503 -0.1382
0.043483 -0.045414 -0.090693
0.031528 0.029629 -0.331418
0.057842 0.022274 -0.098593
0.005084 0.07723 -0.049049
0.052765 0.01214 -0.295663
-0.045298 0.063753 -0.082514
0.060735 0.004993 -0.123741
-0.009099 0.071223 -0.048566
-0.052218 -0.02936 0.012473
0.045787 -0.053767 -0.231886
-0.03343 0.047 -0.19133
-0.02403 0.0658 -0.09134
-0.027172 0.038567 -0.233818
0.06026 -0.0115 -0.26246
-0.022468 0.07248 -0.024298
-0.028684 0.064562 -0.098123
0.006395 0.067196 -0.069454
0.057766 0.009248 -0.070084
0.021478 0.037629 -0.25208
-0.051299 0.056613 -0.116044
0.045392 -0.041111 -0.078146
0.058527 0.000489 -0.077401
-0.039582 0.070337 -0.031978
0.054823 -0.041754 -0.272353
0.000526 0.070062 0.016139
0.052442 -0.045389 -0.237574
-0.020618 0.069741 0.024169
0.037283 0.028434 -0.330547
0.044923 -0.06405 -0.325861
0.004714 0.069224 0.012619
0.046735 0.028186 0.005262
-0.05613 -0.0573 -0.12344
0.060772 -0.001166 -0.123284
0.03843 -0.0568 -0.36568
0.005952 0.053191 -0.169674
0.053965 0.014577 -0.24078
0.061125 0.002504 -0.149794
0.013411 0.064397 -0.080942
0.049905 -0.04738 -0.205898
0.043345 -0.065947 -0.333861
0.043302 0.023961 -0.276983
0.050058 -0.052715 -0.284312
0.046835 0.005725 -0.363398
0.005826 0.0373 -0.273519
0.050677 -0.018047 -0.367225
0.06026 -0.007428 -0.122602
-0.009789 0.072495 -0.032525
0.040786 -0.033623 -0.065309
0.0613 -0.031813 -0.324983
-0.0326 0.046819 -0.193541
-0.063492 0.057145 -0.073747
0.04094 0.021768 -0.349677
-0.021242 0.071949 0.008266
0.02336 -0.060172 -0.044812
-0.027593 0.06666 -0.08406
0.020596 0.064811 -0.059655
0.061133 -0.008698 -0.313551
-0.056087 0.065536 -0.026265
0.035913 0.027911 -0.333027
0.056494 -0.012232 -0.355289
0.056415 0.018554 -0.06192
0.057059 0.005736 -0.065181
0.044897 -0.039804 -0.068459
0.049353 -0.036677 -0.364338
0.02997 -0.0733 -0.32733
-0.036494 0.069277 -0.053473
0.051885 -0.054139 -0.310117
0.051031 -0.050666 -0.28154
0.021928 -0.063234 -0.077767
0.011654 0.068705 0.004994
0.047578 -0.037943 -0.082984
0.061561 -0.024921 -0.308575
0.027979 0.034632 -0.258391
0.058655 -0.000136 -0.305632
-0.06652 0.0305 -0.16785
0.01904 -0.0711 -0.27047
-0.020794 0.072406 -0.028734
0.007229 0.060648 -0.117376
0.056947 0.003632 -0.276202
0.055048 0.030046 -0.074036
0.050254 0.016402 -0.306092
-0.04692 0.0578 -0.11752
0.047476 0.026966 -0.221254
0.059494 0.002202 -0.230187
-0.041354 0.065627 0.023327
0.01958 0.039043 -0.246142
0.008037 0.066632 0.023295
0.020095 -0.06223 -0.045545
-0.040452 0.069619 0.011088
0.06021 -0.017854 -0.263217
0.058186 -0.000122 -0.295645
0.005917 -0.022922 0.012239
-0.044425 0.06922 -0.032215
0.034542 0.037403 -0.21875
0.059384 0.014996 -0.098327
0.019308 -0.067516 -0.130508
0.030403 -0.063456 -0.029945
0.048308 -0.014337 -0.370441
-0.026586 0.07073 0.016893
0.020124 0.066138 -0.049494
0.032788 -0.05703 -0.097755
0.039079 0.021993 -0.352112
0.050735 -0.028363 -0.071902
0.052 0.00303 0.005
0.053558 -0.052967 -0.334149
-0.016946 0.07153 -0.046088
-0.03967 -0.0623 -0.0102
0.022258 0.034284 -0.276801
0.00574 0.0492 -0.1965
0.01433 0.0698 -0.01677
0.042179 0.030345 -0.233296
0.044653 0.013458 -0.358229
0.025462 0.037519 -0.24441
0.060641 -0.009897 -0.247896
0.051492 -0.02877 -0.078716
0.050167 -0.00016 -0.362639
0.028783 0.067029 -0.049356
-0.02729 0.0357 -0.24169
-0.06603 0.049651 -0.106887
-0.030496 0.054418 -0.15841
-0.025324 0.048463 -0.194911
0.035657 0.028751 -0.315797
-0.018728 0.067922 -0.07749
0.029663 -0.057758 -0.064504
-0.00076 0.0365 -0.27751
0.059168 -0.011592 -0.346484
0.01657 -0.0646 -0.05193
0.05097 -0.048492 -0.252705
0.048014 -0.057882 -0.299989
0.057568 0.023283 -0.081692
0.024321 0.064794 -0.046131
-0.006046 0.07084 0.019054
0.001659 0.070041 -0.051274
0.06064 -0.014 -0.16351
0.057265 -0.007446 -0.351036
0.060602 -0.005011 -0.236912
0.057858 -0.032229 -0.262791
0.045578 0.020508 -0.341704
0.037859 0.054332 -0.065377
-0.00155 0.0407 -0.25261
-0.06081 -0.0429 -0.18617
-0.056649 0.065328 -0.024189
0.055879 0.022188 -0.06003
-0.007323 0.066811 0.030845
0.060301 -0.024832 -0.342962
0.048427 0.009488 -0.356946
-0.014 0.00297 -0.065
-0.0259 0.0691 -0.06536
0.051972 0.010263 -0.346523
0.0354 0.028866 -0.292621
-0.03108 -0.06078 -0.06495
0.039241 -0.066525 -0.300182
0.04837 -0.030771 -0.064212
0.050009 -0.057873 -0.337579
0.025697 -0.061151 -0.080136
0.05948 -0.007544 -0.274015
0.054907 -0.00954 -0.065426
-0.000344 0.066695 0.02909
0.055173 0.008366 -0.334498
0.039906 -0.061237 -0.263948
0.054095 -0.042764 -0.255041
0.034 -0.06305 -0.25
0.031928 0.061329 -0.037465
0.035821 0.047724 -0.135825
0.03525 -0.0613 -0.36282
-0.018264 0.038242 -0.249238
-0.009873 0.070207 -0.058339
0.0233 -0.060842 -0.050437
0.016936 0.036931 -0.26493
0.05975 -0.011163 -0.273921
0.033979 -0.053078 -0.058196
0.04316 -0.02997 0.00503
-0.010234 0.043906 -0.231004
-0.019661 0.072763 -0.013877
0.047714 -0.038277 -0.087316
0.003769 0.071752 -0.006513
0.044948 0.022508 -0.315791
0.019 0.06013 -0.06505
-0.017584 0.0496 -0.194923
0.058953 -0.030747 -0.289383
-0.05044 0.0655 -0.05529
0.057573 -0.030685 -0.190176
0.045033 0.022215 -0.30486
-0.01225 0.0071 -0.28788
-0.025813 0.066257 -0.087704
0.03267 -0.0437 -0.06496
-0.002048 0.065843 0.031722
0.045795 0.021271 -0.336251
-0.06951 0.0322 -0.15403
0.054084 -0.043139 -0.265601
0.056689 -0.006207 -0.070212
0.040015 0.030698 -0.241738
-0.04143 0.0647 0.02529
-0.011112 0.060399 -0.130282
0.049678 -0.049058 -0.23108
0.02364 0.035385 -0.263741
-0.07846 0.0472 -0.01352
0.04876 -0.0538 -0.27622
-0.036355 0.064982 -0.088088
0.039656 0.050626 -0.084811
0.057726 -0.005564 -0.077867
0.027048 0.06198 -0.05967
-0.001763 0.072361 -0.027339
-0.036319 0.071012 0.003078
0.055974 0.026462 -0.111843
0.038585 0.027991 -0.270184
0.061024 0.003333 -0.14111
0.056602 0.026846 -0.081813
-0.000624 0.065754 -0.087603
0.02983 -0.057359 -0.061768
0.03384 0.029188 -0.328796
-0.003918 0.071529 0.010819
0.053023 -0.017522 -0.363291
0.00832 0.0711 -0.01091
-0.038095 0.069395 -0.049275
0.048719 -0.040552 -0.363341
0.02217 0.0643 0.01305
0.055429 -0.026571 -0.357313
-0.021545 0.07045 0.020529
0.040998 -0.048608 -0.090234
-0.046791 0.068577 0.004959
0.02749 0.031096 -0.324468
-0.064593 0.055178 -0.082573
0.05754 0.015277 -0.069675
0.043178 -0.046496 -0.097986
0.05583 -0.022366 -0.105414
0.046549 0.044955 -0.058124
-0.001748 0.07098 0.009435
0.055135 0.026046 -0.132095
-0.004835 0.04275 -0.239525
0.030372 0.061893 -0.010845
0.00224 0.0719 -0.00505
0.059987 -0.011333 -0.26819
0.056825 0.011875 -0.064012
0.004295 0.03858 -0.265141
0.008031 0.064106 -0.092585
0.032611 -0.057729 -0.010778
0.021828 0.056633 -0.122183
0.038911 0.037875 -0.196695
-0.002189 0.050509 -0.192413
0.007889 0.03762 -0.269992
0.047957 -0.054182 -0.353743
0.02203 -0.064507 -0.104094
0.046946 0.020776 -0.329244
-0.0299 0.049415 -0.185118
0.031745 0.034684 -0.246772
0.05284 0.02171 -0.202837
0.048365 -0.054725 -0.279907
0.03495 0.0289 -0.32748
0.05305 -0.003783 -0.359683
0.045535 -0.041445 -0.082481
0.043406 0.019141 -0.350873
-0.014 0.06897 -0.06505
-0.04132 -0.0603 -0.00805
-0.031511 0.070893 0.012648
0.033921 -0.066916 -0.271406
0.034044 -0.065754 -0.263227
0.015951 0.061033 -0.102523
0.059217 0.007003 -0.082079
-0.045538 0.068032 0.012581
-0.02786 0.0636 -0.10524
0.047066 0.009119 -0.359725
0.024579 0.032098 -0.316186
0.047971 -0.055651 -0.283595
0.031698 -0.066793 -0.261635
-0.001022 0.051488 0.011595
0.058854 0.002243 -0.079849
-0.009696 0.068824 0.005254
0.035448 0.046347 -0.065247
0.030145 -0.067028 -0.257857
0.04596 -0.063227 -0.330836
0.006503 0.071538 -0.018822
-0.016007 0.036957 -0.258074
0.020005 -0.06285 -0.051174
-0.06537 0.0481 -0.11586
-0.047939 0.067569 0.011179
-0.003697 0.072057 -0.035228
0.028763 0.063168 -0.016941
-0.043058 0.066977 -0.062249
0.035715 0.029196 -0.275203
0.04603 -0.0361 -0.06397
0.044975 -0.058859 -0.281252
-0.0597 0.022 -0.20092
0.055025 0.042849 -0.030036
0.014985 0.063814 -0.081973
0.000132 0.072013 -0.002768
0.058329 -0.020652 -0.13814
0.059154 0.000674 -0.251384
-0.009005 0.072693 -0.006353
-0.001975 0.038393 -0.265792
0.046189 0.021112 -0.334521
-0.07775 -0.01411 -0.06499
0.04889 -0.034707 -0.07866
0.013921 0.067578 -0.052839
0.055696 0.026166 -0.066008
0.037449 -0.053526 -0.104422
0.0541 -0.021151 -0.079076
0.036362 0.046049 -0.147061
0.017876 -0.005503 0.012221
-0.035147 -0.059296 0.005261
0.042228 -0.066681 -0.328881
-0.033341 0.059193 -0.128853
0.013045 0.068841 -0.042991
0.049718 0.006586 -0.357903
0.049532 0.035713 -0.125023
0.011847 0.058407 -0.127899
0.00308 0.06678 0.00495
-0.07008 -0.0466 -0.05298
0.043095 -0.053181 -0.164835
0.043706 -0.050983 -0.146161
0.037358 0.051005 -0.097034
0.040208 0.018978 -0.35563
-0.08605 0.0229 -0.066
0.041235 -0.045011 -0.064343
0.035115 0.04363 -0.173334
-0.048718 0.068458 -0.019333
-0.024496 0.061037 -0.123868
-0.040682 0.069247 0.013195
0.034 -0.06305 -0.35
0.000264 0.072454 -0.016185
-0.0402 0.0699 0.00897
0.060038 0.009428 -0.098201
0.043959 -0.053179 -0.180464
0.016239 0.064021 -0.077682
0.016983 0.068537 -0.010258
-0.027721 0.071672 -0.037054
0.033172 -0.068575 -0.284652
-0.056232 0.06141 -0.070325
-0.028931 0.060225 -0.126378
0.039279 0.053839 -0.057952
0.046735 -0.022125 0.005302
-0.01398 -0.013411 0.008877
-0.008852 0.071657 -0.04339
0.054081 -0.026011 -0.098653
0.015508 0.068967 -0.008785
0.050861 -0.025311 -0.066989
-0.040089 0.070432 0.000806
-0.010356 0.053012 0.012036
-0.01285 -0.0193 -0.28634
0.051119 -0.032653 -0.095197
-0.020674 0.06419 -0.104254
0.045832 -0.014862 -0.374287
0.055962 -0.013063 -0.075844
0.009 0.030569 -0.355619
0.028728 0.031048 -0.323152
0.056869 0.022018 -0.129619
0.01996 0.06786 -0.022959
0.050179 0.039079 -0.070869
0.044166 0.049331 -0.029488
0.000335 0.070893 0.007309
-0.008561 0.068686 0.026789
0.060295 0.00931 -0.141333
0.033652 0.026931 -0.345031
-0.08803 0.0086 -0.06296
0.01047 -0.0709 -0.25747
0.041594 0.025892 -0.329078
-0.053103 0.06244 -0.073005
0.047305 -0.060157 -0.310315
0.055397 0.00804 -0.30615
-0.04053 -0.0519 -0.22662
-0.002818 0.037042 -0.272857
0.021604 0.039088 -0.24232
-0.043497 0.067869 0.015982
0.060018 -0.017688 -0.268954
0.005954 0.04193 -0.243379
0.059717 0.009722 -0.090029
0.060319 -0.035626 -0.321661
0.060191 -0.023152 -0.238193
0.02879 0.031548 -0.311505
-0.028875 0.070688 0.015985
-0.012964 0.066753 0.031163
0.019884 0.050609 -0.168859
-0.0834 -0.0239 -0.08564
-0.049095 0.056236 -0.12274
0.054339 -0.042427 -0.260812
0.015298 -0.068011 -0.112188
-0.041275 0.066545 0.02136
0.04081 -0.0648 -0.29622
0.019033 -0.063644 -0.054464
0.028641 0.038771 -0.227991
0.045391 0.021385 -0.337983
0.009335 0.026371 0.012196
-0.040821 0.070104 0.004501
0.029746 0.02975 -0.335513
0.040614 0.013881 -0.362628
0.015025 0.033691 -0.303629
0.017445 0.033665 -0.300952
0.054399 -0.041378 -0.235876
-0.05204 0.0638 0.01981
0.038155 0.042989 -0.065318
0.035896 0.041288 -0.186926
0.058606 -0.00208 -0.082767
-0.04469 0.0655 -0.07081
0.03553 -0.0654 -0.26702
0.032371 -0.067181 -0.267619
-0.029261 0.072177 -0.019529
0.035749 -0.058807 -0.14702
0.040085 -0.063629 -0.280258
-0.009823 0.070105 0.0226
0.053706 -0.051155 -0.310848
0.041198 -0.067324 -0.340806
0.05181 -0.047231 -0.253339
0.013393 0.038257 -0.260135
0.038321 0.027324 -0.327483
-0.0475 0.0687 -0.00376
-0.016303 0.072711 -0.022757
0.057971 -0.032112 -0.224585
-0.043818 0.06966 -0.001474
-0.039156 -0.057704 0.005332
0.06055 0.005594 -0.115008
0.050668 0.015949 -0.274762
-0.012163 0.039479 -0.252513
0.04401 0.00095 -0.370431
0.022544 0.057739 0.005164
0.039882 -0.066851 -0.307481
0.016228 -0.009483 0.012226
0.049678 -0.057269 -0.342784
0.05925 -0.024773 -0.275143
0.040701 -0.06602 -0.305495
0.000698 0.039497 -0.260272
0.055212 -0.008044 -0.065299
0.052094 -0.04336 -0.194529
0.04906 -0.054215 -0.28395
-0.07252 0.0541 -0.03864
-0.00728 0.0323 -0.2901
0.02714 -0.0689 -0.35633
0.031374 -0.068778 -0.279347
0.055128 -0.03131 -0.356165
0.055542 -0.048057 -0.313609
0.050231 0.039044 -0.043091
0.056684 -0.040147 -0.292794
-0.060507 0.05845 -0.076466
0.061248 -0.009736 -0.215876
0.056756 -0.01238 -0.083555
-0.002634 0.072654 -0.013196
-0.02045 -0.0666 -0.01378
0.049585 -0.005195 -0.365752
-0.07775 0.02011 0.00499
-0.057606 0.065042 -0.020272
0.03145 0.0308 -0.28149
0.05996 0.022831 -0.011056
0.034483 0.032742 -0.251077
0.003793 0.060302 -0.123238
0.05777 -0.033029 -0.234107
0.049523 -0.031369 -0.07186
0.05427 -0.0097 -0.06292
0.049766 -0.02836 -0.066926
0.006516 0.035128 -0.291248
0.001924 0.007251 0.008723
0.059552 -0.010988 -0.279654
0.019124 0.038242 -0.25187
0.041859 0.023789 -0.338679
0.004775 0.065637 0.029203
0.044395 -0.03273 -0.373987
0.060412 -0.015062 -0.293744
0.041133 -0.047691 -0.081372
-0.047 -0.05419 -0.06495
0.006416 0.044537 -0.225668
-0.010357 0.071524 0.013114
0.043539 -0.053185 -0.363149
0.011958 -0.016881 0.012234
-0.022442 0.069875 -0.059952
-0.01951 0.07141 0.014098
-0.008975 0.07178 0.010102
0.058615 -0.014097 -0.113383
0.033292 0.030023 -0.304485
0.026508 -0.058699 -0.049706
0.054393 0.015141 -0.230463
0.054958 -0.047356 -0.306575
0.05229 -0.046508 -0.25564
0.035903 -0.068567 -0.298828
0.044603 -0.060559 -0.350559
0.036403 -0.056652 -0.128369
0.00408 0.036093 -0.283083
0.045174 -0.040076 -0.071062
0.060583 -0.004302 -0.12294
0.056157 -0.037103 -0.224915
-0.031233 0.06805 0.024737
0.053583 0.013772 -0.254672
0.041224 -0.060617 -0.267751
0.018928 0.067922 -0.013735
0.032235 0.053452 -0.106083
0.002424 0.037168 -0.274887
0.061933 -0.016548 -0.3118
0.05181 -0.0468 -0.24486
-0.01469 0.0489 -0.20027
0.047437 0.019976 -0.27821
0.048349 0.006197 -0.360695
0.031656 0.05572 -0.089492
-0.005599 0.061783 -0.119912
0.011612 0.040935 -0.244678
0.036346 -0.051213 -0.063871
0.034357 -0.063508 -0.235387
-0.047066 0.068324 0.007086
0.046513 0.015292 -0.35215
0.044153 0.01147 -0.361385
0.039312 -0.047601 -0.063597
-0.06435 0.0613 -0.0116
-0.005876 0.037927 -0.265895
0.028046 0.043371 -0.199081
0.053845 -0.0424 -0.234895
0.031008 -0.069106 -0.281117
0.058972 -0.003638 -0.295547
0.056306 -0.03744 -0.273732
0.029262 0.035781 -0.246475
0.05445 -0.026506 -0.105741
-0.012515 0.064783 -0.099715
0.05177 0.0005 -0.35955
0.050941 -0.056509 -0.337965
0.053409 0.022678 -0.188488
-0.031654 0.0579 -0.13817
0.05035 -0.0253 -0.06451
0.05983 -0.0245 -0.25248
0.019047 -0.062772 -0.043625
0.031816 -0.056354 -0.07211
0.048221 0.031584 -0.179012
0.03266 0.030715 -0.275567
0.023977 0.063868 0.010156
0.010113 0.030684 -0.336258
-0.07532 -0.0369 -0.12176
-0.002294 0.014663 0.008596
0.042675 -0.059424 -0.355683
0.013826 0.068303 0.002593
-0.048616 0.060276 -0.099171
-0.026518 -0.027192 0.012241
-0.012329 0.042845 -0.23554
0.042358 0.059358 -0.030048
0.045258 0.029153 -0.222145
0.023798 0.050873 -0.15856
-0.055185 -0.025494 0.01247
0.0355 0.058324 -0.011508
0.045394 -0.057948 -0.277557
0.029574 0.035062 -0.2505
0.043975 -0.063791 -0.311215
0.05901 -0.003946 -0.274102
0.026189 0.057602 -0.098471
-0.045944 0.068216 -0.041418
0.046445 0.021055 -0.332758
0.037231 0.017751 -0.360033
0.017789 0.063357 -0.078706
0.010348 0.06438 -0.087034
0.055076 0.037053 -0.049329
0.06012 0.003395 -0.098614
0.028344 0.06231 0.002224
0.007899 0.040744 -0.249359
0.04618 -0.052228 -0.206684
-0.03108 -0.06072 0.00505
0.016444 0.068434 -0.03654
0.056891 -0.008791 -0.075561
0.045107 0.021932 -0.293942
0.00418 0.0102 -0.33261
-0.0195 -0.0664 -0.22217
0.046474 0.01955 -0.341933
-0.020826 0.038588 -0.244209
0.049447 0.003183 -0.361563
0.050609 -0.0521 -0.288362
0.045099 -0.026123 0.005334
0.02152 0.064474 0.013979
0.048637 0.014034 -0.349444
0.059789 -0.003337 -0.255099
-0.017402 0.069404 0.025679
0.053406 -0.045596 -0.277951
-0.08402 0.0247 -0.08983
0.003354 0.063271 -0.103651
0.046246 -0.062197 -0.318947
0.005632 0.038927 -0.262345
0.057494 -0.025886 -0.352439
-0.07234 -0.039 -0.13837
-0.07892 -0.0151 -0.15218
-0.036688 0.070856 0.004927
0.042101 -0.065441 -0.310817
-0.010838 0.040186 -0.249799
-0.0859 0.01 -0.10115
0.05762 -0.0081 -0.08327
0.031185 0.024221 0.011627
-0.054019 -0.049125 0.005328
0.031055 -0.060789 -0.129032
0.061338 -0.004389 -0.191507
0.054353 -0.051531 -0.334531
0.04068 0.052735 -0.049208
0.04975 -0.01405 0.00501
0.06047 -0.005808 -0.2442
0.042643 0.024009 -0.293182
0.058301 0.015916 -0.153353
-0.049864 0.067377 0.007709
-0.04139 0.068304 -0.05367
0.04644 0.021081 -0.332756
0.038955 0.025954 -0.335861
0.044193 -0.064977 -0.330422
0.008226 0.061742 -0.108892
0.041802 0.027062 -0.260146
-0.018341 0.040336 -0.240859
0.062396 0.013041 -0.049368
-0.042846 0.068342 -0.049789
0.053501 -0.046188 -0.284152
0.05174 0.007268 -0.065344
-0.012869 0.05806 -0.145203
-0.01475 0.071963 -0.040639
0.053933 -0.039857 -0.353876
0.02895 0.0365 -0.24245
0.045899 0.05553 -0.030045
-0.049413 0.067704 0.005661
0.002206 0.041417 -0.248011
0.05374 0.029 -0.05036
0.04761 0.043575 -0.049372
0.04316 0.03597 -0.06503
-0.024294 0.070725 0.017793
0.052821 -0.029728 -0.100497
0.04482 -0.055642 -0.357598
0.06173 -0.023842 -0.333486
-0.047871 0.068552 -0.001917
0.042513 -0.057017 -0.2254
0.062087 -0.023186 -0.328515
-0.00812 0.0448 -0.22644
0.05682 0.0015 -0.34344
0.050471 -0.032144 -0.083009
-0.026847 -0.061519 0.005261
-0.02112 0.0583 -0.14247
0.053067 -0.025089 -0.081969
0.037337 0.036427 -0.214083
0.049447 -0.053285 -0.280263
0.060365 -0.007937 -0.304487
0.032173 0.030193 -0.319162
-0.08043 0.0404 -0.06078
0.016751 0.059183 -0.114887
-0.045874 0.061885 -0.0942
-0.016 0.02495 -0.25
0.030561 -0.057579 -0.077316
0.028427 -0.060843 -0.01081
0.059576 0.033473 -0.030025
0.0509 0.018464 -0.251203
-0.016321 0.067595 0.02944
-0.005604 0.067787 0.028261
0.05112 0.0131 -0.3431
0.053522 -0.021277 -0.074062
0.05887 -0.023722 -0.169621
0.059868 -0.018884 -0.166562
0.05855 0.009629 -0.075967
0.040485 -0.051501 -0.049098
-0.052927 0.06077 -0.085727
-0.022785 0.06933 -0.064926
0.044018 0.008139 -0.365094
-0.032123 0.064403 -0.096681
0.045792 0.021303 -0.33625
0.032909 0.064118 -0.049415
-0.01343 0.0697 -0.06359
0.035112 0.03132 -0.259125
-0.027342 0.071675 0.008064
0.03293 0.020005 0.011632
0.046845 0.029457 -0.207675
-0.040204 0.058764 -0.123229
0.009574 0.068961 -0.049415
0.045549 0.044318 -0.089522
0.0493 -0.043495 -0.14682
-0.058647 0.0578 -0.087987
0.040099 0.011892 -0.36576
0.047307 -0.048045 -0.360864
0.04128 -0.056869 -0.361367
0.060975 -0.023509 -0.300465
-0.01352 0.0381 -0.25689
-0.03116 0.0706 0.01507
0.01865 0.0336 -0.29961
0.054328 -0.021068 -0.081586
0.01339 0.0423 -0.23402
0.04039 -0.068431 -0.335765
-0.034891 0.069102 -0.057665
0.058351 -0.016379 -0.350676
0.054279 0.007454 -0.34334
0.05623 0.026537 -0.073908
0.058668 -0.028523 -0.268967
-0.028438 0.067419 0.02741
0.057161 -0.006013 -0.072755
0.055001 0.00768 -0.285246
0.053953 0.030369 -0.114309
0.009554 0.070984 -0.021762
-0.02281 0.059697 -0.133174
0.043807 0.024096 -0.271712
0.031108 0.028327 -0.343099
-0.037335 -0.020299 0.012237
-0.003845 0.036655 -0.273687
-0.003524 0.0706 0.019414
0.05914 0.004 -0.0823
0.007909 0.065152 -0.084413
0.060147 0.006412 -0.098405
-0.023352 0.050812 -0.184195
-0.00483 0.0353 -0.28081
-0.048239 0.068393 -7.4e-05
0.03757 0.056673 -0.023745
0.002677 0.044176 -0.230323
-0.02622 0.0513 -0.17881
-0.067023 0.052389 -0.088862
0.04391 0.016737 -0.35445
0.051856 -0.048119 -0.270295
0.039499 0.026491 -0.304107
0.022968 0.042399 -0.216569
0.04823 -0.018573 -0.371094
0.039374 -0.056655 -0.160595
-0.02499 0.065287 -0.09482
-0.031198 0.067214 0.026588
0.017359 0.041137 -0.236169
0.024398 0.053041 -0.141789
0.060456 -0.005952 -0.332595
-0.044605 0.069061 0.0063
0.060423 0.003097 -0.106781
-0.051946 0.067299 -0.004344
0.032337 0.060906 -0.02368
0.02786 0.0289 -0.34379
-0.028384 0.066491 0.029218
-0.014851 0.072052 0.007155
0.050509 0.01581 -0.065216
-0.05377 -0.0559 -0.01941
-0.000616 0.070521 0.012791
-0.012993 0.070244 -0.058803
0.027395 0.057851 -0.091775
-0.024643 0.071056 0.015374
0.046658 -0.056749 -0.352535
0.03756 -0.0681 -0.30416
0.057493 -0.033824 -0.279897
-0.038427 0.069482 0.014737
0.025641 -0.059658 -0.052983
0.060391 -0.027677 -0.298875
0.049538 -0.044517 -0.160078
0.055499 -0.016862 -0.081277
0.059866 -0.023271 -0.201525
-0.004749 0.072728 -0.010913
-0.057741 0.049906 -0.13266
0.045404 -0.040322 -0.073663
-0.029924 -0.001289 0.008609
-0.038189 0.068051 -0.062063
-0.005404 0.070356 0.021215
0.033107 0.049914 -0.132665
-0.04858 -0.0613 -0.06202
-0.07116 -0.03003 -0.06497
-0.029226 0.070995 0.013564
-0.052847 0.066276 -0.036733
0.036287 -0.051715 -0.066594
0.034198 -0.055229 -0.088064
0.029823 0.062812 -0.034695
0.045627 0.023128 -0.266659
0.060774 -0.005205 -0.323671
0.053465 -0.013646 -0.06328
-0.047 -0.05413 0.00505
-0.0484 -0.0603 -0.15508
-0.027029 -0.0456 0.012542
-0.026281 0.047173 -0.200248
0.050438 -0.037868 -0.118423
0.04123 -0.045542 -0.067043
0.034479 -0.060182 -0.029945
8.4e-05 0.051345 -0.186334
-0.001137 0.067659 0.005258
0.06134 -0.002444 -0.170593
0.035757 0.053305 -0.087178
0.012086 0.069851 -0.033117
0.031631 0.038165 -0.223383
0.054266 -0.051584 -0.319925
0.04316 -0.03003 -0.06497
0.059703 0.003695 -0.090453
-0.08776 -0.0067 -0.06366
0.05103 -0.048963 -0.261182
0.05458 -0.036 -0.35491
0.054612 -0.041724 -0.256022
0.037465 0.03296 -0.237481
0.043435 -0.052114 -0.155495
0.01822 0.066 -0.05624
-0.031073 0.071773 -0.02817
0.041755 -0.061862 -0.278936
0.05357 -0.0438 -0.25406
0.055209 0.007915 -0.275728
0.053502 0.012366 -0.32665
-0.019083 0.053501 -0.170954
0.00756 -0.0747 -0.31301
0.037115 -0.067444 -0.29507
0.03976 0.0285 -0.25964
0.023943 -0.06345 -0.011001
0.042873 0.031165 -0.223009
0.030935 0.029718 -0.332075
0.0128 0.0368 -0.27202
0.002043 0.039879 -0.257489
0.032803 0.055874 -0.082782
-0.004197 0.067297 -0.078256
0.060806 0.001976 -0.123632
-0.029951 0.05651 -0.14747
0.060042 -0.011401 -0.342299
-0.00386 0.0081 -0.30979
-0.016871 0.07103 0.017417
-0.004595 0.062953 -0.111437
0.046304 0.020725 -0.338291
0.060331 0.008381 -0.115069
0.054744 -0.012557 -0.359524
0.046872 -0.06224 -0.335814
0.049903 -0.056982 -0.309378
0.017849 0.053024 -0.1558
0.050578 -0.052465 -0.349796
0.060243 -0.029176 -0.341228
0.050538 -0.009568 -0.365728
0.05861 -0.003611 -0.285559
-0.021849 0.067765 -0.077931
0.022397 0.061523 -0.080257
-0.039795 0.068205 -0.05787
0.0009 0.0639 -0.10101
-0.045875 0.011576 0.01221
0.008774 0.052055 -0.17475
0.04719 0.0206 -0.32749
-0.033173 0.07019 -0.04906
0.048035 -0.027938 -0.36991
0.025383 0.053297 -0.136629
-0.042168 0.070223 -0.007668
0.004819 0.06802 0.021393
0.052245 0.04726 -0.030039
0.034295 0.027171 -0.342229
0.056053 0.008559 -0.256713
0.03955 0.015188 -0.361634
0.03465 -0.009997 0.012578
0.058924 -0.038612 -0.313401
0.043998 -0.051796 -0.363738
-0.015609 0.044827 -0.222437
0.044336 0.020794 -0.344646
-0.016 0.02495 -0.35
0.048215 -0.03995 -0.105985
0.05532 -0.037183 -0.195743
0.046163 0.018872 -0.345107
0.056447 -0.036725 -0.235482
0.055238 0.017104 -0.20272
-0.046154 0.065585 -0.06694
0.04972 -0.0455 -0.17334
0.050961 -0.022858 -0.366375
0.041585 0.012476 -0.363562
0.058293 0.017218 -0.135882
0.042963 -0.061592 -0.286254
0.021029 0.058484 -0.109817
0.041008 -0.066934 -0.318099
0.045334 0.021768 -0.283014
-0.014555 0.037014 -0.260143
0.01936 -0.0732 -0.29463
0.002353 0.06218 -0.112136
0.001565 0.067034 0.027314
-0.04444 0.0697 -0.01851
0.058331 0.016572 -0.144618
0.042558 -0.060018 -0.271552
0.03267 0.0497 0.00496
0.0567 -0.0474 -0.33015
-0.028256 0.011431 0.008397
0.054822 0.015704 -0.220147
0.042981 -0.041767 -0.062403
-0.026906 0.064197 -0.101772
0.05993 -0.036759 -0.333732
0.057593 -0.038399 -0.343956
0.022797 0.033494 -0.285491
-0.08 0.00297 -0.065
0.060082 -0.023603 -0.242955
0.045886 0.001709 -0.367529
-0.02157 -0.0705 -0.15973
0.060236 -0.036333 -0.32662
0.010351 0.0761 -0.049386
0.018643 -0.062522 -0.036598
0.016611 0.066661 0.009495
0.017398 0.061504 -0.095384
0.034556 -0.068597 -0.291736
0.043982 0.02765 -0.242736
0.034 0.02495 -0.25
-0.034334 0.055347 -0.149921
0.01038 -0.0664 -0.0451
0.016237 0.065917 -0.061903
0.041538 -0.066754 -0.321412
0.06127 -0.009221 -0.177505
-0.038752 0.067654 0.020776
0.029446 -0.02204 0.011656
-0.041337 0.06612 -0.072318
-0.006901 0.072216 -0.035519
0.042201 0.007382 -0.368051
0.048769 0.018245 -0.33515
-0.021831 0.071217 -0.048493
0.014358 0.051471 -0.171825
-0.042241 0.059637 -0.114511
0.060633 -0.01993 -0.240696
0.059956 -0.024052 -0.247718
0.048678 -0.048433 -0.195301
0.019226 0.060038 -0.102605
0.052551 -0.017565 -0.063666
-0.010105 0.061714 -0.121826
0.024346 0.031249 -0.334261
-0.01754 0.03711 -0.254659
0.047135 -0.043925 -0.049321
0.044559 -0.057736 -0.270053
-0.047601 0.065612 -0.063063
0.01978 0.0559 -0.13247
-0.030898 0.046352 -0.197937
0.058387 -0.001031 -0.077505
-0.013435 0.038577 -0.255194
0.044426 0.023086 -0.327497
0.059572 -0.001308 -0.329173
0.05711 0.022935 -0.073787
0.053633 -0.046797 -0.29035
-0.02244 0.067492 0.028788
0.0332 -0.013563 0.011891
-0.042581 -0.013462 0.012231
0.036326 -0.063799 -0.261675
0.017994 0.032987 -0.311915
0.006069 0.068982 -0.054732
0.060286 -0.034896 -0.316704
0.003118 0.054225 -0.164583
-0.024261 0.072108 -0.032897
0.029898 0.034372 -0.254529
-0.01885 0.0367 -0.2539
0.041491 0.039595 -0.167946
0.043255 -0.040956 -0.372229
0.056522 -0.012613 -0.080984
0.030444 0.061742 -0.044889
-0.005646 0.071557 -0.043104
-0.050559 -0.051701 0.005259
-0.060486 0.061795 -0.047377
0.055025 -0.036849 -0.029964
0.058262 0.01966 -0.081575
-0.0156 0.070374 0.021765
0.045699 -0.05943 -0.292268
0.022536 0.057668 -0.065257
-0.016038 0.071751 0.010947
0.05185 0.019647 -0.230574
0.043773 0.024789 -0.266173
-0.05596 0.0655 -0.00241
0.009839 0.039519 -0.255331
-0.02728 0.071309 0.012045
0.043171 -0.048846 -0.119636
0.049615 0.014186 -0.346206
0.061229 -0.007267 -0.156591
-0.054048 0.06652 -0.015994
0.050919 -0.02764 -0.365334
0.039105 0.013257 -0.364801
0.02199 0.058691 -0.104653
0.047009 -0.060219 -0.34597
-0.029951 0.068545 -0.068042
0.01458 0.019536 0.012202
0.055016 -0.021351 -0.091243
0.056415 0.004032 -0.062741
-0.026091 0.055454 -0.155927
0.007458 0.054533 -0.158786
-0.013666 0.070836 0.018943
0.059451 0.014453 -0.106759
0.02689 0.032648 -0.279154
-0.08021 0.0048 -0.14651
-0.06842 -0.0405 -0.15881
-0.021086 0.070139 0.022358
0.011309 0.038103 -0.263662
0.020211 0.060281 -0.097445
0.05228 -0.046929 -0.264117
-0.009611 0.065821 0.032852
0.028345 0.047836 -0.167862
0.05102 -0.0511 -0.35039
-0.034513 0.071169 -0.032319
0.024163 0.035194 0.011617
-0.026189 0.069628 0.022656
0.015308 0.040985 -0.239976
0.057681 0.019283 -0.073676
0.021 0.063577 -0.068738
0.008847 0.070237 -0.001935
0.029853 0.050063 -0.1459
-0.052933 0.066948 -0.020146
0.023309 0.062203 -0.072132
-0.053189 0.052524 -0.133091
0.05902 0.007438 -0.202429
0.05682 0.005804 -0.330144
0.04975 0.02011 0.00499
0.03936 -0.0471 -0.06088
0.047473 -0.051224 -0.217278
0.045663 0.022439 -0.272197
-0.029569 0.071236 0.011133
0.047 0.0123 -0.35592
0.053838 -0.021223 -0.076564
0.06126 -0.0005 -0.14968
0.056737 0.014891 -0.063803
-0.04284 0.056033 -0.134952
0.036406 0.057742 -0.029239
0.04208 0.01445 -0.360409
0.00121 -0.0688 -0.0586
0.054827 -0.003392 -0.355417
-0.057198 0.065112 -0.022114
0.000646 0.049518 -0.19751
0.051757 -0.00127 0.005311
-0.018889 0.046809 -0.209333
-0.009013 0.037427 -0.265239
0.038159 -0.068012 -0.307464
0.05482 -0.027 -0.11283
0.060148 -0.007405 -0.258786
-0.01655 0.069658 -0.064044
0.032542 0.056528 -0.078968
-0.029144 0.047615 -0.194844
0.039809 0.026669 -0.334091
0.041909 0.028129 -0.251191
0.054924 -0.043726 -0.289539
-0.061163 0.019935 0.012432
0.02464 0.03258 -0.304543
0.016575 0.067834 -0.000805
0.050262 0.035838 -0.114258
-0.055594 0.057043 -0.102598
0.058748 -0.028092 -0.204589
0.05466 -0.0425 -0.27714
-0.054944 0.06304 -0.061476
0.057957 -0.002777 -0.075065
0.015446 0.069306 -0.026662
0.046997 0.017853 -0.345318
-0.019436 0.070887 0.018056
0.045003 0.032136 0.005187
0.058272 -0.036505 -0.296069
0.059316 -0.027451 -0.229007
0.038979 -0.049755 -0.076257
0.012866 0.050188 -0.182727
0.011823 0.06493 -0.079905
0.00505 0.0327 -0.30867
0.047515 0.013781 -0.352623
-0.032841 0.071155 -0.036764
-0.019682 0.068363 0.027683
-0.00695 0.041887 -0.244096
0.002661 0.058812 -0.134361
0.059248 -0.007039 -0.34274
-0.034518 0.0715 -0.00193
-0.001698 0.037833 -0.268801
0.05165 0.036045 -0.092742
0.042391 -0.066829 -0.337351
-0.022197 -0.011244 0.008794
0.046173 -0.054328 -0.254385
0.04099 0.0104 -0.36663
0.06075 0.006336 -0.141222
0.007138 0.065332 0.005163
0.053275 0.010806 -0.33882
0.011072 0.035565 -0.28682
0.05664 0.02167 -0.139098
-0.010693 0.072618 -0.001912
0.055317 -0.050367 -0.329394
0.056193 -0.038198 -0.278513
0.036664 -0.06174 -0.227148
0.050875 -0.031944 -0.088036
0.026086 0.064554 -0.039346
0.034 0.02495 -0.35
0.039879 0.04858 -0.100138
0.048408 -0.040625 -0.113152
0.04523 -0.006503 -0.372501
0.057401 -0.008335 -0.080698
0.059923 -0.002542 -0.247795
-0.007294 0.069974 0.022976
-0.029049 0.049194 -0.187321
-0.025334 0.072488 -0.016063
0.031043 0.042796 -0.194477
-0.05193 -0.0583 -0.02548
0.061311 -0.011175 -0.19842
0.053707 -0.0431 -0.244478
0.043404 -0.045131 -0.086342
0.006988 0.067452 0.020002
-0.022944 -0.046258 0.012482
-0.018269 -0.029402 0.012241
0.052327 0.029048 -0.153502
-0.042667 0.069243 0.009758
-0.038624 0.068988 0.016825
0.045751 -0.042067 -0.091165
0.040631 0.02729 -0.332272
-0.01154 -0.0708 -0.08787
0.0348 -0.054137 -0.079031
0.050445 -0.009796 0.00512
-0.05346 -0.0593 -0.11222
0.037664 0.021512 -0.354415
-0.046748 0.068997 -0.007447
-0.002661 0.066799 0.029699
0.056712 -0.023869 -0.125477
0.057273 -0.002867 -0.347265
0.03853 0.062899 -0.030052
0.044386 0.039697 -0.143823
0.003746 0.068745 0.018078
-0.005425 0.069528 -0.06184
0.050774 0.026635 -0.19166
0.002499 -0.025544 0.012241
0.043281 -0.043127 -0.070399
0.054228 -0.042062 -0.245459
-0.034123 0.070993 0.008694
0.04998 0.009883 -0.352997
0.014581 -0.013462 0.012231
-0.012423 0.050094 -0.194254
-0.035708 0.070416 0.012042
0.060921 -0.002691 -0.209063
0.05516 -0.017 -0.35924
0.046555 -0.04946 -0.16908
0.06127 -0.0304 -0.31507
-0.020407 0.070924 -0.051517
0.054274 -0.030545 -0.011091
0.058261 0.017852 -0.127148
0.034756 0.028163 -0.334344
-0.052356 0.065258 -0.050609
0.050317 0.013047 -0.346381
0.05113 -0.04946 -0.269654
-0.009582 0.04935 -0.199393
0.036855 0.029667 -0.264656
0.04717 -0.0372 -0.07433
0.05816 -0.005098 -0.083015
0.051168 -0.054583 -0.343813
0.017289 -0.06397 -0.046815
-0.02888 -0.0637 -0.21195
-0.032697 0.06254 -0.108371
0.040431 0.04527 -0.124775
-0.036355 0.070393 -0.040665
-0.054705 0.065883 -0.03203
0.014249 0.065811 -0.067563
-0.025532 0.072122 0.003055
-0.01332 -0.0642 -0.00169
0.022712 0.060988 -0.084076
0.046892 0.041098 -0.103458
-0.0861 -0.0068 -0.10001
0.03827 -0.0516 -0.08979
0.055676 0.002336 -0.060322
-0.04793 0.068639 -0.023022
-0.021379 0.066886 -0.084419
0.053067 -0.013258 -0.362609
0.038483 0.01646 -0.360631
0.025869 0.064015 -0.004248
0.012131 0.056866 -0.138271
0.003327 0.072057 -0.019129
-0.036308 0.065202 0.027823
-0.009731 -0.029402 0.012241
0.06094 -0.0083 -0.23333
0.02931 0.030933 -0.322495
-0.014 0.00303 0.005
0.032368 0.033246 -0.25482
0.041252 0.026123 -0.270956
-0.057463 0.059663 -0.07917
0.061537 0.018015 -0.049309
0.032933 0.026486 -0.347789
-0.009437 0.070737 -0.053551
0.043764 0.025513 -0.260638
0.05917 0.015513 -0.089895
-0.007596 0.071971 0.007083
-0.004875 0.037586 -0.268203
0.052935 -0.050388 -0.345444
0.058094 -0.041274 -0.337706
0.052976 -0.031867 -0.360239
0.060067 -0.003186 -0.10609
0.008427 0.058185 -0.133784
0.000627 0.03804 -0.26837
-0.08523 -0.0216 -0.05908
0.05873 0.016 -0.08147
0.009839 0.070842 -0.012372
0.047855 0.022637 -0.251276
0.054773 -0.041035 -0.24644
0.058388 -0.030111 -0.214586
-0.05001 -0.061 -0.13038
0.056882 -0.040802 -0.298994
0.04759 0.0194 -0.28376
0.045774 -0.057011 -0.273869
0.050255 0.016004 -0.295185
0.052121 0.03403 -0.056641
0.048501 -0.023385 -0.37024
0.018459 0.034321 -0.289191
-0.018116 -0.046894 0.012482
0.00062 -0.0529 -0.32738
0.060058 -0.001747 -0.240492
-0.012785 0.067303 -0.081371
0.021455 -0.0608 -0.035341
0.008065 0.055922 -0.148467
-0.005782 -0.011203 0.008907
0.00297 0.049966 0.011606
0.03873 0.0556 -0.01825
0.053071 -0.052524 -0.339634
0.040485 0.057468 -0.049191
-0.027361 0.053659 -0.165006
0.04838 0.023274 -0.240962
0.008157 0.037212 -0.273028
0.041414 0.017653 -0.35621
-0.017355 0.040025 -0.243331
0.020598 0.065834 0.0042
0.030776 0.032094 -0.270009
0.05319 -0.030216 -0.107588
0.017167 0.068892 -0.019864
0.028895 0.049869 -0.151065
-0.01829 0.0653 0.0326
-0.008562 0.03835 -0.261935
0.00323 0.037672 -0.270936
0.057117 -0.025447 -0.141208
0.050071 -0.058283 -0.332349
0.018159 0.041199 0.011612
-0.015152 0.053296 0.01205
0.02612 -0.0602 -0.06211
0.043306 -0.044835 -0.081992
-0.016078 0.068873 -0.070548
0.050324 -0.039464 -0.049288
-0.00553 -0.0715 -0.10524
-0.020985 0.071773 -0.041526
0.023637 -0.063007 -0.094372
-0.034558 0.067016 -0.075288
0.025336 -0.064434 -0.129749
-0.013324 0.037633 -0.25956
-0.030158 0.069837 -0.056285
0.02147 -0.032435 0.011663
0.024831 -0.065244 -0.139105
0.047256 0.019471 -0.338453
0.009335 -0.020299 0.012237
-0.08459 -0.0208 -0.04879
0.051943 -0.028591 -0.083741
-0.0311 0.0654 0.03022
0.052821 0.012576 -0.306565
-0.006931 0.036809 -0.269865
0.0286 0.0581 -0.08508
0.052957 0.034866 -0.080373
-0.061292 0.055356 -0.094325
-0.08116 -0.0319 -0.05335
-0.05794 -0.0564 -0.06988
0.041567 0.052583 -0.023877
-0.03219 0.071283 0.00778
-0.01814 0.041493 -0.236232
0.014675 0.064647 -0.076656
-0.018228 -0.012866 0.008841
0.056747 0.026356 -0.090273
-0.006698 0.071173 0.016868
0.057962 -0.043915 -0.331357
0.041369 0.024099 -0.33938
-0.015408 0.039456 -0.2483
0.059213 -0.00591 -0.098171
0.058677 -0.005506 -0.090592
-0.001518 -0.045734 0.012486
-0.002973 0.065188 -0.093111
0.001807 0.072273 -0.017661
0.051175 0.011549 -0.065287
0.047545 0.030528 -0.193345
-0.03619 0.068644 0.020147
-0.062964 0.059345 -0.058222
-0.08681 -0.0063 -0.08767
0.050806 -0.039437 -0.134161
-0.031201 0.07027 0.017041
0.050046 0.045767 -0.049338
0.047316 0.018541 -0.342146
0.059621 -0.033935 -0.340021
0.031832 -0.058799 -0.11239
0.052581 -0.025245 -0.076952
0.024843 0.03309 -0.282325
0.014452 0.06039 -0.109639
0.048875 -0.051427 -0.354935
0.048647 -0.055123 -0.287638
0.026019 -0.049185 -0.065237
-0.025718 0.069169 0.024457
0.04462 0.028401 -0.232441
0.036472 -0.054527 -0.010842
0.022067 0.065381 0.002715
-0.04291 0.068884 0.011873
0.021693 -0.061528 -0.047991
0.051276 0.00698 -0.35396
-0.03371 -0.0635 -0.00673
-0.00671 0.0658 0.03284
0.036174 -0.052159 -0.069321
0.00904 0.067302 0.017878
0.035775 -0.067494 -0.287976
-0.007651 0.047788 -0.208789
0.017685 0.04046 -0.240201
-0.022 0.0707 0.01869
0.028518 0.029456 -0.341071
0.010452 0.075678 -0.010925
0.034501 0.031013 -0.264391
0.034141 0.046505 -0.155137
0.038758 -0.067924 -0.310768
-0.036051 0.070635 0.009607
0.042857 -0.054468 -0.362589
0.034201 0.029989 -0.275387
-0.007876 0.052195 -0.182173
-0.01212 0.059051 -0.138733
-0.024327 0.070396 0.01977
-0.034364 0.07163 -0.019194
0.015854 0.052754 -0.160929
0.045663 -0.043847 -0.105622
0.035095 -0.053583 -0.074516
0.054743 0.001156 -0.351645
0.04718 -0.0575 -0.29097
0.032305 -0.057912 -0.105074
0.040711 -0.033514 0.005246
0.060431 -0.012938 -0.151027
-0.039175 -0.040572 0.012543
0.052549 0.012879 -0.33494
0.031991 -0.065219 -0.243621
0.05368 -0.025506 -0.091566
-0.020472 0.050238 -0.189564
-0.04258 0.019536 0.012202
0.055037 -0.041027 -0.267566
0.03687 0.02801 -0.292432
-0.028193 0.048951 -0.18952
0.050159 -0.050203 -0.260549
0.060904 -0.029052 -0.306966
0.045187 0.040689 -0.124916
-0.041456 0.066847 -0.066445
-0.029836 0.067815 -0.07391
-0.014145 0.019577 0.008392
0.059596 -0.007197 -0.295452
-0.033439 0.070544 0.013561
-0.053491 0.066733 -0.01807
-0.030896 -0.044129 0.012482
0.002598 -0.044164 0.011917
-0.02843 -0.0387 -0.25686
0.054035 -0.013669 -0.065749
0.053049 -0.045881 -0.272184
-0.01884 0.0346 -0.2605
-0.040546 0.065344 -0.079463
0.060578 -0.020557 -0.215947
0.061441 0.028605 -0.030019
0.057198 -0.0129 -0.090636
0.04832 0.041931 -0.060535
-0.06067 0.04964 -0.06504
0.034412 -0.067513 -0.28089
-0.049044 0.066871 -0.046117
0.05203 -0.021465 -0.066553
0.060734 0.004202 -0.167346
0.012241 0.065638 -0.073215
-0.00919 0.0695 0.02471
0.058423 0.018173 -0.117667
0.054561 0.025275 -0.151046
-0.047 0.06019 0.00495
0.011349 0.070546 -0.013836
-0.014 0.036035 0.012192
0.0597 0.0114 -0.15013
-0.055546 0.055019 -0.114509
0.057514 -0.021092 -0.353459
0.012848 0.070201 -0.015302
0.04551 -0.043196 -0.098451
-0.024349 0.049691 -0.18956
-0.05871 0.06234 -0.052085
0.058745 -0.037845 -0.308457
-0.01899 0.0629 -0.113568
0.000339 0.059823 -0.12908
-0.038126 0.057771 -0.131929
0.053072 -0.038508 -0.161277
-0.005323 0.064617 -0.098623
0.01965 0.062151 -0.083544
-0.041183 0.067421 0.019374
0.047681 -0.061385 -0.331248
0.05119 -0.0515 -0.29241
-0.03793 0.0704 -0.03646
-0.07312 0.032193 0.005274
0.055109 0.025773 -0.058127
-0.012075 0.072432 0.001112
0.029386 -0.046429 0.005255
0.052432 -0.049159 -0.291378
-0.030002 0.047868 -0.19265
-0.022579 -0.062144 0.005332
0.05757 -0.033063 -0.275121
-0.025187 0.066552 0.029861
0.044321 0.018169 -0.351105
0.059379 -0.003645 -0.264599
0.032542 -0.066085 -0.259438
-0.03765 -0.0631 -0.01248
-0.00202 0.0292 -0.31411
0.049356 0.012895 -0.349617
0.058908 -0.020772 -0.349094
0.02961 -0.0564 -0.04899
0.012951 0.059719 -0.116751
0.022545 -0.05168 0.005261
0.012164 0.061628 -0.104396
-0.014 -0.047316 0.012543
0.04499 0.032069 -0.065234
0.027726 0.059905 -0.073628
0.024476 0.059351 -0.09128
0.058749 0.000721 -0.079951
0.032544 0.051554 -0.121424
-0.078549 -0.009816 0.005218
0.056111 -0.00638 -0.067689
0.048106 -0.010111 -0.369603
-0.047394 0.067004 -0.050605
-0.009202 0.06582 -0.090719
0.060636 0.007171 -0.132535
0.057961 -0.019559 -0.125662
0.05978 0.01222 -0.098262
-0.01964 0.071727 -0.043048
0.004548 0.070698 0.002742
0.040144 -0.051127 -0.010998
-0.020955 0.045572 -0.213833
0.038034 0.027792 -0.275462
-0.013426 0.037881 -0.258228
-0.018802 0.070588 0.020237
0.052476 -0.053834 -0.338993
0.01333 -0.0726 -0.28192
0.051835 -0.055117 -0.338345
-0.060388 0.049424 -0.127095
-0.029657 0.070922 -0.045163
-0.02998 -0.0555 -0.25382
0.02377 0.0571 -0.11186
0.046713 0.020926 -0.331002
-0.039958 -0.016881 0.012234
0.05412 -0.041 -0.21573
-0.0192 0.068783 -0.070997
0.029139 0.029642 -0.338292
-0.00168 0.0706 0.01756
-0.06348 -0.040373 0.005248
0.044206 -0.064916 -0.33888
0.050979 0.035944 -0.103509
0.051383 0.027631 -0.177317
0.056561 0.02032 -0.156566
0.055957 -0.039114 -0.348945
0.04408 0.0474 -0.07563
0.02045 -0.0641 -0.08299
0.05904 -0.040366 -0.332554
0.03916 -0.06284 -0.269262
0.01065 0.0609 -0.1115
0.054771 -0.043105 -0.283341
-0.0056 0.0531 -0.17611
0.02337 0.065671 -0.010723
0.041581 0.019456 -0.35333
0.047713 -0.005949 -0.368664
0.015299 0.073755 -0.01089
0.061804 -0.014767 -0.331715
-0.08121 -0.0105 -0.1409
-0.05826 -0.0564 -0.10239
0.036708 0.028528 -0.331207
0.045325 0.036252 -0.166331
0.047135 0.049893 -0.049403
0.019561 -0.065258 -0.011062
0.061272 -0.019319 -0.302078
-0.048477 0.066368 0.015261
0.011688 0.078682 -0.030064
0.058248 -0.03469 -0.345076
0.017268 0.066507 0.008569
-0.004177 0.071008 0.017228
0.036628 -0.066728 -0.285986
-0.027238 0.058907 -0.135691
0.057328 0.012344 -0.202585
0.025094 0.060779 -0.076952
-0.03114 0.0673 -0.07675
0.028103 0.031081 -0.323815
-0.027731 0.06517 -0.094656
-0.00688 0.0383 -0.26359
-0.015521 0.071209 -0.04911
-0.047581 0.068045 -0.036928
0.034575 0.029395 -0.281128
0.057813 0.022806 -0.090142
0.007727 0.035312 -0.289934
0.039718 0.024654 -0.341914
0.037486 -0.066026 -0.283791
-0.008579 0.070912 0.01867
-0.010183 0.038545 -0.259416
0.047409 -0.03759 -0.078654
-0.031154 0.06633 0.028416
0.046031 -0.058038 -0.351895
0.04307 -0.0657 -0.32545
-0.022731 0.046116 -0.209308
0.017875 0.011576 0.01221
0.006953 0.065593 0.027888
0.043512 0.044964 -0.101812
0.047246 -0.033455 -0.064084
0.020411 -0.061347 -0.033415
-0.0538 -0.059 -0.07791
-0.057609 -0.022138 0.012527
0.034183 0.028311 -0.335007
-0.01272 -0.0681 -0.25608
-0.037157 0.065803 -0.080949
0.00435 0.066821 -0.075082
-0.010152 0.051194 -0.188221
0.049724 -0.047837 -0.356446
0.018704 -0.065339 -0.092726
-0.079175 0.01161 0.005277
0.061002 -0.010641 -0.160049
0.026019 0.055185 0.005237
0.024284 0.069329 -0.011102
0.040177 0.031849 -0.232794
-0.00619 -0.0682 -0.02858
0.018254 0.068293 -0.029756
-0.016944 0.071494 0.013449
0.06067 -0.016195 -0.180988
-0.011681 0.03775 -0.261256
0.040012 0.025921 -0.292424
-0.036739 0.071362 -0.011586
0.023652 -0.063795 -0.048931
-0.006848 0.066504 -0.085226
-0.03137 0.068766 -0.065014
-0.04955 -0.0598 -0.03165
0.038155 -0.036989 0.005318
0.061907 -0.002053 -0.011117
0.049113 -0.05663 -0.300353
0.053033 -0.04395 -0.23029
-0.00278 0.070918 -0.0478
-0.063294 -0.00591 0.012449
-0.004375 0.065862 0.0323
0.034427 0.059393 -0.026458
-0.005459 0.03491 0.012191
0.005584 0.06482 -0.089957
-0.031752 0.046596 -0.195741
-0.01985 0.0383 -0.24669
-0.029332 0.051952 -0.172188
0.060437 -0.018022 -0.257481
0.056764 -0.034691 -0.210161
-0.004836 0.072715 -0.024392
-0.027215 0.068701 -0.068213
0.034848 0.035109 -0.233207
0.002955 0.038153 -0.267923
-0.016621 0.05876 -0.140615
0.06 -0.006597 -0.113921
-0.063294 0.011981 0.012439
0.030424 0.027846 -0.345848
-0.076326 -0.018116 0.005225
0.002544 0.068889 -0.060035
0.044555 -0.059761 -0.284943
0.033273 0.029304 -0.329449
-0.030858 0.048105 -0.190451
0.03786 -0.052563 -0.097106
0.051175 -0.005549 0.005287
0.002441 0.070806 0.005029
0.053478 -0.047541 -0.293756
-0.02661 -0.0154 -0.26016
-0.033614 0.071707 -0.004434
0.035594 0.058328 -0.020963
-0.033917 -0.022922 0.012239
0.039987 0.044725 -0.134223
0.049659 -0.053632 -0.287998
0.055835 0.007985 -0.31619
-0.040611 0.070632 -0.015049
0.035127 0.011803 0.011639
-0.05168 0.062498 -0.076893
-0.006279 0.064292 -0.10213
0.01381 0.0336 -0.30496
-0.059301 -0.018361 0.012463
-0.015939 0.052641 -0.17753
-0.039194 0.070704 -0.001699
-0.04895 0.068 0.00361
-0.006322 0.070615 -0.053077
-0.05069 0.0665 0.01178
0.026232 0.033841 -0.269658
0.055951 -0.031697 -0.160028
0.052429 0.00396 -0.354856
0.053634 -0.017598 -0.068616
-0.007202 0.040978 -0.248767
0.03831 -0.065275 -0.281598
0.030503 0.030727 -0.321146
0.007283 0.036483 -0.280416
0.061973 -0.026828 -0.321793
0.054595 -0.020838 -0.084159
-0.005568 0.052268 0.012111
0.03992 -0.0677 -0.31738
-0.0662 0.0239 -0.18064
0.05056 -0.055863 -0.343164
0.013349 0.065254 0.023106
-0.026281 0.067113 -0.081213
0.018752 0.066175 0.007085
0.04034 0.033 -0.22385
0.017262 0.034426 -0.290533
0.046482 -0.036946 -0.368905
0.062343 -0.018445 -0.32502
0.033239 0.060439 -0.031968
0.058196 -0.002544 -0.077614
0.05678 0.0034 -0.28573
0.023378 0.064022 0.011122
0.054463 0.024567 -0.159778
0.04462 0.0214 -0.34146
0.025836 0.032087 -0.314862
0.040753 0.038467 -0.182266
0.059786 -0.026279 -0.290794
0.00715 -0.059305 0.005254
0.02225 0.032891 -0.307237
0.019837 0.053265 -0.150666
0.04801 -0.039268 -0.098819
0.028317 -0.06017 -0.09606
-0.03666 -0.0556 -0.22941
0.060971 -0.020142 -0.340142
0.05837 -0.00722 -0.346916
0.023858 0.048263 -0.17676
-0.00485 -0.0389 -0.30771
-0.02014 0.0692 0.02594
0.060695 -0.004647 -0.229974
0.044557 -0.03896 -0.063181
0.059575 -0.016083 -0.34627
0.048415 0.034344 -0.153412
0.026104 0.064489 -0.013827
0.047312 0.020329 -0.316557
0.059912 0.011696 -0.106698
0.060234 -0.021272 -0.254983
0.02207 0.029025 -0.354079
0.057957 -0.011896 -0.350903
-0.01923 0.070056 -0.059703
0.053409 -0.044662 -0.266008
0.054963 -0.017159 -0.076195
0.015324 0.068014 0.001113
0.062295 -0.022663 -0.323413
-0.027322 0.069372 -0.062338
-0.0265 0.0451 -0.20921
0.002872 0.035864 -0.284387
-0.07174 -0.0439 -0.10198
0.057046 -0.044843 -0.336517
-0.04752 -0.0459 -0.21861
-0.001482 -0.027192 0.012241
0.053124 -0.043664 -0.352774
0.032373 0.02865 -0.337502
0.042531 0.024245 -0.304101
-0.02729 -0.0665 -0.02603
-0.011295 0.06873 0.027139
0.017364 0.067324 -0.0464
0.04828 -0.056065 -0.291322
0.035176 -0.006186 0.011884
0.042081 0.048087 -0.087897
0.052474 -0.03591 -0.132277
-0.033801 0.067089 0.025373
-0.002444 0.071376 -0.042811
-0.007932 0.070516 0.020849
0.032114 0.029512 -0.330759
-0.076326 0.024177 0.005196
0.034974 0.051319 -0.109223
0.013539 0.063349 -0.089113
0.034831 0.029324 -0.304299
0.02538 0.0654 -0.02915
0.04588 -0.040831 -0.367929
0.053549 0.013057 -0.26021
-0.009737 -0.012843 0.0089
-0.04035 0.0363 -0.21527
0.062656 0.002204 -0.048989
0.043475 -0.055839 -0.218078
-0.009884 -0.046894 0.012482
0.05813 -0.001261 -0.07496
0.043385 -0.058165 -0.356357
0.056476 0.010117 -0.061557
-0.006431 -0.069147 -0.046485
-0.048938 0.064114 -0.071926
-0.001479 0.033263 0.012192
0.024524 0.069715 -0.049203
0.057419 -0.004511 -0.072639
0.058181 -0.013705 -0.105799
0.053103 -0.017585 -0.066138
0.043022 -0.048212 -0.112457
0.04895 -0.042398 -0.13357
-0.008369 0.058226 -0.1433
-0.018211 0.051497 -0.183557
0.05655 -0.009 -0.073
0.021966 0.066097 -0.04273
-0.015098 0.038136 -0.254337
0.01899 0.036926 -0.261376
0.054579 -0.042091 -0.266582
-0.027612 0.07221 -0.024016
0.036815 0.053358 -0.080444
0.050664 -0.04407 -0.357586
0.010006 0.035508 -0.287719
-0.008455 0.03808 -0.26327
0.056845 -0.035893 -0.256615
-0.01189 0.0293 -0.28753
0.019731 -0.062064 -0.03852
-0.034788 0.068469 -0.063545
0.0577 -0.013305 -0.098215
0.019 -0.05419 -0.06495
0.054606 0.029705 -0.066144
0.032054 0.033959 -0.250796
-0.015402 0.065532 0.032715
0.052259 -0.051918 -0.345067
0.004441 0.051809 -0.180558
0.049303 -0.054577 -0.291681
0.059311 0.008776 -0.184998
-0.068731 -0.033529 0.005244
0.0151 0.06196 -0.065259
-0.018755 0.066364 0.030989
0.04501 0.021386 -0.339723
0.060968 -0.001991 -0.131966
-0.016 -0.06305 -0.25
-0.050295 0.066986 0.009751
-0.04419 0.069516 0.00037
-0.073027 -0.026087 0.005236
-0.031254 0.071073 -0.040965
0.05195 0.0286 -0.16297
0.043873 0.026581 -0.251687
-0.052153 0.06718 -0.023838
0.042307 -0.066231 -0.323431
0.012063 0.062792 -0.096241
0.013658 0.062265 -0.097279
0.05594 -0.048691 -0.320666
-0.014 -0.029965 0.012241
0.037157 0.057015 -0.01488
0.00828 -0.0736 -0.34159
-0.001103 0.061701 -0.117977
0.020868 0.064642 0.014907
0.059095 -0.00018 -0.315637
-0.010063 0.066809 0.031189
0.00463 0.0295 -0.33298
-0.001236 0.053751 -0.170359
0.022593 -0.051816 -0.065294
0.011076 -0.04041 0.011672
-0.004363 0.04566 -0.221862
-0.046413 0.059895 -0.105869
-0.002781 0.071146 0.014195
0.02743 0.0605 -0.06981
0.055757 -0.016631 -0.08385
-0.079676 0.007326 0.005208
0.03063 -0.0694 -0.28289
0.037601 0.049015 -0.112367
-0.011819 0.040496 -0.24732
0.025816 0.032367 -0.303194
-0.033718 0.065354 0.029048
-0.013492 0.072847 -0.012335
-0.05789 -0.031 -0.21492
0.025696 0.035481 -0.258212
0.059625 -0.001003 -0.324722
-0.041141 0.06355 -0.091161
0.055813 -0.007765 -0.355415
-0.019713 0.064663 -0.100767
0.029366 0.055409 -0.102916
0.01923 0.067337 -0.03964
0.035459 -0.040356 0.00525
0.05049 -0.05719 -0.318431
-0.006225 0.06869 0.026215
-0.03477 -0.0676 -0.1099
-0.04106 0.0682 0.01735
-0.006195 0.072786 -0.02287
0.045726 0.018076 -0.348238
-0.043814 0.065378 0.021994
-0.005293 0.071473 0.013858
0.036102 -0.057761 -0.137691
0.044989 -0.061706 -0.302594
0.023806 0.036922 -0.252278
0.018228 0.05975 -0.10776
0.001603 0.052818 -0.175463
0.049977 0.038837 -0.062939
-0.062964 0.048853 -0.121504
0.050558 0.016646 -0.327072
0.057939 0.003104 -0.07127
0.019539 0.067005 -0.003765
0.041363 -0.067629 -0.332316
0.045009 0.01532 -0.354979
0.033222 -0.054141 -0.061454
0.05526 -0.039982 -0.247424
-0.036931 0.06313 -0.099779
0.054889 0.00445 -0.34673
0.054346 -0.03386 -0.146147
0.03218 0.060819 -0.01422
0.022774 0.064161 0.012086
0.028293 0.063214 -0.042118
-0.03701 -0.0265 -0.24265
0.034909 -0.068236 -0.28997
-0.034769 0.070322 -0.044865
0.052319 -0.047381 -0.272594
0.011156 -0.057704 0.005333
0.01546 0.042931 -0.226799
0.049892 -0.03671 -0.104163
0.032066 0.032214 -0.264109
0.007332 0.070461 -0.000465
0.038764 -0.065826 -0.291096
-0.018344 0.070291 0.022069
0.024245 0.034062 -0.273229
0.001592 0.069383 0.019488
0.00405 -0.0675 -0.0383
0.059608 -0.024588 -0.260034
0.02341 0.033 -0.29422
-0.07116 0.03603 0.00497
0.059185 -0.025159 -0.347428
0.019367 0.066066 0.006124
0.027896 -0.058347 -0.055545
-0.043629 0.067119 0.018016
0.060192 -0.014594 -0.265706
0.050235 -0.032182 -0.364894
-0.03814 -0.0648 -0.04585
-0.013419 0.067732 0.029493
0.050267 -0.053051 -0.292044
-0.002895 0.040238 -0.255378
0.060169 -0.00138 -0.233553
0.012328 0.068593 0.004072
0.051393 -0.033376 -0.102357
-0.062636 -0.009993 0.012512
0.040937 -0.048342 -0.085879
0.062083 -0.018976 -0.330124
0.001884 -0.001253 0.008831
-0.001552 0.068024 -0.071277
-0.044224 0.015555 0.012409
-0.026178 0.062319 -0.114554
0.061145 -0.002817 -0.140649
0.000896 0.037575 -0.271401
0.040448 -0.067074 -0.31479
0.030205 -0.058054 -0.081837
-0.041706 0.06164 -0.102844
0.056274 -0.022756 -0.113002
-0.0041 0.072099 0.001786
0.031042 -0.066435 -0.25565
0.058893 -0.002156 -0.338055
0.01715 -0.0742 -0.30442
0.05784 -0.035156 -0.287987
0.048311 -0.059806 -0.341464
0.007672 0.07104 -0.02968
-0.014877 0.037821 -0.256155
0.04909 -0.035076 -0.082991
0.046524 -0.001636 -0.368528
-0.007555 0.072818 -0.021347
-0.017877 0.06991 0.023894
0.011156 0.063704 -0.065332
0.052902 -0.044652 -0.239876
0.049394 -0.028047 -0.064355
0.054113 0.029333 -0.058256
0.059624 -0.02127 -0.275813
0.04576 -0.062047 -0.311623
0.039264 -0.055658 -0.366323
0.053181 -0.044583 -0.251761
0.059219 -0.027906 -0.233771
-0.08221 0.0063 -0.13442
-0.043117 -0.055997 0.005261
0.010277 0.053378 -0.16386
0.05227 -0.0253 -0.07445
0.059618 0.012662 -0.132661
-0.009704 -0.062646 0.005261
-0.07775 -0.01405 0.00501
0.053328 -0.022325 -0.362415
0.005795 0.062547 -0.106278
0.040709 0.039574 0.005179
0.023235 0.059024 -0.097968
0.061543 -0.009838 -0.327083
0.028242 0.033805 -0.264113
-0.03073 -0.0676 -0.06088
0.051867 -0.055916 -0.327871
0.049252 -0.059463 -0.331667
-0.015616 0.060164 -0.132172
0.052778 -0.034668 -0.048956
0.046631 -0.047334 -0.146481
-0.07304 0.0506 -0.06524
-0.01866 -0.0658 -0.26148
0.038419 -0.06734 -0.302168
-0.046437 0.007305 0.012213
0.03034 0.0298 -0.33273
0.002566 0.04785 -0.206898
0.050397 0.015714 -0.284264
0.061426 -0.005829 -0.174049
0.053281 -0.027122 -0.361382
0.025779 0.03681 -0.248436
0.059012 -0.028342 -0.253861
0.057328 -0.042231 -0.310124
-0.065299 0.056637 -0.06904
-0.05734 -0.0557 -0.1363
-0.020335 0.072144 0.005759
-0.08 0.00303 0.005
0.052676 0.029476 -0.144033
0.055889 0.001365 -0.347571
0.055645 0.004518 -0.34341
0.037757 -0.063308 -0.265452
0.015153 -0.056069 0.005359
0.005148 0.036226 -0.282194
0.015246 0.058515 -0.121999
0.048614 -0.0343 -0.074339
0.013796 0.034557 -0.294118
-0.016 -0.06305 -0.35
0.05095 -0.044458 -0.183932
0.023445 0.032773 -0.305892
0.03706 -0.054513 -0.111736
0.010361 0.069995 -0.00341
-0.058239 0.054597 -0.108936
-0.028637 0.068976 -0.065192
0.047565 -0.056567 -0.287283
0.059884 -0.010791 -0.126066
0.038762 -0.063771 -0.272957
-0.063286 0.051278 -0.109636
0.020069 0.072059 -0.049359
0.05951 -0.0108 -0.28539
0.059657 -0.006303 -0.105754
-0.021967 0.066483 0.030444
0.050259 -0.031767 -0.07868
-0.011557 0.065141 -0.096212
0.052601 0.007248 -0.349923
0.023381 0.036235 -0.258022
-0.041395 0.070451 -0.01136
-0.046438 -0.001234 0.012219
-0.030613 0.06149 -0.117061
-0.01744 0.0721 -0.0376
-0.00313 0.0592 -0.1349
-0.023408 0.069727 0.023429
0.035364 0.024886 -0.349641
-0.01532 0.050832 -0.188912
0.0657 0.003 -0.03
0.053095 0.012013 -0.275249
0.02703 0.031921 -0.313516
0.047924 -0.060368 -0.319359
0.00308 -0.06078 -0.06495
-0.015769 0.070706 -0.054279
0.041723 0.026459 -0.33064
-0.009481 0.05442 -0.167704
-0.016095 0.072044 -0.03912
0.01022 0.0654 -0.07886
0.019991 0.06597 0.005163
0.025791 0.048316 -0.171599
0.017974 -0.063263 -0.041705
-0.025436 0.068352 -0.071865
0.022484 0.064889 -0.052903
0.005694 0.063716 -0.098122
0.05676 -0.000343 -0.0664
-0.08179 -0.0258 -0.10461
-0.006213 0.040621 -0.251234
0.026019 -0.049125 0.005328
0.059314 -0.001714 -0.333636
0.011866 0.069726 -0.004881
-0.027714 0.072342 -0.008467
0.056394 -0.007706 -0.070336
0.03026 0.069245 -0.030058
0.033023 -0.067535 -0.273606
0.021924 0.038385 -0.246347
0.057467 -0.005788 -0.075297
0.045633 0.011928 -0.358689
0.051425 -0.004453 -0.362769
0.04464 0.035181 -0.180659
0.02662 0.063366 -0.049519
0.053389 -0.052977 -0.319547
0.043903 0.053772 -0.049344
-0.066155 -0.036989 0.005318
0.015106 0.062033 0.005162
0.056047 -0.048902 -0.329773
-0.013047 0.051952 -0.182881
-0.027916 0.065541 0.030906
-0.011557 0.037439 -0.262576
0.009538 0.059516 -0.122634
0.020383 -0.06598 -0.113805
-0.012509 0.065716 0.032799
0.054503 -0.049521 -0.340401
0.034401 0.029063 -0.328139
0.057317 0.003937 -0.266682
0.058128 -0.008507 -0.090847
-0.00589 0.071126 -0.048283
0.036321 0.028526 -0.304113
0.003604 0.056246 -0.150448
0.05934 -0.0249 -0.2827
0.04604 0.01384 -0.355469
-0.02944 -0.0577 -0.25209
0.041312 -0.063385 -0.287579
0.03737 0.0426 -0.16952
0.030825 0.04718 -0.164095
-0.028474 0.068273 0.025556
-0.040458 0.070282 0.002654
0.059186 0.010007 -0.081868
0.058599 -0.022187 -0.153881
0.042838 -0.044678 -0.370951
0.06061 -0.0331 -0.33489
0.030664 -0.061804 -0.138382
0.048301 0.024168 0.005197
0.051352 0.019041 -0.240886
0.002641 0.069357 0.01475
0.04636 -0.046263 -0.133218
0.028823 0.032277 -0.275571
-0.011832 0.038452 -0.25773
0.052725 -0.045757 -0.25794
0.02104 0.0369 -0.25782
-0.011925 0.069534 0.025056
0.033117 -0.054602 -0.06418
0.028787 0.061937 -0.052294
-0.01013 0.038091 -0.261606
0.026019 0.055125 -0.065328
0.051145 -0.04053 -0.147412
-0.08328 0.0351 -0.02798
0.018159 -0.035127 0.011678
0.062086 -0.014274 -0.326637
-0.08738 0.0145 -0.04403
0.019 -0.05413 0.00505
0.040698 0.039505 -0.065242
0.014872 0.036885 -0.268477
-0.012555 0.07077 -0.054017
0.05232 -0.046096 -0.247161
-0.011789 0.038025 -0.259921
-0.028959 0.069472 0.021862
0.0595 -0.0097 -0.11359
0.05846 0.00535 -0.233755
0.051047 -0.05357 -0.301083
0.054933 -0.040347 -0.236858
-0.011808 0.072836 -0.016776
0.033926 0.059625 -0.017593
-0.03108 0.06678 0.00495
0.052467 -0.034927 -0.011025
0.027059 -0.060074 -0.074927
0.006153 0.071369 -0.028207
-0.00329 0.037738 -0.268507
0.057103 -0.018064 -0.1056
-0.012803 0.040827 -0.244844
0.051625 -0.042585 -0.173934
0.005918 0.028994 0.012194
-0.024509 0.04665 -0.204777
0.024945 -0.059451 -0.04726
-0.036155 0.069637 0.016264
-0.021095 0.052114 -0.178193
0.041295 -0.066283 -0.312801
-0.05131 0.0059 -0.22865
-0.08065 -0.0302 -0.04607
0.043153 0.049593 -0.058051
0.04783 -0.0386 -0.09165
-0.038296 0.070369 0.008069
0.061571 -0.028194 -0.331739
0.0321 -0.0681 -0.27581
0.042512 -0.063084 -0.294893
0.046545 0.045858 -0.035064
0.058176 -0.002732 -0.343119
-0.00075 0.055827 -0.156228
0.033902 0.030727 -0.269658
-0.005032 0.05139 -0.187297
-0.03638 0.070772 0.007163
-0.057242 0.028756 0.012273
0.055878 0.008411 -0.059109
0.056038 0.007837 -0.326213
0.054389 -0.038397 -0.185138
0.060254 -0.001018 -0.226614
0.036984 -0.065422 -0.274298
0.043008 -0.065491 -0.342339
0.056752 -0.035998 -0.264168
-0.015069 0.03841 -0.253498
-0.041129 0.069451 -0.041188
0.049653 -0.036004 -0.097001
-0.004237 0.03971 -0.258135
0.060223 -0.011875 -0.138544
0.059377 -0.016285 -0.138338
0.03267 -0.04364 0.00504
-0.027216 0.050171 -0.184173
0.018069 0.067452 -0.002282
0.01599 -0.0697 -0.24709
-0.0767 -0.0161 -0.1638
0.053825 -0.040332 -0.195132
0.031428 -0.055303 -0.05523
-0.010772 0.052976 -0.176836
0.05711 -0.041452 -0.305185
0.054841 -0.036418 -0.175149
0.045415 0.021346 -0.337989
0.025449 0.032549 -0.291039
-0.030454 0.072125 -0.01573
-0.026525 0.072435 -0.012265
0.061096 -0.011908 -0.233358
-0.03962 -0.0451 -0.23809
-0.014 -0.06303 -0.06495
0.054118 -0.046715 -0.34668
0.060402 0.006117 -0.106574
0.05215 -0.0285 -0.086253
-0.08347 -0.0082 -0.12606
0.059771 -0.014249 -0.277174
0.057791 -0.04288 -0.317174
0.060512 -0.02038 -0.245459
0.056622 0.021003 -0.147833
0.00883 -0.0676 -0.06477
-0.06947 -0.0211 -0.19166
-0.025616 -0.008649 0.008736
0.055785 -0.048538 -0.335299
0.041487 0.036065 -0.195851
0.030624 -0.056319 -0.058494
0.032696 0.032563 -0.258849
-0.02495 0.0093 -0.26318
-0.01252 -0.0668 -0.28615
0.045425 0.046269 -0.06688
-0.023169 0.04297 -0.222916
0.052771 -0.045354 -0.249462
-0.017915 0.042576 -0.231596
0.059265 0.001464 -0.244075
0.041425 -0.046299 -0.072372
0.012586 0.03453 -0.29545
-0.016236 0.070738 0.019597
0.034451 0.016017 0.011624
0.023814 -0.061445 -0.059554
0.061139 -0.006345 -0.212418
0.021467 0.060649 -0.090762
-0.034453 0.071111 0.006253
0.054644 -0.017214 -0.073692
0.048813 0.034816 -0.143951
-0.0245 0.066687 -0.084853
0.025208 0.032101 -0.315525
-0.031854 0.071119 0.010217
-0.00622 0.0721 0.00406
-0.01978 -0.07 -0.07922
0.055171 -0.050156 -0.320292
0.039928 -0.05169 -0.112148
0.042687 0.021345 -0.347174
0.047341 0.021305 -0.267128
0.035293 -0.066858 -0.278693
-0.0007 0.037548 -0.271118
0.025408 0.060235 -0.080772
-0.059645 0.063604 -0.030304
0.02955 -0.0668 -0.25186
0.040411 0.053652 -0.029366
0.052761 0.010312 -0.343233
0.061357 -0.03112 -0.320025
0.047311 0.043424 -0.077223
0.042358 -0.053358 -0.029952
-0.05931 -0.0548 -0.04388
-0.047 0.003034 0.012216
0.021454 -0.062597 -0.057003
0.05569 -0.030174 -0.144288
0.043439 -0.049915 -0.132899
0.058481 0.027611 -0.01091
-0.03968 0.069453 -0.045073
0.02802 -0.073 -0.31114
0.059923 -0.033488 -0.305557
0.048287 0.024102 -0.065224
0.059673 -0.025429 -0.219008
0.045727 0.021779 -0.277739
-0.028069 0.050397 -0.181971
0.039615 -0.067516 -0.312778
-0.026647 0.069989 0.02083
0.059148 -0.007194 -0.285473
0.006388 0.057662 -0.138874
0.061068 0.017953 -0.010901
-0.016781 0.068545 0.027753
0.035213 0.058775 -0.034735
0.05819 0.0046 -0.24765
0.025849 -0.066025 -0.02994
-0.030532 0.037582 -0.230838
-0.013921 0.053928 -0.170277
0.042077 -0.05569 -0.361986
0.02093 -0.0705 -0.26698
-0.012311 0.071238 -0.048837
-0.004466 0.049568 -0.198475
-0.050234 0.062492 -0.080772
0.016227 0.015556 0.012206
-0.07321 -0.0405 -0.0402
0.023733 0.06588 -0.035948
0.053241 0.012521 -0.316605
0.055436 -0.021864 -0.098327
0.044804 -0.048218 -0.365238
0.056953 0.010974 -0.220013
0.03892 -0.0599 -0.21891
-0.017305 0.061547 -0.122873
0.04868 0.0422 -0.04062
-0.022584 0.071965 -0.037331
0.008136 0.062958 -0.100744
0.058112 0.002806 -0.330214
-0.06739 0.0536 -0.07982
0.019048 0.063589 -0.074414
0.030296 0.045181 -0.18089
0.028749 -0.057368 -0.052268
0.056936 -0.0047 -0.070097
0.005913 0.06689 0.024663
-0.028491 0.069022 0.023667
-0.059078 0.063785 -0.032377
0.048907 -0.050372 -0.23837
0.056591 0.010443 -0.230333
0.019811 -0.066673 -0.121144
0.058221 0.015647 -0.075563
-0.036167 0.071119 -0.027836
-0.008989 0.056663 -0.153598
0.040276 -0.050655 -0.104841
0.021707 0.066863 -0.016835
0.047958 -0.044384 -0.362272
0.02021 0.06479 0.015835
0.025027 0.031261 -0.331429
0.04918 0.035273 -0.134488
0.01056 0.062113 -0.103352
0.03921 -0.0689 -0.33921
0.049435 -0.051983 -0.268387
-0.051313 0.058532 -0.104121
0.061687 -0.01303 -0.312497
0.060356 -0.003475 -0.114259
0.058265 0.004866 -0.073727
0.065752 0.008227 -0.030006
0.050887 -0.057222 -0.32749
0.043053 0.050408 -0.034975
-0.08095 -0.0267 -0.11127
-0.022763 0.039132 -0.239237
0.04891 0.0174 -0.338865
0.04004 -0.065681 -0.298199
0.015119 0.062783 -0.090146
0.060777 -0.013514 -0.24793
0.002704 0.071501 -0.034629
0.033629 0.057583 -0.063926
0.045551 -0.054385 -0.358174
0.059045 -0.039361 -0.318349
0.02147 0.038506 0.011602
0.016672 0.06478 -0.070998
0.04194 0.051486 -0.040462
0.060723 -0.017133 -0.247958
0.048226 -0.018082 0.005128
0.050083 -0.053804 -0.349183
0.059648 -0.01736 -0.150819
0.049182 -0.045479 -0.029958
0.05642 0.026435 -0.101062
-0.025949 0.06476 -0.098298
0.029443 0.028117 0.01161
0.05619 -0.017147 -0.090933
-0.045991 0.069276 -0.011134
0.040569 -0.058128 -0.360693
0.030133 -0.062598 -0.147729
0.022679 0.044759 -0.202131
0.032487 0.06015 -0.047655
0.04987 -0.0585 -0.32711
-0.063786 0.052659 -0.100634
-0.031646 0.07203 -0.011926
0.042167 0.033614 -0.209434
-0.058277 0.056596 -0.097019
0.022085 0.062067 -0.076439
0.05398 0.023648 -0.174134
0.060073 -0.020435 -0.344633
-0.056109 0.064577 -0.041225
-0.009681 0.072837 -0.019062
0.052098 -0.036375 -0.359695
0.043366 -0.063507 -0.30391
-0.03108 0.06672 -0.06505
-0.01046 0.070562 0.020455
0.058052 -0.043474 -0.32427
-0.014783 0.037597 -0.257493
0.055115 -0.050043 -0.33492
0.047567 -0.033748 -0.066667
0.011127 0.067232 0.015759
