2410
-0.016452 0.024337 -0.081124
0.00408 -0.016561 -0.036425
0.007135 -0.009082 -0.042643
0.017966 0.006927 -0.04071
0.020959 -0.007135 -0.06691
-0.020855 0.014654 -0.100653
0.017893 -0.002152 -0.095375
0.021354 0.002661 -0.112457
-0.017961 0.021632 -0.068139
0.00965 -0.031463 -0.091499
0.018746 0.008732 -0.060652
-0.01812 0.025444 -0.086969
-0.01614 -0.001267 -0.040123
0.026845 0.007963 -0.104106
0.009306 -0.010128 -0.042527
0.008726 -0.015862 -0.07801
0.023782 -0.007135 -0.074452
-0.004432 0.015357 -0.060262
-0.024497 -0.011302 -0.127954
-0.021794 0.013575 -0.066323
-0.000359 -0.020459 -0.069736
-0.016187 0.008365 -0.068869
0.023451 0.005664 -0.046159
0.018805 0.007963 -0.082626
0.015245 -0.002152 -0.030797
0.006023 0.026454 -0.079126
-0.021816 -0.006247 -0.128731
-0.024805 0.02855 -0.113633
0.001031 0.030316 -0.089727
0.002273 -0.011504 -0.048379
-0.025568 0.029188 -0.129595
-0.015646 -0.008484 -0.102305
0.028762 0.002661 -0.126325
0.00271 0.018733 -0.099349
-0.009539 0.008139 -0.02318
-0.00679 -0.001647 -0.041597
0.026266 -0.006661 -0.083647
-0.019499 0.023168 -0.076374
0.010588 -0.024199 -0.064347
-0.008911 0.000959 -0.025283
0.025981 0.008732 -0.079983
0.026173 -0.005891 -0.070527
0.012482 0.002661 -0.042101
0.0038 0.02714 -0.074587
0.006211 -0.01839 -0.039643
0.032168 -0.000589 -0.094697
-0.019274 0.001741 -0.092851
0.028169 0.006927 -0.07586
-0.023511 0.029114 -0.116962
-0.014631 -0.00908 -0.058975
-0.015016 0.003039 -0.047632
0.005711 -0.011862 -0.060993
0.031615 0.001036 -0.085479
0.003843 -0.036981 -0.128482
-0.016214 -0.002665 -0.040817
-0.025535 -0.002071 -0.090929
0.025252 -0.005891 -0.065272
0.007298 -0.028194 -0.073096
-0.016183 0.021853 -0.067443
-0.027531 0.027555 -0.120255
-0.026078 -0.009098 -0.098502
0.005932 0.030256 -0.119421
-0.001083 0.010114 -0.03167
-0.01936 0.012262 -0.089882
4e-06 0.012894 -0.024753
0.022489 0.009367 -0.076577
0.017171 0.005664 -0.034402
0.00858 -0.014265 -0.031866
-0.018771 0.002783 -0.073067
0.018584 0.008732 -0.063125
0.006749 0.026052 -0.111407
0.021778 0.005664 -0.041041
0.003648 -0.035349 -0.133065
-0.000846 0.01737 -0.035385
0.0038 0.02984 -0.132065
0.005008 0.01294 -0.032457
-0.000846 0.030153 -0.091014
0.00221 0.01918 -0.039466
0.001286 0.030355 -0.089942
-0.022091 -0.012039 -0.102312
-0.017081 0.003249 -0.066043
-0.004177 0.014622 -0.049087
-0.011969 0.000979 -0.074537
-0.028211 -0.003998 -0.118286
0.001835 -0.0314 -0.094977
-0.001278 0.015396 -0.081153
-0.017844 0.002973 -0.075475
-0.018163 -0.011107 -0.080855
0.004904 -0.010004 -0.025269
0.020708 -0.007135 -0.07484
0.02748 -0.005891 -0.102397
0.004787 -0.02502 -0.061312
-0.005158 0.020976 -0.06882
-0.024604 -0.011874 -0.121501
0.010857 -0.012518 -0.041835
0.006211 -0.013329 -0.027886
-0.018846 -0.011721 -0.096673
0.004398 -0.036492 -0.116635
0.019423 -0.000589 -0.105042
-0.000846 0.009837 -0.036767
0.007298 -0.037634 -0.126055
0.000141 -0.028021 -0.090375
0.005004 -0.00843 -0.030098
0.012482 -0.000589 -0.042101
-0.004903 0.017646 -0.058121
0.029732 -0.002152 -0.122356
0.002561 -0.013513 -0.034316
0.009306 -0.013369 -0.06462
0.005004 -0.03768 -0.131457
0.001065 -0.027317 -0.110431
-0.014008 0.005884 -0.04974
-0.015527 0.014505 -0.04342
0.002012 0.026608 -0.069509
0.012782 -0.021746 -0.081085
-0.028212 0.02678 -0.123121
0.012619 0.001036 -0.058101
0.023328 0.002661 -0.118493
0.0232 -0.003592 -0.112112
0.023407 0.009206 -0.086321
0.003917 0.011903 -0.058573
0.005224 0.024059 -0.114317
-0.026451 0.027922 -0.115761
0.00438 0.025143 -0.12023
0.005662 0.014028 -0.06541
-0.014486 0.003552 -0.052158
0.01015 -0.027151 -0.114929
-0.018298 -0.009663 -0.068385
0.010588 -0.034316 -0.117147
0.027084 -0.002152 -0.057778
-0.004432 0.027962 -0.099747
-0.009941 0.009996 -0.026112
-0.003091 0.019704 -0.096358
0.003849 0.027923 -0.078856
0.003648 -0.016856 -0.082235
0.006432 0.028763 -0.09751
0.008343 -0.019685 -0.094268
0.009862 -0.010895 -0.034932
0.012453 0.002661 -0.049764
0.008726 -0.030248 -0.083545
-0.028734 -0.006356 -0.132962
0.026837 -0.002152 -0.122721
-0.021245 0.026006 -0.091767
-0.006907 0.007459 -0.04222
-0.022424 -0.011575 -0.096109
0.020914 0.007963 -0.050326
-0.020137 0.023951 -0.080595
0.001065 -0.013657 -0.052332
0.005485 -0.021383 -0.048627
-0.01589 0.002748 -0.077764
-0.022396 0.001198 -0.087417
-0.023676 0.000267 -0.088892
0.003917 0.031417 -0.101436
0.020492 -0.007135 -0.071243
0.032525 0.002661 -0.103389
-0.015461 -0.007295 -0.103701
0.009306 -0.021583 -0.099558
0.032721 0.001036 -0.103915
0.031915 -0.002152 -0.109051
0.010948 -0.01831 -0.081893
0.018576 -0.003592 -0.035048
0.004398 -0.009618 -0.04492
-0.007634 0.013421 -0.038714
-0.004903 0.025673 -0.101889
-0.017998 -0.011505 -0.093402
0.005287 -0.027539 -0.121144
-0.015618 -0.010687 -0.081292
-0.009797 0.007991 -0.057247
0.006211 -0.021241 -0.048023
0.025816 -0.004855 -0.111894
0.027972 -0.005891 -0.086841
0.0124 -0.020487 -0.081381
-0.028364 -0.009258 -0.1179
-0.012007 -0.007989 -0.051764
0.023328 -0.000589 -0.118493
0.000362 0.024139 -0.120543
0.002372 0.013874 -0.075026
-0.010536 0.003311 -0.042138
0.030621 -0.003592 -0.111176
0.027923 0.007963 -0.099695
-0.011922 -0.008511 -0.058849
0.007856 0.022982 -0.079762
0.026402 -0.003592 -0.118105
0.007356 0.019046 -0.058299
0.001474 -0.01831 -0.081893
0.010857 -0.033592 -0.11972
-0.010514 0.014283 -0.037141
-0.017873 0.023155 -0.074361
-0.01592 -0.009511 -0.100103
-0.019108 0.025444 -0.086808
-0.007558 0.009996 -0.0265
0.025103 0.007963 -0.104325
0.003697 -0.017849 -0.08646
-0.004785 0.017175 -0.070173
0.007493 -0.030142 -0.081384
-0.00336 0.015709 -0.040103
-0.021614 0.013479 -0.094035
0.016216 -0.000589 -0.026828
-0.004785 0.020955 -0.090788
-0.015593 0.003376 -0.054998
0.008279 -0.023623 -0.108233
-0.011192 -0.007635 -0.072638
0.011929 -0.030327 -0.100184
-0.02678 -0.002767 -0.10091
-0.014713 0.012404 -0.085644
0.02748 0.007963 -0.102396
0.006711 -0.032034 -0.089431
-0.001083 0.028017 -0.129291
-0.007043 -0.003037 -0.042263
0.019654 0.001036 -0.029327
7.8e-05 0.009562 -0.028663
-0.025176 -0.010475 -0.133251
0.008843 -0.019976 -0.046387
-0.006623 0.011443 -0.034645
-0.019143 -0.011599 -0.103849
0.025108 -0.002152 -0.12023
0.003417 0.013166 -0.068995
-0.01024 -0.000329 -0.024982
0.005662 0.029292 -0.0946
-0.026555 0.022163 -0.097889
0.028398 0.004224 -0.123439
0.002773 -0.020305 -0.094122
-0.014013 0.019232 -0.055521
0.016809 -0.004855 -0.077293
0.001541 0.026302 -0.067843
-0.019778 0.001762 -0.092771
-0.014456 -0.010099 -0.081519
0.01761 0.002661 -0.096532
0.001565 -0.020146 -0.089701
-0.001229 0.010834 -0.02843
-0.015952 -0.010367 -0.071687
-0.008784 -0.005901 -0.048018
-0.017034 0.022417 -0.070423
0.021518 0.009206 -0.080546
-0.003451 0.029075 -0.120441
0.026173 0.007963 -0.070527
-0.013705 -0.007817 -0.092433
0.019874 0.007963 -0.048828
-0.010104 -0.00689 -0.047738
-0.026673 0.020388 -0.117125
0.023624 -0.000589 -0.040696
-0.000527 0.030761 -0.09433
-0.026242 -0.004739 -0.091509
-0.00386 0.02123 -0.098891
0.030329 0.001036 -0.126128
-0.015451 0.021547 -0.065875
0.020688 0.008732 -0.057463
-0.016994 0.008808 -0.071188
0.009933 -0.034119 -0.127835
0.002568 0.033071 -0.134771
0.021633 0.001036 -0.033839
-0.027365 -0.004127 -0.102008
0.013538 0.002661 -0.067845
-0.023819 0.024536 -0.091621
-0.019666 -0.011738 -0.091863
0.014356 0.005664 -0.041977
7.8e-05 0.029092 -0.083055
0.004936 0.031535 -0.126396
-0.027592 0.021296 -0.108036
0.000786 0.026419 -0.068478
0.025252 0.007963 -0.065272
0.006432 0.014556 -0.0625
0.023574 0.008732 -0.094658
0.007004 0.015357 -0.060262
-0.02197 0.01211 -0.078026
-0.014688 0.01946 -0.056673
-0.016575 0.008554 -0.069851
-0.024768 0.02567 -0.132659
0.009862 -0.018918 -0.088224
-0.020342 0.027922 -0.116756
0.004787 -0.021804 -0.050416
0.011357 -0.032453 -0.109223
0.030972 -0.003592 -0.105803
0.019363 0.001036 -0.105599
-0.009074 0.013575 -0.068395
0.008024 -0.036492 -0.116635
0.00056 0.010308 -0.049878
0.007298 -0.031078 -0.085365
0.004936 0.014886 -0.07484
-0.000233 -0.021818 -0.069641
0.004936 0.017159 -0.087237
0.003654 0.01386 -0.072779
0.002489 -0.028634 -0.079466
-0.01754 -0.005256 -0.113515
-0.001083 0.016932 -0.089528
-0.019198 0.017334 -0.058451
0.009862 -0.035215 -0.126623
0.031607 -0.002152 -0.093645
-0.020435 -0.005247 -0.060026
0.025108 0.004224 -0.12023
-0.007564 0.000786 -0.044816
0.001286 0.019038 -0.038689
0.005125 -0.030179 -0.127808
0.004929 -0.011564 -0.026028
-0.003091 0.014028 -0.06541
-0.010488 0.009273 -0.064217
0.025554 0.002661 -0.048112
0.018141 -0.002152 -0.030432
0.019951 0.008732 -0.080744
0.023459 0.009206 -0.072607
0.002773 -0.010266 -0.037906
0.004724 0.016198 -0.0356
0.004143 -0.011329 -0.055945
0.0313 0.002661 -0.122158
-0.017488 0.008411 -0.06671
0.006711 -0.018872 -0.092526
-0.021441 -0.012024 -0.110559
0.010843 -0.025474 -0.107798
-0.01533 0.009489 -0.037247
-0.013029 0.005553 -0.048068
-0.015699 0.002886 -0.075814
0.004635 0.02121 -0.050533
0.02991 0.004224 -0.075641
0.001786 0.026419 -0.068478
0.003099 0.025085 -0.063382
0.024241 0.009206 -0.085643
-0.002365 0.031535 -0.126397
0.014648 0.001036 -0.027025
0.020922 -0.007135 -0.076774
0.001286 0.011383 -0.059269
-0.017929 0.003033 -0.069315
0.003117 -0.013369 -0.06462
0.024392 0.008732 -0.06879
-0.026933 -0.008026 -0.100525
0.001786 0.01312 -0.070917
0.022656 -0.007135 -0.084914
0.003697 -0.033803 -0.132369
0.0038 0.032485 -0.131579
-0.012309 0.005082 -0.034901
-0.016307 0.007147 -0.056344
0.023646 0.001036 -0.039993
-0.015557 0.008209 -0.068112
-0.014651 0.019518 -0.100319
0.005917 0.020582 -0.052898
0.030972 0.005664 -0.105803
-0.024149 -0.006617 -0.080202
-0.00336 0.025007 -0.071237
-0.000846 0.025694 -0.066698
-0.014889 0.022417 -0.070773
-0.021122 0.025624 -0.125447
0.008843 -0.033861 -0.101699
0.017873 -0.000589 -0.02759
-0.013676 0.017159 -0.047699
0.001286 0.019409 -0.103037
0.005125 -0.015032 -0.076191
-0.02031 -0.011664 -0.09111
0.015274 -0.004855 -0.051721
0.029008 -0.003592 -0.117777
-0.025856 -0.001463 -0.099061
-0.008091 0.000204 -0.052955
-0.01016 0.01897 -0.06896
-0.015548 0.024771 -0.089452
0.002372 0.033979 -0.125948
-0.013552 -0.002558 -0.092819
-0.012337 0.021698 -0.077813
0.019601 0.004224 -0.10339
0.021331 0.001036 -0.11316
-0.015142 0.008554 -0.070084
-0.026128 0.028513 -0.133038
0.0149 0.005664 -0.069175
0.00858 -0.031203 -0.087608
-0.020944 0.01897 -0.067204
0.002568 0.030425 -0.135256
-0.023031 -0.011158 -0.125407
0.014456 0.001036 -0.077589
-0.016605 0.003232 -0.071451
-0.013121 0.006933 -0.059255
-0.006305 0.008724 -0.02694
0.006466 -0.01902 -0.093154
-0.011347 0.006079 -0.026611
-0.000846 0.013166 -0.068995
0.028841 0.006927 -0.109439
0.004904 -0.036106 -0.136286
0.012281 -0.016752 -0.059843
0.002568 0.015409 -0.083401
0.023574 -0.006661 -0.094658
0.026405 0.008732 -0.087038
0.018141 0.004224 -0.030432
0.006211 -0.02704 -0.068189
-0.022222 -0.000655 -0.070283
0.007419 -0.00843 -0.030098
-0.004903 0.019065 -0.080481
0.021571 0.009206 -0.066832
-0.017572 0.007991 -0.055981
-0.012798 0.014847 -0.039888
0.002593 0.028309 -0.078785
0.005956 -0.02709 -0.068401
-0.014206 0.015533 -0.043444
0.005287 -0.037028 -0.118913
0.00523 -0.02455 -0.05931
0.029724 0.006927 -0.095908
-0.025268 0.016475 -0.095733
-0.0291 -0.008635 -0.127398
-0.015867 -0.009156 -0.060491
-0.015843 0.008248 -0.068282
0.023737 -0.007135 -0.086472
0.008279 -0.022487 -0.053322
-0.024911 -0.009983 -0.095819
-0.02722 0.028315 -0.131768
-0.019026 0.024691 -0.082659
-0.008562 0.001734 -0.048578
0.005917 0.022738 -0.107112
0.024846 -0.003592 -0.115863
-0.019938 -0.007856 -0.064823
0.003654 0.015303 -0.030718
0.00438 0.018176 -0.039779
-0.007193 -0.002116 -0.029754
-0.021976 -0.007197 -0.070938
0.026232 -0.006661 -0.092501
-0.019572 -0.004349 -0.119648
0.025088 -0.003592 -0.052445
-0.013821 0.006627 -0.057454
-0.014888 0.024008 -0.096024
0.019488 -0.006661 -0.057614
-0.017828 -0.010797 -0.104115
0.008775 -0.029254 -0.07932
0.006211 -0.015719 -0.032843
-0.022426 0.017094 -0.110297
0.002561 -0.030076 -0.0856
-0.01942 0.009801 -0.059815
0.002273 -0.033027 -0.101896
-0.014823 0.003608 -0.060249
0.020736 -0.007135 -0.06751
-0.025234 0.020234 -0.087444
-0.017102 0.014504 -0.096858
-0.024275 -0.003667 -0.128513
0.01551 0.006927 -0.063513
-0.009401 0.011951 -0.030308
-0.023958 -0.009451 -0.08818
0.005125 -0.015931 -0.033748
0.003697 -0.012307 -0.029187
0.008343 -0.026425 -0.067287
0.00773 0.01833 -0.069305
0.001286 0.010051 -0.024161
0.012655 -0.02691 -0.091299
0.019051 -0.006661 -0.058791
-0.008989 -0.001722 -0.025087
0.001286 0.033123 -0.110741
0.008775 -0.016856 -0.082235
0.030695 -0.003592 -0.091938
-0.015383 -0.004614 -0.103898
0.003917 0.0107 -0.047262
-0.027259 0.028451 -0.125245
-0.017018 0.01623 -0.101593
0.021699 0.004224 -0.037092
-0.021374 -0.010895 -0.121156
-0.013119 -0.004949 -0.036751
0.002267 0.031631 -0.099074
0.00221 0.026862 -0.070896
0.010857 -0.025964 -0.071855
-0.000139 0.021406 -0.110391
-0.027016 -0.003352 -0.125303
0.007856 0.020337 -0.080247
0.018996 0.008732 -0.07317
-0.016762 0.022731 -0.110172
0.001286 0.017056 -0.092381
2.2e-05 -0.017963 -0.059119
-0.010433 -0.004786 -0.033457
0.023132 -0.005891 -0.056252
0.030621 0.005664 -0.111176
0.002012 0.021737 -0.112199
-0.021471 0.001627 -0.081198
-0.02278 -0.008905 -0.080265
-0.002436 0.03038 -0.127553
0.003353 0.032141 -0.105387
-0.020555 -0.002484 -0.058477
-0.001083 0.026387 -0.070481
0.002593 0.01501 -0.081224
0.003843 -0.031845 -0.129689
-0.004284 0.015833 -0.048234
-0.014111 -0.002225 -0.033986
0.003697 -0.030248 -0.083545
0.012281 -0.022886 -0.091582
0.015858 0.001036 -0.087466
-0.00386 0.029637 -0.108881
-0.000139 0.03268 -0.108323
-0.0195 0.012145 -0.089216
0.004929 -0.030142 -0.081384
-0.006233 0.008309 -0.039762
0.011357 -0.015093 -0.063646
0.004936 0.028434 -0.085169
-0.009219 0.014847 -0.04047
0.031943 0.004224 -0.101834
-0.020613 0.010664 -0.070254
-0.01517 0.008808 -0.071485
0.005956 -0.013928 -0.071496
-0.016042 0.023953 -0.07907
-0.027154 -0.008166 -0.138632
0.027177 -0.004855 -0.068877
-0.003346 0.022738 -0.107112
-0.015372 -0.005988 -0.104239
-0.013411 0.011443 -0.033539
0.001065 -0.023561 -0.099662
0.002568 0.012894 -0.024753
0.004724 0.027121 -0.124409
0.007419 -0.032545 -0.132665
0.013981 -0.003592 -0.053846
-0.002365 0.014886 -0.07484
-0.001278 0.027923 -0.078856
-0.002365 0.017159 -0.087237
0.021404 0.008732 -0.058495
0.000362 0.026862 -0.070896
-0.003346 0.030271 -0.10573
-0.018903 0.0255 -0.11757
-0.014124 0.001328 -0.082356
0.004904 -0.016474 -0.082325
0.006211 -0.037916 -0.132462
-0.008101 0.005082 -0.035586
0.022715 0.009206 -0.06944
-0.002653 0.01926 -0.045692
-0.020506 0.011424 -0.082863
-0.008773 -0.000306 -0.024085
-0.020309 0.002215 -0.081425
0.007493 -0.016981 -0.084479
0.003117 -0.035982 -0.119028
0.023558 0.004224 -0.042778
0.006211 -0.02772 -0.121913
-0.011096 0.019305 -0.059975
-0.022809 -0.003523 -0.125966
-0.011511 0.00321 -0.055642
0.019161 -0.004855 -0.041259
0.009306 -0.032741 -0.096935
-0.013198 0.001757 -0.076137
0.000199 0.033979 -0.125948
0.028398 -0.002152 -0.123439
-0.018845 0.018861 -0.061075
-0.001809 0.025143 -0.12023
0.032496 0.002661 -0.111052
0.008843 -0.012249 -0.059856
0.024699 0.006927 -0.056054
-0.016203 0.001137 -0.043454
0.012782 -0.025651 -0.091819
-0.02023 -0.006597 -0.062054
-0.012911 0.020938 -0.065128
-0.028884 -0.005435 -0.120454
0.001286 0.031937 -0.10074
-0.013996 -0.000819 -0.033158
0.013062 0.004224 -0.044102
-0.017525 -0.00383 -0.111749
0.017418 -0.005891 -0.071631
-0.020661 0.022542 -0.076301
-0.01599 -0.000616 -0.097894
0.006432 0.022089 -0.061118
-0.011778 -0.001855 -0.082514
-0.023394 -0.005056 -0.130806
0.003648 -0.029254 -0.07932
-0.01143 0.00283 -0.034763
0.008343 -0.032083 -0.091353
-0.015749 0.006972 -0.044784
0.006211 -0.010083 -0.050646
-0.01328 0.008411 -0.067396
0.001286 0.009376 -0.027648
0.02429 0.008732 -0.09569
-0.014505 -0.000106 -0.090338
0.030077 -0.003592 -0.083978
-0.004284 0.025426 -0.079314
0.005711 -0.02185 -0.103477
0.009862 -0.030076 -0.0856
-0.004177 0.019594 -0.089972
-0.018309 -0.000535 -0.049398
-0.017654 -0.011317 -0.085328
0.002267 0.024215 -0.058638
0.020498 -0.007135 -0.069719
0.001031 0.017017 -0.092166
-0.026378 -0.005237 -0.134465
0.002372 0.026445 -0.12733
0.007419 -0.017468 -0.08655
0.005008 0.016023 -0.081038
0.027559 0.007963 -0.081522
0.003843 -0.009129 -0.033074
0.018353 -0.003592 -0.093494
-0.022474 0.028972 -0.116344
0.019423 0.002661 -0.105042
-0.019657 0.014291 -0.05552
-0.01945 -0.010923 -0.080661
0.022932 0.008732 -0.062577
0.029703 0.006927 -0.101432
0.008279 -0.034781 -0.10561
-0.028494 -0.009747 -0.124627
-0.002064 0.031697 -0.107718
0.014005 -0.003592 -0.04735
-0.004177 0.027127 -0.08859
-0.016545 -0.010877 -0.078884
-0.009147 -0.005705 -0.061806
-0.021717 0.01622 -0.065844
0.000199 0.029446 -0.084983
0.010843 -0.03293 -0.106045
0.016945 0.006927 -0.041539
-0.020294 0.014577 -0.100318
-0.015977 0.024704 -0.085432
0.016579 -0.002152 -0.029714
-0.007586 -0.003985 -0.037704
-2.1e-05 0.028309 -0.078785
0.000748 -0.028941 -0.089082
-0.000233 -0.024292 -0.091915
-0.007603 -0.003654 -0.050902
-0.026874 0.024882 -0.105593
-0.002153 0.013793 -0.06888
-0.022109 0.000919 -0.099826
-0.004903 0.024254 -0.079529
0.025554 -0.000589 -0.048112
-0.01893 0.001775 -0.092253
0.01682 0.007963 -0.057048
0.017055 -0.005891 -0.053458
-0.013839 -0.007779 -0.049619
0.0232 0.005664 -0.112112
-0.00336 0.015419 -0.072995
0.032496 -0.000589 -0.111052
0.001286 0.009173 -0.033147
-0.018856 0.012262 -0.089964
-0.027407 -0.005119 -0.13326
0.011929 -0.015783 -0.061372
0.0313 -0.000589 -0.122158
0.02167 0.006927 -0.102445
0.032692 0.001036 -0.111727
-0.022093 0.028368 -0.108257
-0.008484 -0.001664 -0.060905
0.005662 0.031105 -0.116887
0.004929 -0.015968 -0.080171
-0.023572 -0.00783 -0.080212
-0.024914 0.026942 -0.104734
0.010857 -0.030974 -0.120336
0.006211 -0.024869 -0.113532
0.002372 0.016874 -0.03268
-0.013285 0.021632 -0.0689
-0.016091 -0.010593 -0.074826
-0.013147 0.000433 -0.082452
0.005932 0.02761 -0.119907
-0.001346 0.031417 -0.101436
-0.000846 0.033483 -0.123243
0.000305 0.031631 -0.099074
-0.019227 0.011038 -0.083143
-0.024488 -0.005313 -0.080238
0.006937 -0.035885 -0.110305
0.001835 -0.01693 -0.043201
0.015019 -0.003592 -0.037934
0.023307 -0.004855 -0.050708
7.8e-05 0.033757 -0.131346
0.007856 0.019614 -0.068848
-0.023114 0.026594 -0.130477
-0.024021 -0.011038 -0.098136
0.0038 0.013479 -0.027945
-0.013646 0.011267 -0.079538
-0.017412 0.003083 -0.073808
-0.024366 0.023813 -0.129727
0.011357 -0.013657 -0.052332
-0.006905 -0.002518 -0.035122
-0.017313 0.025001 -0.08465
0.000493 -0.025192 -0.101391
0.001835 -0.021911 -0.097208
-0.008996 0.01622 -0.067916
-0.012239 -0.00886 -0.063743
-0.010071 -0.007009 -0.063656
-0.025724 -0.001208 -0.10983
-0.026779 0.020918 -0.098524
-0.01588 0.013497 -0.091492
-0.009726 0.014425 -0.038056
-0.001229 0.028706 -0.083125
0.006211 -0.011764 -0.060577
-0.009884 -0.005083 -0.071304
0.018576 0.005664 -0.035048
0.022964 -0.005891 -0.10032
-0.017592 0.008927 -0.048591
-0.020008 0.001038 -0.062613
-0.003091 0.017403 -0.042171
-0.012157 -0.001915 -0.028972
0.004398 -0.020457 -0.09755
0.022014 -0.005891 -0.052833
-0.017244 -0.011176 -0.083244
-0.000527 0.025085 -0.063382
0.011674 -0.031615 -0.111309
-0.026333 0.026837 -0.109789
-0.023236 -0.012133 -0.112759
0.005932 0.0279 -0.087014
0.028174 -0.005891 -0.091765
0.012281 -0.029358 -0.101712
-0.016785 0.003127 -0.058868
0.008024 -0.027003 -0.118866
0.008024 -0.032855 -0.094635
0.009306 -0.028527 -0.120781
0.00438 0.010643 -0.041161
-0.011606 -0.006316 -0.040504
-0.023478 -0.010647 -0.092581
-0.001346 0.0107 -0.047262
-0.027757 0.022731 -0.108382
-0.008244 -0.005055 -0.052569
0.016216 0.002661 -0.026828
0.026006 0.006927 -0.062189
0.00221 0.013563 -0.073335
-0.022866 0.023145 -0.084091
0.002862 -0.024964 -0.110191
-0.007525 -0.000973 -0.051099
0.002489 -0.017476 -0.082089
0.024056 0.009206 -0.076379
0.004398 -0.013255 -0.06692
0.026042 -0.005891 -0.104757
-0.016787 0.001442 -0.09058
-0.027554 0.021161 -0.114558
-0.006942 -0.000708 -0.028843
0.008024 -0.025653 -0.064005
0.005711 -0.014076 -0.072124
-0.005158 0.024989 -0.090704
-0.007879 0.012615 -0.034222
-0.007528 0.012891 -0.057314
0.001286 0.011172 -0.022819
0.003099 0.019602 -0.041767
0.015067 0.004224 -0.077512
0.010588 -0.021911 -0.097208
-0.028222 -0.010125 -0.129683
-0.021553 -0.004763 -0.126082
0.005711 -0.02426 -0.058078
0.023042 -0.007135 -0.085795
0.008343 -0.029549 -0.12513
0.016804 -0.005891 -0.061388
0.002593 0.011374 -0.023918
-0.024958 -0.008472 -0.089519
0.023624 0.002661 -0.040696
-0.018248 0.023554 -0.076506
-0.018083 -0.011445 -0.087241
-0.007857 0.005887 -0.040078
-0.018765 0.022385 -0.072168
-0.021722 0.000657 -0.103242
-0.00598 0.009489 -0.03877
-0.021316 -0.010777 -0.084778
0.003843 -0.018805 -0.090523
-0.010819 -0.006406 -0.041426
-0.018751 0.0256 -0.087727
-0.024684 0.029391 -0.124167
-0.027589 -0.005492 -0.102313
-0.018934 -0.011642 -0.090268
0.006211 -0.037209 -0.119682
0.007356 0.016401 -0.058784
0.00221 0.029756 -0.086674
-0.000782 0.022452 -0.052555
-0.008521 -0.003353 -0.029456
0.014057 -0.002152 -0.068352
0.007635 -0.010646 -0.05304
0.000199 0.026445 -0.12733
0.000362 0.013563 -0.073335
-0.017577 0.009867 -0.046526
0.030367 -0.000589 -0.075583
0.023451 -0.003592 -0.046159
0.006937 -0.010225 -0.05125
0.005485 -0.027477 -0.07005
0.028033 0.006927 -0.111615
0.00221 0.016457 -0.089113
-0.011352 -0.004505 -0.082401
0.000305 0.024215 -0.058638
0.007493 -0.037164 -0.134912
0.001786 0.019332 -0.102617
0.010857 -0.015136 -0.041219
0.021846 -0.005891 -0.096901
0.013981 0.005664 -0.053846
-0.021919 0.012404 -0.084471
0.005224 0.012746 -0.058419
0.006937 -0.031794 -0.088411
-0.004177 0.023725 -0.070038
0.021518 -0.007135 -0.080546
0.000786 0.0169 -0.091531
-0.016735 0.025818 -0.099858
-0.003346 0.013048 -0.054279
-0.013024 -0.007766 -0.04912
0.011781 -0.030448 -0.112221
0.007856 0.023706 -0.091161
-0.014033 0.000456 -0.034182
-0.026597 0.029002 -0.128399
0.025489 0.008732 -0.095539
0.031943 -0.002152 -0.101834
-0.017629 0.001191 -0.094332
-0.008475 0.012119 -0.031384
0.018026 -0.005891 -0.077139
0.025927 0.008732 -0.094362
-0.011193 0.007215 -0.025362
-0.026123 0.018018 -0.097425
0.003917 0.020288 -0.045504
0.00438 0.030534 -0.096622
0.003417 0.017626 -0.093311
0.000141 -0.018089 -0.07118
0.022263 -0.007135 -0.083714
0.018133 -0.005891 -0.049047
0.004929 -0.016981 -0.084479
0.00858 -0.036981 -0.128482
0.029405 0.006927 -0.106001
-0.022737 0.023262 -0.126946
-0.027366 -0.010206 -0.114139
0.019415 -0.006661 -0.076964
-0.019134 0.009858 -0.074435
-0.004785 0.016401 -0.058784
-0.003091 0.031105 -0.116887
0.023094 -0.004855 -0.106797
-0.028069 -0.004866 -0.130068
-0.021556 0.014349 -0.098851
0.000199 0.016874 -0.03268
-0.025721 0.023999 -0.130535
0.009862 -0.013513 -0.034316
0.002593 0.031946 -0.136091
0.006937 -0.024727 -0.112928
0.000748 -0.028997 -0.111924
-0.019724 -0.009609 -0.119262
0.019708 -0.000589 -0.030234
-0.02033 0.020252 -0.068519
0.030788 0.004224 -0.119514
0.000362 0.016457 -0.089113
0.004724 0.03231 -0.123458
-0.023606 0.016112 -0.10468
-0.023567 -0.011858 -0.120866
-0.004785 0.024273 -0.101711
-0.015115 0.006423 -0.052534
-0.017764 0.002635 -0.081862
0.017783 0.001036 -0.02663
-0.015326 0.010954 -0.037789
-0.014947 0.021547 -0.065957
-0.001809 0.018176 -0.039779
0.017055 0.007963 -0.053458
-0.019394 -0.011194 -0.11016
0.012782 -0.024364 -0.08047
0.017873 0.002661 -0.02759
-0.008448 0.008293 -0.053273
-0.018036 0.013479 -0.094618
0.002568 0.02791 -0.076609
0.028942 -0.004855 -0.082871
-0.024735 -0.000837 -0.090078
0.005287 -0.01831 -0.090132
-0.000139 0.021914 -0.049619
0.00158 -0.03293 -0.106045
0.012708 0.001036 -0.034964
-0.028403 -0.007499 -0.111618
0.013505 0.001036 -0.030102
-0.023039 0.025085 -0.129707
0.006856 0.027486 -0.111775
0.008843 -0.023407 -0.057232
-0.023924 -0.00797 -0.134671
-0.02561 0.029224 -0.123091
-0.019948 0.001998 -0.089609
0.003654 0.010114 -0.03167
0.005485 -0.014316 -0.073144
0.006211 -0.036027 -0.110909
0.001031 0.026302 -0.067843
0.029008 0.005664 -0.117777
-0.006095 0.007029 -0.032717
-0.020404 0.00205 -0.075001
-0.026206 0.028727 -0.120253
-0.01518 0.024536 -0.093028
-0.020912 0.027104 -0.09789
-0.018301 0.026942 -0.105811
-0.012721 0.010131 -0.073409
-0.013951 -0.001275 -0.091779
0.011674 -0.028941 -0.089082
-0.021027 0.025398 -0.088443
-0.002153 0.027121 -0.124409
-0.023547 -0.010315 -0.13042
0.004904 -0.029636 -0.07923
-0.01157 0.010547 -0.028893
0.023279 -0.002152 -0.116061
-0.016881 0.024691 -0.083008
-0.027238 -0.010987 -0.124743
0.016975 0.005664 -0.085631
0.020585 -0.006661 -0.084363
-0.020631 0.01665 -0.108139
0.0124 -0.025623 -0.080174
0.006211 -0.037847 -0.126959
0.001031 0.013004 -0.070282
0.00858 -0.014907 -0.073947
0.000199 0.027172 -0.072587
0.022964 0.007963 -0.10032
-0.011595 0.005553 -0.048301
-0.023145 0.00078 -0.093419
-0.01159 0.002916 -0.059687
0.007635 -0.02109 -0.100243
0.015245 0.004224 -0.030797
-0.010779 0.018422 -0.055149
-0.004432 0.022773 -0.100699
-0.013531 -0.00967 -0.0753
0.008843 -0.010487 -0.048618
-0.00336 0.018312 -0.088773
0.032082 0.002661 -0.117389
-0.001229 0.013479 -0.027945
0.006711 -0.011862 -0.060993
-0.028469 0.025624 -0.124251
-0.012591 0.017589 -0.089994
0.013452 0.004224 -0.038132
0.00438 0.02406 -0.06132
-0.016717 0.025516 -0.104055
-0.016954 0.023684 -0.076692
0.015019 0.005664 -0.037934
-0.021803 -0.0098 -0.08036
-0.006017 0.009675 -0.032238
-0.018387 -0.003216 -0.049202
0.007475 0.019065 -0.08048
-0.021084 0.024134 -0.124774
-0.010239 -0.001142 -0.072173
-0.01545 0.019831 -0.058597
-0.017572 -0.006643 -0.114045
0.021571 -0.007135 -0.066832
0.002862 -0.034453 -0.10796
0.016137 -0.004855 -0.043714
-0.021706 -0.010023 -0.125697
0.007192 -0.012151 -0.062225
0.022161 -0.006661 -0.060221
-0.009821 0.002828 -0.048451
0.005711 -0.027238 -0.069029
-0.022375 -0.005914 -0.069898
-0.015462 0.014948 -0.094764
0.00858 -0.018805 -0.090523
0.014283 0.005664 -0.061215
0.00408 -0.014027 -0.070202
0.008343 -0.009105 -0.038178
-0.016434 0.010654 -0.081477
-0.014173 -0.00891 -0.091219
0.002372 0.027172 -0.072587
-0.021846 0.014858 -0.065852
-0.028567 -0.006196 -0.112311
0.008775 -0.035349 -0.133065
-0.024576 -0.003967 -0.080316
0.023279 0.004224 -0.116061
0.030695 0.005664 -0.091938
0.002493 0.009562 -0.028663
-0.016559 -0.005585 -0.046792
0.012281 -0.028021 -0.090375
0.00523 -0.033959 -0.09933
-0.009507 -0.004892 -0.034541
0.024414 0.009206 -0.080181
-0.01238 0.001843 -0.032296
-0.00943 0.006619 -0.022352
-0.002653 0.020986 -0.103349
-0.009036 0.001211 -0.055902
-0.018382 -0.007393 -0.057889
0.001286 0.032147 -0.13719
0.001541 0.017017 -0.092166
0.026845 -0.005891 -0.104106
0.007298 -0.015931 -0.033748
0.017966 -0.004855 -0.04071
0.022816 0.008732 -0.092932
0.011674 -0.017169 -0.072474
-0.001229 0.014613 -0.076884
-0.012087 0.012615 -0.033537
-0.01914 -0.009914 -0.072137
0.022489 -0.007295 -0.076577
0.021419 0.004224 -0.110375
-0.012639 0.019831 -0.059055
0.029732 0.004224 -0.122356
0.000493 -0.015783 -0.061372
0.00056 0.033011 -0.110131
0.025614 0.001036 -0.047554
-0.007434 0.008927 -0.050245
0.018805 -0.005891 -0.082626
0.030997 -0.003592 -0.099307
-0.009514 0.017579 -0.055511
0.023099 0.009206 -0.070914
-0.022366 -0.011935 -0.10099
0.005287 -0.0278 -0.071423
0.009862 -0.032597 -0.127239
-0.002653 0.022334 -0.05666
-0.003346 0.020582 -0.052898
0.027084 0.004224 -0.057778
-0.019591 -0.010522 -0.115365
0.009561 -0.034453 -0.10796
-0.024005 3.9e-05 -0.103867
0.024018 0.009206 -0.086243
-0.026669 -0.002048 -0.107374
-0.018584 0.017354 -0.107546
-0.008338 -0.00298 -0.060404
0.00158 -0.01318 -0.05551
-0.003451 0.016866 -0.080884
0.011357 -0.023561 -0.099662
0.006711 -0.014076 -0.072124
-0.021227 0.02855 -0.114215
-0.018914 0.021161 -0.115965
0.026837 0.004224 -0.122721
-0.028002 0.025085 -0.128898
0.002773 -0.015401 -0.036698
0.018026 0.007963 -0.077139
0.003654 0.028017 -0.129291
-0.021109 -0.000597 -0.111396
0.001286 0.033869 -0.119562
-0.016852 0.002302 -0.084232
-0.006715 0.012513 -0.047803
-0.023339 0.01431 -0.077394
0.018133 0.007963 -0.049047
0.024064 0.007963 -0.102827
-0.015393 0.012648 -0.039874
-0.024101 0.014948 -0.093357
-0.00336 0.030256 -0.119421
0.002568 0.010249 -0.025238
-0.028962 -0.008116 -0.120257
-0.015281 0.009118 -0.07318
-0.026633 0.019518 -0.098368
-0.02469 0.028315 -0.13218
0.027011 0.006927 -0.112443
-0.012696 0.016827 -0.046027
0.005008 0.03038 -0.127553
-0.008101 0.007941 -0.022322
0.003117 -0.010128 -0.042527
-0.019322 -0.011704 -0.091265
-0.01598 -0.01047 -0.073107
-0.01663 -0.009277 -0.062448
-0.020282 1.2e-05 -0.060412
0.009933 -0.028634 -0.079466
-0.02017 -0.011717 -0.091784
-0.013506 0.003648 -0.050456
-0.022757 0.019384 -0.118079
-0.01409 -0.009834 -0.069048
-0.02642 -0.00358 -0.128175
0.031915 0.004224 -0.109051
-0.025391 -0.011783 -0.120579
-0.00336 0.02761 -0.119907
0.024493 -0.004855 -0.109987
-0.010324 0.002009 -0.059828
-0.018355 -0.001829 -0.048672
-0.008586 0.00981 -0.025304
-0.02311 0.027925 -0.105641
-0.001346 0.020288 -0.045504
0.008726 -0.036421 -0.131753
-0.016868 0.019693 -0.108187
-0.027837 -0.008676 -0.109762
-0.023274 0.027386 -0.102639
0.002267 0.011688 -0.060935
0.006856 0.015833 -0.048234
-0.025023 -0.005216 -0.133636
0.00408 -0.026425 -0.067287
0.006466 -0.013928 -0.071496
0.024225 0.007963 -0.060452
0.001286 0.016706 -0.031766
0.004724 0.018252 -0.093197
-0.024321 -0.002156 -0.122213
-0.017732 0.025255 -0.085988
-0.008184 0.015791 -0.058413
0.001286 0.014565 -0.026696
-0.026206 0.025868 -0.133516
0.018712 -0.006661 -0.069506
-0.019165 0.025255 -0.085755
-0.026555 0.019304 -0.111153
-0.021754 0.000438 -0.071497
0.027463 0.001036 -0.05623
-0.017262 0.002162 -0.086316
0.01989 -0.003592 -0.100708
0.014189 -0.002152 -0.03364
-0.012073 0.00359 -0.050682
0.007419 -0.03768 -0.131457
-0.012692 0.003661 -0.049958
-0.027143 -0.002571 -0.114698
0.002561 -0.016034 -0.075955
0.0038 0.016179 -0.085423
0.019725 0.007963 -0.087881
0.010857 -0.020146 -0.089701
0.017006 0.007963 -0.066312
4e-06 0.02791 -0.076609
-0.001229 0.02714 -0.074587
0.018353 0.005664 -0.093494
0.002273 -0.022572 -0.057429
-0.019655 0.001862 -0.065535
0.004936 0.011785 -0.033613
0.00056 0.021582 -0.047811
-0.021463 0.001632 -0.089842
0.014005 0.005664 -0.04735
-0.019112 -0.001477 -0.110872
0.003654 0.016932 -0.089528
-0.01953 0.011702 -0.086761
-0.014465 -0.010104 -0.072874
0.024397 0.009206 -0.084695
0.006211 -0.024162 -0.057662
-0.021423 -0.008366 -0.072378
0.006749 0.017268 -0.048602
0.007419 -0.013565 -0.028891
-0.014783 0.017697 -0.050494
-0.027483 -0.010647 -0.120193
-0.021152 -0.00326 -0.121715
-0.019787 -0.007205 -0.122594
-0.025603 -0.010481 -0.102889
0.007298 -0.017916 -0.088459
0.005662 0.017403 -0.042171
-0.008562 -0.004345 -0.060708
0.001565 -0.015136 -0.041219
-0.015795 0.021664 -0.066462
-0.001809 0.010643 -0.041161
-0.004284 0.017893 -0.080695
-0.001083 0.029459 -0.087231
0.001286 0.012964 -0.070068
0.002012 0.033011 -0.110131
-0.006965 -0.000356 -0.042459
0.006211 -0.032781 -0.133669
0.001474 -0.032464 -0.120797
0.008726 -0.017849 -0.08646
-0.014778 0.022107 -0.069078
0.026393 -0.006661 -0.090028
0.004724 0.011009 -0.036552
0.021879 -0.007135 -0.082239
-0.016602 0.022107 -0.068781
0.002273 -0.034606 -0.113176
0.011781 -0.019327 -0.081654
-0.011518 -0.00584 -0.082283
0.013371 -0.002152 -0.059508
0.003843 -0.027305 -0.071032
-0.02675 0.023813 -0.129339
0.019051 0.008732 -0.058791
0.006856 0.017893 -0.080695
0.002862 -0.021146 -0.051364
0.000493 -0.030327 -0.100184
0.002372 0.009341 -0.034061
0.016363 0.004224 -0.086637
-0.023195 0.026662 -0.098649
-0.010607 -0.007709 -0.059115
0.032168 0.002661 -0.094697
0.008726 -0.009689 -0.029802
0.022322 0.009206 -0.068239
-0.012643 -0.006332 -0.041138
0.000199 0.016147 -0.087422
0.006023 0.016866 -0.080884
-0.016271 0.02033 -0.061221
0.027923 -0.005891 -0.099695
-0.011545 0.020671 -0.078133
-0.009617 0.005494 -0.023659
-0.008697 0.004585 -0.032748
-0.022335 0.024771 -0.088346
-0.011652 -0.004805 -0.034203
0.006432 0.018871 -0.050177
0.007004 0.022773 -0.100699
0.007135 -0.031472 -0.087038
-0.007433 0.001275 -0.03809
-0.01308 0.005259 -0.041623
-0.027412 0.023262 -0.126185
0.002773 -0.031463 -0.091499
-0.019058 0.002556 -0.081649
-0.018512 0.012145 -0.089376
0.002267 0.019104 -0.101372
0.01015 -0.022572 -0.057428
0.008024 -0.019107 -0.042689
-0.024629 -0.000265 -0.096531
-0.002153 0.03231 -0.123458
0.006937 -0.018633 -0.091505
-0.021832 -0.011065 -0.088912
0.000641 -0.019327 -0.081654
0.003099 0.018234 -0.096628
-0.019138 0.025001 -0.084353
-0.016641 0.007803 -0.063489
0.003099 0.010014 -0.043526
0.005662 0.023616 -0.063651
-0.013818 -0.009391 -0.062891
0.019161 0.006927 -0.041259
0.004724 0.025067 -0.066813
-0.008994 -0.000446 -0.062192
0.021884 0.006927 -0.046356
-0.024213 0.029002 -0.128788
-0.016006 0.006867 -0.050028
-0.026081 0.017982 -0.10393
-0.02803 -0.006625 -0.136351
0.025981 -0.006661 -0.079983
-0.00336 0.0279 -0.087014
-0.009849 0.000626 -0.064215
0.009561 -0.021146 -0.051364
-0.012513 0.020234 -0.089515
-0.017463 0.022771 -0.072308
-0.011197 0.005884 -0.050198
-0.019745 0.012891 -0.055325
0.013452 -0.002152 -0.038132
0.001286 0.033268 -0.135849
-0.017667 0.026006 -0.09235
0.0124 -0.028147 -0.102436
-0.013223 0.009675 -0.031065
-0.019524 0.016112 -0.105345
0.006711 -0.027238 -0.069029
-0.006132 0.007215 -0.026186
-0.015543 0.011424 -0.083671
-0.001809 0.030534 -0.096622
0.007518 -0.029636 -0.07923
0.00271 0.021914 -0.049619
-0.012693 0.02033 -0.061804
-0.007048 0.005358 -0.030593
0.000786 0.01312 -0.070917
-0.019953 -0.011742 -0.092038
0.009862 -0.016034 -0.075955
0.006432 0.024448 -0.109833
-0.027515 0.023942 -0.107557
0.00773 0.022344 -0.091189
-0.022656 -0.003206 -0.069162
0.002561 -0.032597 -0.127239
7.8e-05 0.027526 -0.074516
-0.016356 -0.004123 -0.043069
-0.018333 0.015387 -0.101536
-0.025898 -0.01159 -0.118136
0.005004 -0.015481 -0.0781
-0.019075 -0.010774 -0.078485
0.00965 -0.035844 -0.12365
0.008843 -0.035623 -0.112937
-0.013026 0.019232 -0.055681
0.024056 -0.007135 -0.076379
-0.017117 -0.0083 -0.05803
0.000305 0.011688 -0.060935
0.007493 -0.008946 -0.026643
-0.014439 0.023168 -0.077198
0.004724 0.029527 -0.091129
0.028169 -0.004855 -0.07586
0.017498 -0.005891 -0.050757
-0.026428 0.021194 -0.121616
0.030367 0.002661 -0.075583
-0.00386 0.024448 -0.109833
-0.023465 0.029224 -0.12344
-0.021997 0.000762 -0.10192
-0.021665 -0.012088 -0.102811
-0.022478 -0.011778 -0.098895
-0.017537 0.00803 -0.061021
-0.015343 0.023155 -0.074773
-0.002365 0.028434 -0.085169
-0.029138 -0.006825 -0.12112
0.013362 0.001036 -0.067674
-0.003091 0.012214 -0.043122
-0.020679 -0.010482 -0.080494
0.005485 -0.010225 -0.05125
0.026402 0.005664 -0.118105
-0.027401 0.02635 -0.113619
0.003654 0.026387 -0.070481
-0.01881 -0.000172 -0.104686
-0.014787 -0.009823 -0.089626
0.005287 -0.014638 -0.074517
0.00056 0.03001 -0.088061
-0.023528 0.015387 -0.10069
-0.007752 0.014505 -0.044686
-0.017855 0.009472 -0.074715
-0.018265 0.009856 -0.076769
-0.022089 -0.000693 -0.113098
-0.017705 0.011702 -0.087058
0.006937 -0.021383 -0.048627
0.001541 0.013004 -0.070282
-0.018515 -0.011555 -0.088909
-0.002436 0.016023 -0.081039
-0.025296 0.018276 -0.111549
0.01291 -0.023055 -0.080778
-0.017188 0.012871 -0.091396
0.000141 -0.023224 -0.069973
-0.01833 0.009105 -0.070407
-0.002365 0.01443 -0.033128
-0.011882 0.016715 -0.045541
-0.021396 0.012871 -0.090711
0.005932 0.015419 -0.072995
0.025927 -0.006661 -0.094362
0.021419 -0.002152 -0.110375
-0.016353 -0.010979 -0.08556
-0.026642 -0.011215 -0.127616
-0.018 0.026662 -0.099495
-0.011833 0.004837 -0.039495
-0.006155 0.010954 -0.039283
-0.007897 -0.001847 -0.026366
0.012655 -0.021818 -0.069641
0.007135 -0.037028 -0.118913
0.011357 -0.031017 -0.097909
-0.015668 0.023554 -0.076926
0.008843 -0.022703 -0.104323
0.018746 -0.006661 -0.060652
-0.011843 -0.008217 -0.054804
-0.007963 0.006417 -0.021477
-0.00685 0.006619 -0.022772
0.020708 0.009206 -0.07484
0.001286 0.026613 -0.128243
-0.007974 0.006972 -0.04605
-0.008911 -0.00512 -0.037414
0.00523 -0.02156 -0.102245
-0.023689 0.000388 -0.098973
0.028992 -0.000589 -0.065897
-0.023211 0.014504 -0.095864
-0.000139 0.03126 -0.097052
-0.020101 0.018276 -0.112394
0.024485 0.009206 -0.08191
-0.016367 -0.010209 -0.069691
-0.002436 0.027297 -0.078971
-0.007858 -0.003606 -0.032648
0.019708 0.002661 -0.030234
-0.014205 -0.009129 -0.059474
0.010843 -0.020636 -0.053757
0.002568 0.028708 -0.080962
0.016035 -0.004855 -0.070282
-0.026891 -0.009683 -0.106815
0.00858 -0.027305 -0.071032
4e-06 0.028708 -0.080962
-0.027684 0.022366 -0.121194
0.00408 -0.019685 -0.094268
0.002273 -0.027151 -0.114929
-0.009429 0.017609 -0.068252
0.030921 -0.002152 -0.084801
0.000199 0.009341 -0.034061
0.007518 -0.016474 -0.082325
-0.019918 0.001815 -0.092097
-0.023996 -0.001358 -0.080588
-0.028152 0.022855 -0.116556
-0.019472 0.015791 -0.056575
0.00858 -0.009129 -0.033074
-0.01758 0.00014 -0.099937
-0.017426 0.009118 -0.072831
-0.019791 -0.008489 -0.121703
-0.010204 -0.007264 -0.052887
0.006211 -0.034346 -0.100978
0.002493 0.027526 -0.074516
-0.013449 0.003306 -0.063821
-0.020911 -0.011511 -0.115085
-0.02597 0.023207 -0.096486
0.007635 -0.021804 -0.050416
0.022014 0.007963 -0.052833
-0.010864 0.017159 -0.048157
-0.026106 -0.0113 -0.114266
0.003654 0.029459 -0.087231
-0.021022 0.012177 -0.086938
-0.022584 0.028451 -0.126007
0.008726 -0.012307 -0.029187
0.011357 -0.022549 -0.061893
-0.025615 -0.001872 -0.118848
0.031472 0.001036 -0.123051
0.018584 -0.006661 -0.063125
-0.024793 0.01623 -0.100327
0.00408 -0.029549 -0.12513
0.025026 -0.006661 -0.072409
0.01015 -0.018959 -0.046626
0.006211 -0.008695 -0.025577
0.003099 0.033305 -0.116484
-0.00655 0.011078 -0.047457
-0.012355 -0.000642 -0.082505
-0.000233 -0.0192 -0.070256
-0.005285 0.019614 -0.068848
0.009306 -0.035982 -0.119028
0.000305 0.019104 -0.101372
0.021936 -0.007135 -0.067359
0.029724 -0.004855 -0.095908
-0.015192 -0.009089 -0.059319
-0.004177 0.026052 -0.111407
0.01015 -0.023538 -0.104127
0.025269 0.002661 -0.122919
0.004787 -0.033488 -0.097328
-0.01925 0.026876 -0.096899
0.005917 0.013048 -0.054279
-0.003091 0.023616 -0.063651
-0.019925 0.027104 -0.09805
0.002012 0.010308 -0.049878
0.018972 0.006927 -0.090964
0.000493 -0.020918 -0.060164
-0.015523 -0.010522 -0.087715
0.01597 -0.003592 -0.035376
0.000362 0.01918 -0.039466
-0.016478 0.002451 -0.082056
-0.00386 0.022089 -0.061118
0.001286 0.034146 -0.126862
0.018935 0.007963 -0.048396
0.023042 0.009206 -0.085795
-0.028267 -0.008038 -0.137328
0.007635 -0.02502 -0.061312
-0.023687 0.02169 -0.124804
-0.013395 0.006705 -0.057949
-0.005158 0.01833 -0.069305
-0.001229 0.032485 -0.131579
7.8e-05 0.015793 -0.085494
-0.014611 0.002305 -0.077939
0.006211 -0.008263 -0.034596
0.007356 0.017175 -0.070173
-0.024416 -0.011682 -0.107075
0.003417 0.033482 -0.123243
0.00271 0.021406 -0.110391
-0.017156 -0.011255 -0.089649
-0.017499 0.012513 -0.046047
-0.027016 -0.009431 -0.137433
0.021526 -0.003592 -0.106994
0.007356 0.020955 -0.090788
-0.009582 0.01242 -0.069191
-0.01673 0.023942 -0.109313
0.011781 -0.026783 -0.079901
0.007635 -0.035464 -0.108515
-0.017804 -0.010396 -0.07282
0.01551 -0.004855 -0.063513
-0.014775 -0.005212 -0.041001
0.018573 -0.006661 -0.066115
0.001065 -0.032453 -0.109223
-0.024877 0.02719 -0.133487
0.003648 -0.010761 -0.02849
-0.010094 0.004807 -0.027051
-0.018427 0.020312 -0.064346
-0.022037 -0.002017 -0.119412
-0.017545 -0.001079 -0.104827
-0.002653 0.012746 -0.058419
-0.002153 0.018252 -0.093197
-0.009111 0.016455 -0.049369
-0.018857 0.013978 -0.097241
0.009306 -0.024527 -0.061997
0.017171 -0.003592 -0.034402
-0.007705 0.001653 -0.033034
0.00271 0.03268 -0.108323
-0.003091 0.029292 -0.0946
-0.001809 0.032677 -0.118849
-0.014562 0.020918 -0.100513
0.003579 -0.012249 -0.059856
0.006711 -0.02185 -0.103477
-0.009294 0.005945 -0.046026
0.024479 0.009206 -0.083434
0.020131 0.005664 -0.03729
0.021778 -0.003592 -0.041041
-0.01063 0.018227 -0.078736
-0.013743 0.013421 -0.037719
-0.019575 0.002507 -0.077156
-0.017205 0.019305 -0.05898
-0.016939 0.017982 -0.105418
-0.004785 0.019046 -0.058299
-0.012361 0.003386 -0.04185
0.007192 -0.02455 -0.05931
0.004143 -0.023623 -0.108233
-0.012619 0.01211 -0.079548
-0.025013 0.027864 -0.109813
0.021846 0.007963 -0.096901
0.004787 -0.010646 -0.05304
-0.001278 0.011971 -0.027172
0.005711 -0.018872 -0.092526
0.020959 0.009206 -0.06691
-0.010842 0.004585 -0.032398
-0.013272 -0.005266 -0.093554
0.025269 -0.000589 -0.122919
0.016363 -0.002152 -0.086637
0.00965 -0.014647 -0.070057
-0.023044 0.016982 -0.109578
0.031525 -0.002152 -0.115021
-0.02451 0.025818 -0.098592
-0.0236 0.018227 -0.076624
-0.012003 -0.000502 -0.028045
-0.02006 0.000684 -0.102226
0.00056 0.026608 -0.069509
-0.019594 0.021405 -0.070195
0.008726 -0.028261 -0.075095
0.004635 0.011622 -0.052291
-0.011112 0.007147 -0.057189
-0.022762 0.013138 -0.077706
0.000641 -0.030448 -0.112221
0.015985 -0.000589 -0.087256
-0.013836 0.003567 -0.060405
-0.006793 0.009867 -0.048282
0.002862 -0.011657 -0.053595
-0.01417 0.009858 -0.075243
-0.010796 0.004695 -0.038876
-0.017912 -0.011287 -0.099099
0.017498 0.007963 -0.050757
0.010857 -0.029635 -0.087469
0.019869 -0.002152 -0.032923
-0.01677 0.025779 -0.094818
-0.015498 0.003541 -0.061422
0.019601 -0.002152 -0.10339
-0.016533 0.002722 -0.052556
0.028157 -0.005891 -0.096105
-0.002153 0.016198 -0.0356
0.016579 0.004224 -0.029714
-0.021837 0.001362 -0.093669
-0.023443 0.01665 -0.107681
0.008343 -0.037005 -0.123377
-0.02441 -0.002632 -0.080434
-0.011551 0.014425 -0.037759
0.011357 -0.018793 -0.051124
0.006211 -0.037415 -0.135978
0.000362 0.033727 -0.118785
0.003697 -0.009689 -0.029802
-0.012462 0.01895 -0.089987
-0.002436 0.01294 -0.032457
-0.019869 0.010641 -0.078641
-0.012742 0.021389 -0.088598
0.025088 0.005664 -0.052445
-0.001278 0.031349 -0.132837
-0.027457 0.02719 -0.133067
0.00438 0.01926 -0.098689
-0.022206 -0.011335 -0.092738
0.030997 0.005664 -0.099307
0.024414 -0.007135 -0.080181
-0.023925 0.022372 -0.085515
7.8e-05 0.028568 -0.132298
-0.011441 0.010664 -0.071748
0.000362 0.029756 -0.086674
-0.015249 0.00201 -0.082223
0.026042 0.007963 -0.104757
0.020563 -0.007135 -0.072972
0.028942 0.006927 -0.082871
-0.021412 0.017609 -0.066301
-0.018347 -0.008612 -0.06278
0.005125 -0.028194 -0.073096
0.002489 -0.034119 -0.127835
0.028002 0.005664 -0.067523
0.006211 -0.029765 -0.0792
0.007518 -0.010004 -0.025269
0.019415 0.008732 -0.076964
0.024392 -0.006661 -0.06879
0.003697 -0.036421 -0.131753
-0.006754 0.012648 -0.04128
-0.007115 0.000565 -0.029951
-0.005285 0.023706 -0.091161
-0.018099 0.002325 -0.058602
0.003843 -0.014265 -0.031866
-0.006383 0.006079 -0.027419
-0.000139 0.018733 -0.099349
0.020484 0.006927 -0.043166
-0.021565 0.01242 -0.06724
0.005287 -0.031472 -0.087038
-0.024725 0.021389 -0.086647
-0.000846 0.017626 -0.093311
0.010588 -0.0314 -0.094977
0.001786 0.03186 -0.100319
-0.019775 -0.011074 -0.082845
0.010588 -0.01693 -0.043201
0.008279 -0.011329 -0.055945
-0.017545 0.011078 -0.045667
0.001286 0.028754 -0.133313
0.016035 0.006927 -0.070282
0.012809 -0.000589 -0.058456
0.024699 -0.004855 -0.056054
-0.01876 0.009038 -0.066387
-0.002064 0.02121 -0.050533
0.023099 -0.007135 -0.070914
-0.021932 -0.007653 -0.129559
-0.011906 0.002566 -0.064581
0.031525 0.004224 -0.115021
-0.013931 -0.009234 -0.060796
-0.005285 0.022982 -0.079762
0.005287 -0.009082 -0.042643
0.008024 -0.013255 -0.06692
0.030522 0.001036 -0.075564
-0.000139 0.01064 -0.051686
0.009561 -0.011657 -0.053595
0.001565 -0.030974 -0.120336
0.005224 0.031592 -0.112935
0.005125 -0.037634 -0.126055
0.005224 0.022334 -0.05666
-0.025311 0.017589 -0.087923
0.0178 0.006927 -0.084276
0.027559 -0.005891 -0.081522
-0.020545 -0.003858 -0.058819
0.008024 -0.009618 -0.04492
-0.028175 0.026594 -0.129653
-0.019646 0.002258 -0.08594
-0.021104 -0.01208 -0.102467
-0.002365 0.028889 -0.126882
0.000199 0.013874 -0.075026
0.015809 0.005664 -0.077419
-0.011723 0.005358 -0.029832
-0.023849 -0.009239 -0.133548
-0.010708 0.015582 -0.079215
-0.001083 0.033206 -0.12834
-0.028985 -0.007764 -0.133873
0.026232 0.008732 -0.092501
0.009933 -0.011991 -0.03372
-0.022421 -0.01212 -0.112261
-0.016149 -0.010234 -0.069945
0.002493 0.029092 -0.083055
0.027367 0.002661 -0.056621
0.00965 -0.030709 -0.124857
0.029703 -0.004855 -0.101432
0.01761 -0.000589 -0.096532
-0.016997 -0.010247 -0.070464
0.00158 -0.020636 -0.053757
0.003117 -0.032741 -0.096935
-0.002365 0.02616 -0.072773
-0.013314 0.022542 -0.077497
0.019488 0.008732 -0.057614
0.028615 0.004224 -0.066516
-0.005413 0.02166 -0.080005
0.00773 0.020976 -0.06882
4e-06 0.015409 -0.083401
-0.013008 0.007304 -0.061323
-0.019237 0.002451 -0.069065
-0.019561 0.001737 -0.093026
-0.024147 0.014839 -0.086879
0.016945 -0.004855 -0.041539
0.003849 0.015396 -0.081153
0.000748 -0.014495 -0.050247
0.020585 0.008732 -0.084363
0.01989 0.005664 -0.100708
0.007419 -0.028642 -0.075005
0.020279 0.006927 -0.097099
0.01682 -0.005891 -0.057048
-0.010382 0.011437 -0.070323
-0.019818 0.027864 -0.110659
-0.017119 0.020938 -0.064443
-0.021187 0.026876 -0.096583
-0.014221 0.001551 -0.03702
-0.020737 -0.009377 -0.074164
0.019951 -0.006661 -0.080744
-0.024338 -0.011388 -0.10303
-0.016153 0.002602 -0.079872
-0.021611 0.016982 -0.109811
-0.019713 -0.005807 -0.1219
0.001286 0.028439 -0.078761
0.012655 -0.024292 -0.091915
0.02167 -0.004855 -0.102445
0.024936 -0.006661 -0.095988
-0.019557 0.011956 -0.088162
0.001286 0.024281 -0.12132
-0.007752 0.011646 -0.05795
0.020752 -0.005891 -0.092701
-0.0255 -0.006727 -0.13675
-0.002153 0.029527 -0.091129
0.000748 -0.031615 -0.111309
0.002012 0.013309 -0.071948
-0.013503 0.003103 -0.066608
0.001065 -0.015093 -0.063646
0.00965 -0.020305 -0.094122
0.001835 -0.02918 -0.118354
0.009862 -0.027192 -0.073332
-0.028328 0.02432 -0.117069
-0.011972 0.009038 -0.067492
-0.018981 0.022855 -0.118049
0.002489 -0.011991 -0.03372
0.005224 0.030574 -0.101591
0.031607 0.004224 -0.093645
-0.012751 0.01946 -0.056988
0.000141 -0.02674 -0.102328
-0.017439 0.014116 -0.047652
0.004143 -0.022487 -0.053322
-0.01164 0.020312 -0.065452
-0.022879 0.025779 -0.093823
0.014799 0.002661 -0.027977
-0.014489 0.005945 -0.04518
0.004635 0.022109 -0.109477
0.014057 0.004224 -0.068352
-0.02829 0.024134 -0.1236
-0.025832 0.02169 -0.124455
-0.025196 0.017354 -0.10647
-0.020735 0.000617 -0.103398
-0.025688 -0.008143 -0.137735
0.025816 0.006927 -0.111894
-0.023771 -0.006557 -0.133745
-0.016844 0.011038 -0.083531
-0.010312 -0.0066 -0.043869
0.030077 0.005664 -0.083978
-0.011263 0.016827 -0.046261
-0.019944 -0.01019 -0.076226
0.012782 -0.020459 -0.069736
0.027972 0.007963 -0.086841
-0.01511 0.016475 -0.097387
0.012281 -0.018089 -0.07118
-0.012895 0.0162 -0.089538
0.007135 -0.0278 -0.071423
0.015253 0.006927 -0.057246
-0.018977 0.02432 -0.118591
0.027104 0.002661 -0.125563
-0.019369 -0.002887 -0.115924
-0.017527 -0.00242 -0.108816
0.007298 -0.008476 -0.0355
0.001286 0.021849 -0.112809
0.00438 0.012785 -0.063388
-0.001346 0.023177 -0.056506
0.007635 -0.024306 -0.111139
0.032082 -0.000589 -0.117389
-0.00386 0.014556 -0.0625
0.013062 -0.002152 -0.044102
-0.015404 0.008309 -0.038268
-0.016819 0.025398 -0.089128
0.002372 0.029446 -0.084983
-0.023284 -0.00214 -0.121579
-0.003451 0.014244 -0.039568
-0.022729 -0.010229 -0.086579
0.02912 0.001036 -0.065687
0.00271 0.012059 -0.062958
-0.002153 0.025067 -0.066813
0.005932 0.015709 -0.040103
-0.019625 0.010602 -0.057515
0.00271 0.024586 -0.06066
-0.026344 0.027392 -0.134361
-0.014573 0.022163 -0.09984
-0.021894 -0.008928 -0.128534
-0.017618 -0.007937 -0.113318
0.026006 -0.004855 -0.062189
-0.014262 0.003616 -0.059906
0.020041 0.008732 -0.057166
-0.022221 0.021194 -0.122301
0.012281 -0.02674 -0.102328
-0.011269 0.008724 -0.026132
0.029958 -0.003592 -0.115219
-0.021166 0.011437 -0.068568
0.005956 -0.032182 -0.09006
0.001835 -0.034316 -0.117147
0.028002 -0.003592 -0.067523
-0.01606 0.010255 -0.079333
4e-06 0.033071 -0.134771
-0.007087 0.005494 -0.024071
-0.007717 -0.004474 -0.044431
0.022322 -0.007135 -0.068239
0.010588 -0.02918 -0.118354
0.003849 0.011971 -0.027172
-0.011121 0.01431 -0.079384
-0.019975 0.001895 -0.09103
0.028157 0.007963 -0.096105
0.006211 -0.030391 -0.128712
0.016809 0.006927 -0.077293
-0.008689 0.002515 -0.037974
0.000748 -0.017113 -0.049631
2.2e-05 -0.020487 -0.081381
0.003353 0.022452 -0.052555
-0.025859 0.025516 -0.102566
-0.017289 0.017579 -0.054245
0.005662 0.012214 -0.043122
0.010948 -0.013646 -0.040758
0.006749 0.019594 -0.089972
0.000141 -0.029358 -0.101712
0.014799 -0.000589 -0.027977
0.005485 -0.035885 -0.110305
0.006211 -0.032232 -0.090272
-0.01389 -0.006455 -0.043304
0.007985 0.02166 -0.080005
-0.018123 0.001924 -0.089897
0.012896 0.002661 -0.035764
-0.000527 0.033305 -0.116484
0.006749 0.027127 -0.08859
-0.014683 0.023207 -0.098324
0.025377 0.004224 -0.049763
-0.014807 0.021664 -0.066623
0.003117 -0.028527 -0.120781
-0.019927 0.010131 -0.072235
-0.008226 0.015827 -0.051909
0.001786 0.023987 -0.057393
0.001474 -0.013646 -0.040758
0.001286 0.026263 -0.067629
-0.016816 -0.006995 -0.051844
-0.015493 -0.003225 -0.10269
0.01015 -0.013083 -0.05966
0.003849 0.031349 -0.132837
0.015572 -0.004855 -0.047152
-0.01508 0.022771 -0.072696
0.003579 -0.023407 -0.057232
0.023344 0.001036 -0.119314
-0.009806 -0.002402 -0.071501
0.02429 -0.006661 -0.09569
0.00221 0.009592 -0.041225
0.007135 -0.01831 -0.090132
0.006432 0.013682 -0.051128
-0.014374 -0.003709 -0.036634
0.00408 -0.032083 -0.091353
-0.00386 0.018871 -0.050177
0.007135 -0.018571 -0.040412
-0.018464 0.025561 -0.087556
0.005125 -0.017916 -0.088459
0.004936 0.01443 -0.033128
-0.021299 0.026505 -0.094516
-0.015723 0.016455 -0.048292
-0.01864 0.010255 -0.078913
0.007419 -0.015481 -0.0781
-0.012388 0.021405 -0.071368
-0.013564 0.006254 -0.034479
0.003579 -0.033861 -0.1017
0.0124 -0.017963 -0.059119
-0.018015 0.002815 -0.063617
-0.023522 -0.000635 -0.112872
-0.019619 0.014349 -0.099166
-0.020002 -0.000421 -0.108556
-0.025716 -0.011321 -0.1287
0.018712 0.008732 -0.069506
0.005004 -0.013565 -0.028891
-0.017353 0.010125 -0.079147
0.002561 -0.018918 -0.088224
-0.015588 0.003009 -0.074095
0.003099 0.012558 -0.065679
-0.01759 0.008293 -0.051784
-0.023766 0.016904 -0.076843
-0.024906 0.021858 -0.125531
-0.020429 -0.012013 -0.101295
-0.024878 0.0162 -0.087586
0.021879 0.009206 -0.082239
-0.013141 0.022372 -0.087271
0.007493 -0.011564 -0.026028
0.002493 0.014751 -0.027711
-0.013965 0.005887 -0.039083
-0.019667 -0.011892 -0.099339
0.004398 -0.025653 -0.064005
0.007493 -0.029129 -0.077076
-0.011767 0.013138 -0.079496
-0.010211 0.002849 -0.034017
0.000748 -0.024624 -0.070721
0.003579 -0.010487 -0.048618
0.022656 0.009206 -0.084914
0.000141 -0.01937 -0.059228
0.001565 -0.033592 -0.11972
0.002012 0.03001 -0.088061
0.018972 -0.004855 -0.090964
-0.02254 0.020671 -0.076342
0.003654 0.033206 -0.12834
0.003417 0.01737 -0.035385
0.020498 0.009206 -0.069719
0.003417 0.030153 -0.091014
0.012896 -0.000589 -0.035764
-0.020486 0.027182 -0.098385
0.021195 0.009206 -0.078701
0.028992 0.002661 -0.065897
-0.017749 -0.010055 -0.108256
0.003697 -0.028261 -0.075095
0.005956 -0.01902 -0.093154
0.020914 -0.005891 -0.050326
0.005711 -0.032034 -0.089431
-0.022055 0.001122 -0.09704
0.013035 0.004224 -0.051319
-0.008368 0.001906 -0.029842
-0.012577 -0.008277 -0.081945
0.000748 -0.021486 -0.090835
-0.014836 0.018018 -0.099263
0.000362 0.009592 -0.041225
0.005485 -0.018633 -0.091505
-0.016994 0.00317 -0.072449
0.005711 -0.034248 -0.100562
-0.001346 0.03262 -0.112747
0.00438 0.032677 -0.118849
0.008343 -0.016561 -0.036425
0.020581 0.009206 -0.068458
0.001286 0.012696 -0.023675
-0.021281 0.014577 -0.100157
-0.010751 0.002003 -0.029466
-0.015925 -0.008051 -0.054161
0.015274 0.006927 -0.051721
0.001565 -0.029635 -0.087469
0.003843 -0.031203 -0.087608
0.005932 0.025007 -0.071237
0.003417 0.009837 -0.036767
-0.020564 0.020388 -0.118119
0.004143 -0.034781 -0.10561
0.013678 -0.000589 -0.030995
0.006023 0.014244 -0.039568
0.005662 0.019704 -0.096358
0.025563 0.008732 -0.076189
-0.007009 0.008139 -0.023592
0.026393 0.008732 -0.090028
0.002773 -0.014647 -0.070057
0.00158 -0.025474 -0.107798
0.007004 0.020546 -0.059311
0.00965 -0.025805 -0.067433
-0.012079 0.000767 -0.029168
0.011929 -0.020918 -0.060164
0.01015 -0.011504 -0.048379
-0.028325 -0.004818 -0.111814
0.00056 0.016711 -0.0905
0.020752 0.007963 -0.092701
4e-06 0.010249 -0.025238
-0.015975 0.00327 -0.070679
-0.01556 0.003112 -0.072675
0.00965 -0.015401 -0.036698
-0.000782 0.020867 -0.107455
0.024269 0.009206 -0.078313
0.012281 -0.01937 -0.059228
-0.013452 0.019155 -0.055186
0.006856 0.025426 -0.079314
-0.013561 0.003463 -0.061727
-0.011298 -0.008207 -0.066185
0.024485 -0.007135 -0.08191
0.000786 0.01146 -0.05969
0.026624 -0.003592 -0.059659
0.002773 -0.035844 -0.12365
0.000786 0.03186 -0.100319
-0.017385 -0.010309 -0.071461
-0.020299 0.027925 -0.106098
0.015809 -0.003592 -0.077419
7.8e-05 0.014751 -0.027711
0.005485 -0.031794 -0.088411
-0.016136 1.6e-05 -0.041013
-0.019735 0.011646 -0.055999
-0.013363 0.014839 -0.088635
-0.015698 -0.001875 -0.100663
-0.021999 0.028727 -0.120938
0.010948 -0.0278 -0.079662
0.01461 0.002661 -0.07757
0.006711 -0.034248 -0.100562
0.005004 -0.028642 -0.075005
-0.027443 -0.006808 -0.101812
-0.015199 0.008365 -0.06903
0.006432 0.02123 -0.098891
-0.002064 0.011622 -0.052291
-0.014382 0.006705 -0.057788
0.011357 -0.027317 -0.110431
-0.010349 0.000936 -0.026163
-0.01957 -0.008976 -0.068228
0.014189 0.004224 -0.033639
0.025324 0.001036 -0.123827
0.017515 0.001036 -0.096923
0.001286 0.030623 -0.136334
0.007635 -0.033488 -0.097328
0.008726 -0.033803 -0.132369
-0.025432 0.01895 -0.087875
-0.004785 0.026144 -0.089836
0.022932 -0.006661 -0.062577
-0.018968 0.025561 -0.087474
-0.012252 -0.008739 -0.073824
0.028615 -0.002152 -0.066516
-0.017273 0.011392 -0.085415
-0.000233 -0.02691 -0.091299
0.026952 -0.005891 -0.076014
-0.019418 0.011392 -0.085066
0.004724 0.013793 -0.06888
0.02991 -0.002152 -0.075641
0.001474 -0.0278 -0.079662
-0.028341 -0.004488 -0.125012
-0.02114 0.001351 -0.07309
0.01597 0.005664 -0.035376
-0.000527 0.019602 -0.041767
0.010948 -0.032464 -0.120797
0.006937 -0.027477 -0.07005
-0.014381 0.023678 -0.083603
-0.011429 0.00803 -0.062016
-0.025046 0.024008 -0.09437
0.009933 -0.017476 -0.082089
-0.001809 0.02406 -0.06132
-0.015735 0.009856 -0.077181
0.001786 0.01146 -0.05969
-0.015757 0.003245 -0.070933
0.023407 -0.007135 -0.086321
4e-06 0.014611 -0.079048
-0.022903 -0.000706 -0.113597
0.002493 0.014227 -0.076955
-0.011159 0.020252 -0.070012
-0.029022 -0.005954 -0.127595
-0.00336 0.013064 -0.040588
-0.008739 0.004621 -0.026243
0.023782 0.009206 -0.074452
-0.018249 0.000617 -0.051353
0.00858 -0.031845 -0.129689
0.003917 0.023032 -0.114505
0.006749 0.023725 -0.070038
-0.02532 -0.000763 -0.103601
0.021526 0.005664 -0.106994
0.006211 -0.021948 -0.103893
0.001065 -0.022549 -0.061893
-0.028074 0.0255 -0.116077
-0.001809 0.01926 -0.098689
-0.022961 0.02773 -0.129228
0.00271 0.01064 -0.051686
-0.015546 0.007459 -0.040813
0.012256 0.001036 -0.049238
-0.025688 -0.007331 -0.090544
0.020484 -0.004855 -0.043166
-0.020334 -0.011848 -0.107718
0.03144 -0.000589 -0.085308
-0.025494 -0.003686 -0.129259
0.023132 0.007963 -0.056252
0.002773 -0.030709 -0.124857
-0.023678 0.015582 -0.077103
-0.001083 0.01386 -0.072779
-2.1e-05 0.01501 -0.081224
0.01461 -0.000589 -0.07757
-0.013872 -0.009594 -0.065677
-0.007674 0.014291 -0.057471
0.010843 -0.01318 -0.05551
-0.01498 -0.010392 -0.077008
-0.007711 0.004807 -0.027439
0.004929 -0.029129 -0.077076
0.001286 0.01488 -0.081248
0.02165 0.002661 -0.03466
0.021354 -0.000589 -0.112457
-0.000488 -0.023055 -0.080778
-0.01687 -0.011028 -0.081068
0.003099 0.023717 -0.118242
-0.014095 0.002593 -0.073805
0.005932 0.013064 -0.040588
0.015985 0.002661 -0.087256
0.011674 -0.017113 -0.049631
0.027177 0.006927 -0.068877
0.0178 -0.004855 -0.084276
0.03227 0.001036 -0.118189
-0.007281 0.014116 -0.049306
-0.00736 -0.002276 -0.050406
-0.011674 0.003438 -0.052601
0.000141 -0.016752 -0.059843
-0.015191 0.000905 -0.088553
0.009561 -0.024964 -0.110191
0.001065 -0.031017 -0.097909
0.003117 -0.017583 -0.040774
0.028762 -0.000589 -0.126325
-0.027684 -0.003417 -0.110148
0.027104 -0.000589 -0.125563
0.005004 -0.032545 -0.132665
0.007475 0.025673 -0.101889
0.006211 -0.009749 -0.024182
0.006211 -0.013878 -0.071284
0.001286 0.00945 -0.040448
0.029467 0.006927 -0.08964
0.028033 -0.004855 -0.111615
-0.016282 -0.01073 -0.076776
0.007419 -0.030629 -0.083456
0.003917 0.023177 -0.056506
-0.016272 -0.010334 -0.097181
0.024064 -0.005891 -0.102827
0.002493 0.028568 -0.132298
0.011674 -0.014495 -0.050246
0.00221 0.033727 -0.118785
0.006937 -0.014316 -0.073144
0.020279 -0.004855 -0.097099
0.002273 -0.018959 -0.046626
0.007635 -0.012622 -0.064227
-0.018836 0.024337 -0.080735
-0.010904 -0.003256 -0.029081
0.005224 0.011727 -0.047074
-0.013323 -0.003906 -0.093418
-0.025108 -0.002066 -0.121291
-0.012214 0.005441 -0.047582
0.007192 -0.033959 -0.09933
-0.010701 0.017697 -0.051158
-0.017691 0.002034 -0.088229
-0.022712 0.028256 -0.107537
-0.015299 -0.006679 -0.046919
0.013371 0.004224 -0.059508
0.027011 -0.004855 -0.112443
0.021699 -0.002152 -0.037092
-0.018683 0.002704 -0.079473
0.002273 -0.023538 -0.104127
-0.002653 0.024059 -0.114317
-0.015173 0.023951 -0.081403
-0.009686 -0.003733 -0.071207
-0.018273 0.002845 -0.077388
-0.000846 0.025949 -0.124624
0.012809 0.002661 -0.058456
-0.002653 0.011727 -0.047074
0.019874 -0.005891 -0.048828
2.2e-05 -0.025623 -0.080174
-0.006895 0.010547 -0.029654
0.029405 -0.004855 -0.106001
0.022263 0.009206 -0.083714
-0.009502 0.005259 -0.042206
0.02165 -0.000589 -0.03466
-0.004284 0.027486 -0.111775
0.021936 0.009206 -0.067359
-0.017451 -0.009448 -0.065113
0.030178 0.002661 -0.125176
0.007356 0.024273 -0.101711
0.002561 -0.035215 -0.126623
0.017418 0.007963 -0.071631
0.000786 0.030199 -0.089092
0.004936 0.028889 -0.126882
0.024225 -0.005891 -0.060452
0.007004 0.027962 -0.099747
0.006211 -0.016345 -0.082355
-0.023921 -0.000483 -0.110953
0.025377 -0.002152 -0.049763
-0.020653 0.024704 -0.084671
0.004787 -0.02109 -0.100243
-0.025088 0.018962 -0.115368
-0.008445 0.002174 -0.042524
-0.013977 0.013557 -0.08732
0.010857 -0.016475 -0.074086
0.002493 0.015793 -0.085493
-0.000359 -0.025651 -0.091819
0.006211 -0.034797 -0.136594
0.004936 0.02616 -0.072773
0.011674 -0.024624 -0.070721
-0.020896 0.022366 -0.122299
0.006211 -0.008194 -0.029093
-0.010427 -0.001745 -0.025967
0.005004 -0.017468 -0.08655
-0.021688 0.021698 -0.07629
0.006211 -0.011313 -0.024961
0.001565 -0.025964 -0.071855
-0.020228 -0.011358 -0.086903
-0.004177 0.016192 -0.071419
-0.001083 0.015303 -0.030718
0.017006 -0.005891 -0.066312
-0.013608 0.003263 -0.044017
0.0038 0.028706 -0.083125
0.000141 -0.022886 -0.091582
0.025026 0.008732 -0.072409
0.000786 0.023987 -0.057393
-0.008667 -0.005461 -0.041965
-0.028108 -0.009306 -0.136154
0.011674 -0.021486 -0.090835
0.027807 0.005664 -0.118752
0.008024 -0.020457 -0.09755
0.029168 0.005664 -0.075734
0.023685 0.008732 -0.06547
0.020492 0.009206 -0.071243
0.021293 0.008732 -0.087683
-0.008179 0.005296 -0.022801
0.003417 0.025694 -0.066698
0.001835 -0.011794 -0.044408
-0.022668 0.013497 -0.090387
0.015253 -0.004855 -0.057246
0.012453 -0.000589 -0.049764
-0.01245 0.002175 -0.070135
0.000641 -0.026783 -0.079901
-0.010206 0.018861 -0.062482
0.025489 -0.006661 -0.095539
-0.001809 0.012785 -0.063388
-0.001346 0.020142 -0.103504
0.023558 -0.002152 -0.042778
0.001786 0.0169 -0.091531
0.002561 -0.027192 -0.073332
-0.02232 -0.011735 -0.1187
-0.027298 0.02567 -0.132247
-0.013301 0.007029 -0.031544
-0.018542 0.001837 -0.091256
0.007298 -0.030179 -0.127808
-0.01475 0.021853 -0.067677
0.006432 0.029637 -0.108881
-0.011931 -0.007114 -0.082129
-0.020628 -0.001793 -0.115797
0.030178 -0.000589 -0.125176
0.023459 -0.007135 -0.072607
0.011781 -0.015662 -0.049335
-0.02034 -0.011481 -0.088621
0.026952 0.007963 -0.076014
0.024846 0.005664 -0.115863
0.00408 -0.037005 -0.123377
0.003417 0.025949 -0.124624
0.007493 -0.015968 -0.080171
-0.015983 0.001718 -0.086491
-0.009396 0.002025 -0.028637
-0.019383 0.002405 -0.083833
0.023307 0.006927 -0.050708
0.005287 -0.018571 -0.040412
0.013035 -0.002152 -0.051319
0.032525 -0.000589 -0.103389
0.018573 0.008732 -0.066115
0.022046 0.008732 -0.090576
-0.018781 0.019304 -0.112419
-0.018665 -0.010634 -0.076401
0.027195 0.001036 -0.126523
0.024241 -0.007135 -0.085643
0.004787 -0.012622 -0.064227
0.004929 -0.034546 -0.135527
0.026405 -0.006661 -0.087038
-0.016346 0.012177 -0.087699
-0.018965 0.010654 -0.081065
0.003917 0.03262 -0.112747
-0.01669 -0.010923 -0.093652
0.005485 -0.024727 -0.112928
-0.01144 -0.003159 -0.082479
-0.022498 0.000813 -0.080977
0.003579 -0.035623 -0.112937
0.00408 -0.009105 -0.038178
-0.013062 0.007803 -0.064071
0.017893 0.004224 -0.095375
-0.021296 0.000608 -0.103741
-0.000527 0.012558 -0.065679
-0.009623 0.004418 -0.031671
-0.000782 0.011178 -0.054622
0.016093 0.001036 -0.025853
-0.001229 0.016179 -0.085423
0.012281 -0.023224 -0.069973
-0.008337 0.010602 -0.059353
-0.009394 0.006867 -0.051104
0.007298 -0.015032 -0.076191
-0.01097 -0.0 -0.073198
-0.027261 -0.003011 -0.120752
0.010588 -0.011794 -0.044408
-0.00386 0.028763 -0.09751
-0.011033 0.006423 -0.053199
0.020563 0.009206 -0.072972
-0.010968 0.019499 -0.078444
0.007356 0.026919 -0.101226
0.000641 -0.015662 -0.049335
0.001065 -0.018793 -0.051124
0.028174 0.007963 -0.091765
0.028841 -0.004855 -0.109439
-0.017678 -0.009089 -0.111364
0.00056 0.013309 -0.071948
-0.010542 0.016904 -0.078996
-0.018488 0.026505 -0.094974
-0.000359 -0.021746 -0.081085
-0.013186 0.008185 -0.030391
0.023685 -0.006661 -0.06547
0.007135 -0.014638 -0.074517
0.021293 -0.006661 -0.087683
0.001835 -0.01471 -0.066578
-0.009261 0.009801 -0.061469
0.011929 -0.025192 -0.101391
-0.024253 -0.01191 -0.110115
0.003579 -0.022703 -0.104323
0.020131 -0.003592 -0.03729
0.004787 -0.035464 -0.108516
-0.0184 -0.006052 -0.053901
0.002012 0.021582 -0.047811
0.021241 -0.007135 -0.066681
0.008343 -0.014027 -0.070202
-0.002653 0.031592 -0.112935
-0.015165 0.021508 -0.065704
-0.005158 0.022344 -0.091189
0.029958 0.005664 -0.115219
0.009306 -0.017583 -0.040774
-0.023186 0.019499 -0.076455
0.002773 -0.025805 -0.067433
-0.009549 -0.003235 -0.028252
0.022161 0.008732 -0.060221
0.005125 -0.031078 -0.085365
0.005224 0.020986 -0.103349
0.018996 -0.006661 -0.07317
-0.023854 -0.012062 -0.112035
0.014356 -0.003592 -0.041977
0.030921 0.004224 -0.084801
0.008843 -0.026134 -0.115168
0.001286 0.010196 -0.049268
0.024479 -0.007135 -0.083434
0.005662 0.025916 -0.117839
-0.010392 -0.006401 -0.071787
0.00773 0.024989 -0.090704
-0.018559 0.026837 -0.111055
-0.013695 0.023145 -0.085584
-2.1e-05 0.011374 -0.023918
-0.01582 0.007304 -0.060865
0.013538 -0.000589 -0.067845
-0.016715 0.024882 -0.107247
-0.026122 -0.00607 -0.091216
0.016804 0.007963 -0.061388
0.006466 -0.02709 -0.068401
0.021241 0.009206 -0.066681
0.004929 -0.008946 -0.026643
0.022046 -0.006661 -0.090576
-0.021586 0.023678 -0.08243
-0.004785 0.026919 -0.101226
-0.024084 -0.000255 -0.107912
0.003117 -0.024527 -0.061997
-0.021006 0.02678 -0.124295
-0.024298 0.028972 -0.116047
0.006749 0.028697 -0.110922
-0.025823 -0.001582 -0.114978
-0.023794 0.019526 -0.118698
0.002372 0.016147 -0.087422
-0.010029 0.003118 -0.044581
-0.02756 -0.010378 -0.132875
-0.024581 0.019384 -0.117782
-0.015339 0.008248 -0.068364
0.020922 0.009206 -0.076774
0.01015 -0.033027 -0.101896
0.001286 0.02147 -0.0472
-0.017368 0.015827 -0.05042
0.020688 -0.006661 -0.057463
-0.027924 0.02773 -0.12842
0.004398 -0.019107 -0.042689
-0.014553 0.002423 -0.041561
0.032358 0.001036 -0.095052
-0.020993 0.011267 -0.078342
-0.02151 0.018962 -0.115951
0.010588 -0.01471 -0.066578
-0.009258 -0.006424 -0.055342
0.016975 -0.003592 -0.085631
-0.013801 0.022385 -0.072976
0.001565 -0.012518 -0.041835
0.021404 -0.006661 -0.058495
0.00271 0.03126 -0.097052
0.006466 -0.032182 -0.09006
-0.002365 0.011785 -0.033613
0.007135 -0.027539 -0.121144
0.005004 -0.030629 -0.083456
0.012286 0.001036 -0.041426
-0.009039 0.017334 -0.060105
-0.002653 0.030574 -0.101591
-0.016337 0.00205 -0.047352
0.022816 -0.006661 -0.092932
0.006023 0.029075 -0.120441
0.007356 0.026144 -0.089836
-0.011016 0.001511 -0.066897
-0.015472 0.009472 -0.075103
-0.026006 -0.010926 -0.109118
0.024493 0.006927 -0.109987
-0.020467 -0.001177 -0.059015
-0.002064 0.022109 -0.109477
0.023094 0.006927 -0.106797
-0.029279 -0.007354 -0.1284
-0.025578 -0.009408 -0.136553
0.006711 -0.02426 -0.058078
-0.013655 0.009105 -0.071168
0.001541 0.030316 -0.089727
-0.012782 -0.009252 -0.069298
-2.1e-05 0.031946 -0.136091
0.003579 -0.026134 -0.115168
-0.015618 0.003192 -0.071607
0.019725 -0.005891 -0.087881
-0.018402 -0.004642 -0.050967
-0.002153 0.011009 -0.036552
-0.019298 0.000805 -0.100269
-0.011324 0.003402 -0.041216
0.001286 0.02391 -0.056972
0.015067 -0.002152 -0.077512
-0.014818 -0.007875 -0.051321
-0.014808 0.010641 -0.079465
-0.006649 -0.001118 -0.034316
-0.005839 0.008185 -0.031587
0.008775 -0.010761 -0.02849
0.0149 -0.003592 -0.069175
-0.020947 0.00192 -0.085708
0.005917 0.030271 -0.10573
-0.012897 0.002686 -0.03731
-0.019836 0.002121 -0.087891
0.014283 -0.003592 -0.061215
0.004929 -0.037164 -0.134912
0.024936 0.008732 -0.095988
0.023737 0.009206 -0.086472
0.025563 -0.006661 -0.076189
-0.003451 0.026454 -0.079126
0.005125 -0.008476 -0.0355
0.024018 -0.007135 -0.086244
0.013678 0.002661 -0.030995
-0.000527 0.023717 -0.118242
0.004398 -0.027003 -0.118866
-0.001229 0.02984 -0.132065
0.004398 -0.032855 -0.094635
-0.021668 0.013978 -0.096784
0.022715 -0.007135 -0.06944
-0.019192 0.027386 -0.103304
-0.013429 -0.009285 -0.081739
-0.012533 -0.003416 -0.031911
0.001786 0.030199 -0.089092
-0.019143 0.012301 -0.090134
0.00523 -0.012151 -0.062225
0.005224 0.01926 -0.045692
0.024397 -0.007135 -0.084695
0.027367 -0.000589 -0.056621
-0.026938 -0.00675 -0.13763
0.003353 0.020867 -0.107455
-0.000359 -0.024364 -0.08047
0.005008 0.027297 -0.078971
0.003697 -0.015862 -0.07801
0.00221 0.024139 -0.120543
0.020736 0.009206 -0.06751
-0.028812 -0.009037 -0.132766
0.021195 -0.007135 -0.078701
0.003099 0.030761 -0.09433
0.011674 -0.028997 -0.111924
-0.016653 -0.010213 -0.069866
-0.016009 -0.010287 -0.070619
0.003843 -0.014907 -0.073947
-0.00386 0.013682 -0.051128
-0.013401 -0.006587 -0.093222
0.020581 -0.007135 -0.068458
0.007356 0.022364 -0.069222
-0.012405 -0.007837 -0.049845
0.006211 -0.008901 -0.041874
0.002568 0.014611 -0.079048
-0.000527 0.018234 -0.096628
-0.004177 0.028697 -0.110922
-0.01626 0.00342 -0.063378
0.007192 -0.02156 -0.102245
0.019869 0.004224 -0.032923
0.002012 0.016711 -0.0905
0.000748 -0.017169 -0.072474
-0.000527 0.010014 -0.043526
0.000786 0.019332 -0.102617
2.2e-05 -0.028147 -0.102436
-0.018178 0.001583 -0.05446
-0.015975 0.018422 -0.054303
0.004787 -0.024306 -0.111139
0.026624 0.005664 -0.059659
0.018935 -0.005891 -0.048396
-0.001346 0.011903 -0.058573
-0.009285 0.002743 -0.035101
-0.004432 0.020546 -0.059311
0.027807 -0.003592 -0.118752
0.0038 0.014613 -0.076884
0.029168 -0.003592 -0.075734
-0.008876 0.014858 -0.067964
0.026266 0.008732 -0.083647
0.007475 0.017646 -0.058121
-0.019128 0.009273 -0.062811
4e-06 0.030425 -0.135256
-0.018573 0.023953 -0.078658
-0.027027 0.019693 -0.106533
-0.022604 -0.004566 -0.069298
-0.020367 -0.011584 -0.090042
-0.000139 0.012059 -0.062958
7.8e-05 0.014227 -0.076955
0.003579 -0.019976 -0.046387
-0.005285 0.020337 -0.080247
0.012655 -0.0192 -0.070256
0.006211 -0.01907 -0.093366
-0.02335 -0.000195 -0.080771
-0.000139 0.024586 -0.06066
0.01015 -0.034606 -0.113176
-0.018236 -0.010506 -0.074488
-0.00766 -0.000434 -0.025389
0.002273 -0.013083 -0.05966
0.007518 -0.036106 -0.136286
-0.023148 0.013557 -0.085827
-0.01062 0.012119 -0.031035
0.005932 0.018312 -0.088773
0.024269 -0.007135 -0.078313
-0.018124 0.011956 -0.088395
-0.018477 0.000976 -0.097604
-0.016358 0.000504 -0.094489
0.006749 0.016192 -0.071419
0.001565 -0.016475 -0.074086
0.003117 -0.021583 -0.099558
0.00056 0.021737 -0.112199
0.00965 -0.010266 -0.037906
0.001286 0.033943 -0.132361
-0.015057 0.006933 -0.05894
0.030788 -0.002152 -0.119514
0.028885 0.001036 -0.1273
-0.006827 0.000163 -0.035318
-0.018762 0.02635 -0.115026
0.016137 0.006927 -0.043714
0.029467 -0.004855 -0.08964
-0.003091 0.025916 -0.117839
0.003353 0.011178 -0.054622
0.004635 0.031697 -0.107718
0.001835 -0.024199 -0.064347
-0.021279 0.028256 -0.107771
-0.009011 0.015533 -0.04429
0.006749 0.014622 -0.049087
0.002493 0.033757 -0.131346
0.015572 0.006927 -0.047152
-0.001346 0.023032 -0.114505
0.006211 -0.036361 -0.137374
-0.004785 0.022364 -0.069222
-0.022527 -0.001885 -0.069495
0.020041 -0.006661 -0.057166
0.003917 0.020142 -0.103504
-0.009921 0.002454 -0.053599
-0.026044 -0.003389 -0.091412
0.007493 -0.034546 -0.135527
-0.020038 -0.01122 -0.084952
-0.020743 0.027555 -0.12136
0.021884 -0.004855 -0.046356
-0.004177 0.017268 -0.048602
-0.000782 0.032141 -0.105387
-0.013721 0.002862 -0.069979
-0.006776 0.006254 -0.035584
-0.026531 -0.010497 -0.134079
-0.016808 0.021296 -0.109792
0.03144 0.002661 -0.085308
0.007475 0.024254 -0.079529
0.025103 -0.005891 -0.104325
-0.016261 0.003266 -0.070854
0.002561 -0.010895 -0.034932
0.0038 0.010834 -0.02843
-0.010009 0.004837 -0.039792
-0.007819 0.000834 -0.026562
