630
0.061134 0.00886 -0.034347
0.063119 0.00953 -0.031693
0.03603 0.00805 -0.0221
0.091 0.00588 -0.008506
0.106366 0.031312 -0.005065
0.071575 -0.00384 -0.050291
0.084294 0.00076 -0.039542
0.069292 0.035129 -0.036316
0.096442 0.040796 -0.004609
0.05928 0.00184 0.0209
0.106077 -0.03692 -0.006676
0.071726 0.01621 -0.043517
0.0245 -0.04728 -0.0087
0.066848 0.00498 -0.037702
0.064058 0.0169 -0.033252
0.076121 0.028871 -0.041583
0.073094 0.026237 -0.033747
0.07464 -0.02195 -0.042276
0.089602 -0.01745 -0.04279
0.080022 -0.00257 -0.049359
0.068532 -0.04014 -0.004443
0.089813 -0.03437 -0.043829
0.107008 0.00245 -0.034732
0.0861 0.0092 -0.050108
0.099148 -0.01753 -0.002084
0.071228 0.028012 -0.039367
0.100096 0.023852 -0.008278
0.073144 0.01689 -0.033219
0.06435 0.0016 -0.0186
-0.00314 0.03499 0.0024
0.084397 0.023774 -0.013198
0.113444 -0.06818 0.000614
0.09433 0.033841 -0.016799
0.090096 -0.03253 -0.047638
0.081958 0.035286 -0.0433
0.077152 0.036546 -0.039622
0.02222 0.00411 0.0254
0.084543 0.02058 -0.039966
0.073462 0.03672 -0.033695
0.09727 0.040353 -0.008339
0.06299 -0.01403 -0.0177
0.06922 0.032662 -0.032665
0.07131 0.026449 -0.037829
0.06778 0.00761 -0.031937
0.114553 -0.01939 -0.003539
0.078975 0.030427 -0.042956
0.100433 -0.05928 -0.007762
0.086763 -0.00776 -0.009569
0.0973 0.023864 -0.027843
-0.00447 -0.02903 0.0002
0.106033 0.02202 -0.030769
0.090788 0.034685 -0.008558
0.100575 -0.03556 0.016199
0.117439 -0.06198 0.000766
0.101873 -0.05191 0.006013
0.073167 -0.01292 -0.040285
0.04572 -0.03747 0.0228
-0.00491 0.02073 -0.0173
0.105347 0.00646 -0.00295
0.101881 0.037134 -0.032068
0.101536 -0.00312 -0.036081
0.060004 0.01123 -0.036264
0.082801 0.035733 -0.013201
0.107534 0.01004 0.001151
0.071446 -0.04577 0.007411
0.067743 0.03422 -0.038386
0.080261 0.037114 -0.033285
0.114422 -0.05856 0.006265
0.060904 0.01578 -0.0363
0.068475 0.032692 -0.033814
0.108179 -0.03435 -0.030395
0.078854 0.024963 -0.038384
0.075912 0.023093 -0.017624
0.100953 0.01194 -0.035754
0.091003 0.00427 -0.007352
0.097068 -0.02058 -0.002481
0.101204 0.00304 -0.008364
0.110232 -0.03593 -0.004692
0.063472 0.00989 -0.041308
0.092355 -0.02993 -0.049674
0.115913 -0.06808 0.000822
0.05109 0.04646 -0.007
0.105438 0.00559 -0.030956
0.113473 -0.06595 -0.003607
0.10084 -0.01906 -0.002655
0.072303 0.00476 -0.036939
0.0466 -0.04383 -0.0176
0.109264 -0.02063 0.011206
0.117088 -0.06635 0.004704
0.096639 0.038734 -0.02771
0.090527 0.020096 -0.009381
0.06233 -0.02734 0.024569
0.04039 -0.05884 -0.0052
0.05325 -0.0083 -0.0196
0.10927 -0.01732 -0.032299
0.08407 -0.006 -0.036043
0.115776 -0.05939 -0.001041
0.100287 0.02043 0.009913
0.070563 0.028674 -0.040231
0.067078 0.031321 -0.03954
0.072222 -0.00099 -0.046789
0.115104 -0.00365 -0.001766
0.05633 -0.01922 -0.0196
0.07492 -0.00484 -0.0153
0.075028 -0.00768 -0.050978
0.067299 0.030818 -0.037838
0.04012 0.04087 -0.0142
0.062778 -0.06495 -0.002839
0.076453 -0.02027 -0.044274
0.087437 0.00604 0.019682
0.114382 -0.06058 0.007053
0.076693 -0.03207 -0.042905
0.073422 -0.03643 0.022499
0.108046 -0.01465 0.003766
0.067614 -0.05367 0.012613
0.071737 -0.0451 0.002611
0.072068 -0.04765 -0.003788
0.089033 -0.00808 0.023142
0.098779 0.023058 -0.009249
0.071356 0.0154 -0.043989
0.103816 0.031296 0.000537
0.089683 -0.06523 0.007793
0.103933 -0.06612 0.005849
0.072754 -0.01319 -0.047387
0.115012 -0.0651 -0.003072
0.073052 0.028013 -0.031885
0.112079 0.00321 -0.033268
0.097965 -0.03706 2.5e-05
0.079439 0.029999 -0.043254
0.116581 -0.06683 1.3e-05
-0.0051 -0.00674 -0.0133
0.070935 0.01163 -0.044536
0.06793 0.01583 -0.0424
0.098999 -0.02889 0.019803
0.093613 0.00239 -0.007653
0.073472 -0.01938 0.024458
0.092186 0.038242 -0.009642
-0.00445 0.0291 -0.0134
0.061719 0.00813 -0.034042
0.07 -0.009 -0.016
0.097246 -0.01724 -0.002239
0.10628 0.0039 0.005176
0.112061 0.01063 -0.029314
0.100103 0.024842 0.002556
0.072851 -0.01425 -0.043986
0.083384 -0.04244 0.007691
0.088809 -0.01879 -0.0388
0.068896 -0.01016 -0.040201
0.094318 0.027402 -0.018791
0.068749 0.028008 -0.038098
0.092447 -0.02664 -0.050156
0.083661 -0.01282 -0.049145
0.080705 -0.03278 -0.046523
0.064722 -0.06105 0.008501
0.093135 0.039242 -0.007736
0.104802 -0.0376 0.006962
0.080939 -0.03139 -0.047598
0.080226 0.029601 -0.031091
0.064992 -0.00855 -0.044417
0.088481 -0.02976 -0.037161
0.02259 0.01117 -0.0226
0.02198 -0.04646 -0.0027
0.102591 0.02628 -0.002823
0.068617 -0.01271 -0.043103
0.073802 -0.02171 -0.046505
0.088926 0.034437 -0.011047
0.065756 -0.0024 -0.048014
0.115691 -0.05904 0.00524
0.061124 0.01363 -0.033158
0.01781 -0.02816 -0.0169
0.090713 -0.00973 -0.051752
0.068414 -0.00606 -0.039503
0.080221 -0.03179 -0.040305
0.074375 -0.03081 -0.044158
0.068301 0.03019 -0.034065
0.062952 -0.03302 -0.015585
0.103611 0.023505 -0.005708
0.08448 -0.04098 0.00021
0.116703 0.00084 -0.031972
0.02758 -0.01727 0.0256
0.089299 0.034127 -0.010246
0.06566 -0.01666 -0.0168
0.099362 0.024536 -0.029601
0.083843 0.00445 -0.042572
0.090951 -0.00063 -0.049859
0.089883 0.034386 -0.008568
0.076941 0.026979 -0.041064
0.095451 -0.00146 -0.006878
0.097053 -0.03785 0.001506
0.072815 0.036648 -0.035696
0.114348 -0.0574 0.005285
0.084158 0.0017 -0.043343
0.11094 0.01898 -0.02964
0.096557 -0.00667 -0.005864
0.072378 -0.02607 -0.049421
0.063661 0.01747 -0.035462
0.10379 -0.03171 -0.025541
0.0424 -0.01491 -0.0208
0.097594 0.01894 -0.03279
0.073445 -0.00596 -0.037284
0.063722 0.01586 -0.040331
0.063323 0.01385 -0.031559
0.080346 -0.0293 -0.049848
0.079507 -0.03159 -0.006216
0.099486 0.025132 0.000829
0.114827 -0.06289 -0.003851
0.095556 -0.04102 0.008116
0.04553 0.00194 0.0209
0.084593 0.04026 0.008687
0.05932 0.02117 0.016
0.079321 0.037927 -0.035649
0.089626 0.01922 -0.008414
0.076716 0.01044 -0.01475
0.0601 -0.01812 0.0237
0.073814 -0.02769 0.024908
0.02103 0.0001 -0.0218
0.105277 -0.01742 -0.007522
0.01989 -0.04521 0.0034
0.094817 -0.00209 -0.007481
0.117781 -0.01127 -0.0314
0.05234 -0.05152 -0.0143
0.0736 -0.01109 -0.038583
0.05553 -0.00798 -0.0195
0.10279 -0.01744 -0.0013
0.078778 -0.00173 -0.048464
0.076305 -0.03096 -0.041554
0.112899 -0.01447 -0.032546
0.069275 0.027345 -0.037405
0.067999 0.028663 -0.037905
0.04613 0.01679 -0.0223
0.115257 -0.06697 -0.001118
0.095079 0.038388 0.004903
0.059895 0.01527 -0.038805
0.064651 -0.05597 -0.008978
0.095541 0.022538 -0.009726
0.107653 0.01351 0.002529
0.079473 0.030169 -0.04325
0.079341 0.03408 -0.042738
0.084401 -0.02173 -0.037275
0.080409 -0.04113 0.01411
0.071597 0.01945 -0.037056
0.098595 -0.06695 -0.003587
0.099041 0.025374 0.003877
0.0616 0.04279 -0.0155
0.089858 0.026427 -0.009217
0.0295 -0.02791 0.0238
0.067897 0.028828 -0.03912
0.109207 -0.02889 0.012007
0.099606 0.02367 -0.009012
0.092565 0.038617 -0.007183
0.099618 -0.03114 -0.010511
0.104063 -0.01949 -0.026085
-0.00225 0.03041 0.015
0.077065 -0.03231 -0.045787
0.071214 0.0108 -0.044241
-0.00223 -0.01409 0.0259
0.102748 -0.01018 -0.035602
0.068593 -0.00452 -0.039403
0.078721 0.037675 -0.037868
0.104783 0.036961 -0.005539
0.116677 -0.06155 0.005894
0.092994 0.02169 -0.009683
0.069257 0.00732 -0.042108
0.104911 -0.01378 -0.034813
0.101887 -0.0066 -0.035864
0.082471 -0.0354 -0.004126
0.103261 -0.01602 -0.001641
0.101398 0.00761 -0.037234
0.088491 0.015655 -0.007552
0.068749 0.028401 -0.034689
0.073153 0.032328 -0.030799
0.097762 0.00806 -0.032083
0.103989 0.00048 -0.035545
0.111157 -0.03315 -0.033739
0.103166 -0.03035 -0.024831
0.068465 -0.0083 -0.039803
0.077117 0.00826 -0.046602
0.096762 -0.01104 -0.004472
0.072683 0.00073 -0.044487
0.114711 -0.06659 0.00518
0.090434 0.02682 -0.009577
0.060551 0.01428 -0.035621
0.086903 -0.01227 -0.009225
0.02935 -0.03726 0.0211
0.03177 -0.05532 0.0013
0.114472 -0.05761 0.005477
0.0359 -0.0473 -0.0155
0.089681 -0.00674 -0.051491
0.067322 -0.01226 -0.044208
0.097704 -0.02081 -0.002577
0.095278 -0.01615 -0.003345
0.10991 -0.01719 -0.005505
0.103515 0.031214 -0.033173
0.080182 0.034115 -0.043058
0.065469 -0.00978 -0.048615
0.108558 -0.01728 0.000684
0.099714 0.024792 0.001021
0.072348 -0.00756 -0.050988
0.07266 -0.02202 -0.0139
0.099955 0.00752 -0.042483
0.113259 -0.03011 -0.036314
0.087838 0.02079 0.016112
0.068178 0.028459 -0.036711
0.108094 -0.01702 0.003238
0.113126 -0.06681 -0.002613
0.107009 0.02016 -0.000523
0.100561 0.024532 0.003984
0.073219 -2e-05 -0.040785
0.110225 0.00764 -0.030153
0.086646 -0.02655 -0.050386
0.101281 -0.05435 0.008291
0.106755 0.00398 -0.000847
0.094926 0.022282 -0.009644
0.069923 0.031587 -0.040906
0.060397 0.00937 -0.039759
0.05155 -0.02811 0.024
0.04827 0.00361 -0.021
0.080024 -0.02931 -0.03851
0.10863 -0.0141 -0.001486
-0.00508 0.01087 -0.0173
0.04905 0.03719 0.0093
0.073279 0.025667 -0.036687
0.095356 -0.05938 0.009781
0.064929 -0.0056 -0.043517
0.066049 0.01837 -0.037168
0.096831 -0.01947 -0.002451
0.06188 0.03266 -0.0212
0.066806 -0.04296 0.012578
0.070202 -0.04663 0.010598
0.062931 -0.04065 0.019573
0.07191 0.00284 -0.0172
0.0188 -0.04287 -0.0045
0.067482 0.030545 -0.036437
0.067861 0.033039 -0.036033
0.099047 0.023364 -0.009058
0.104657 0.00395 -0.005299
0.113567 -0.06545 -0.004002
0.088869 0.02979 -0.034291
0.115667 -0.05837 0.004553
0.094709 -0.00685 -0.005648
0.104578 -0.06162 0.008078
0.108922 -0.01723 0.00757
0.085497 0.043492 -0.003049
0.065663 -0.01056 -0.044614
0.02561 0.03102 -0.0173
0.10039 0.028437 0.00294
0.073686 -0.00904 -0.037583
0.086704 0.02916 0.012282
0.074298 0.035044 -0.015663
0.02511 0.03192 0.0127
0.067984 0.028732 -0.038315
0.06146 0.04587 -0.0072
0.074473 0.042309 -0.011884
0.070537 0.034816 -0.039741
0.070128 0.026837 -0.035662
0.082332 -0.00793 -0.011818
-0.00272 -0.02182 0.0213
0.04977 -0.03109 -0.0198
0.066051 -0.03987 -0.008713
0.097677 0.029474 0.005494
0.0608 0.01082 -0.033675
0.096983 0.00509 -0.013195
0.05619 -0.04074 0.020417
0.116472 -0.05926 0.003447
0.079915 0.030571 -0.043515
0.11595 -0.06116 0.006704
0.100318 -0.00934 0.018654
0.072624 -0.03252 -0.00918
0.095635 0.01202 -0.032364
0.055419 -0.04943 0.014763
0.05184 0.04246 -0.0156
0.075826 0.029338 -0.042026
0.069458 -0.0418 0.002123
0.090689 0.01176 -0.015128
0.100685 0.025997 0.000105
0.085669 0.01741 -0.048416
0.075241 -0.02417 -0.040127
0.117609 -0.06358 0.002232
0.07578 0.0384 0.0104
0.084075 -0.01513 -0.044943
0.075232 -0.00249 -0.049577
0.097717 0.022351 -0.012363
0.067749 0.01542 -0.031467
0.04858 -0.01842 0.0237
0.03879 -0.01852 0.024
0.067215 -0.00145 -0.042508
0.086637 -0.0223 -0.04937
0.067485 0.0054 -0.034403
0.068194 0.01074 -0.019336
0.097455 0.026146 0.006482
0.10166 -0.03517 -0.008777
0.07636 -0.0176 -0.013
0.075102 -0.03052 -0.042189
0.06173 0.0216 -0.0219
0.11422 -0.03272 -0.002691
0.03651 -0.02913 -0.0204
0.03423 -0.051 0.0126
0.106563 -0.01749 -0.029154
0.067226 -0.01142 -0.048008
0.080745 -0.00424 -0.050256
0.092947 0.00607 -0.012053
0.093414 0.021224 -0.010487
0.080375 -0.02097 -0.047094
0.102692 -0.02305 0.018429
0.099909 0.023443 -0.007342
0.089707 0.035416 -0.029517
0.02523 0.03658 -0.0106
0.07402 0.00246 0.0213
0.071079 0.00482 -0.040253
0.069259 -0.04274 0.007982
0.069247 0.027966 -0.0343
0.090137 -0.00265 -0.050608
0.084033 -0.01384 -0.039343
0.073343 0.01052 -0.031582
0.065402 0.00665 -0.039709
0.069449 0.027928 -0.034043
0.090179 0.026666 -0.01042
0.090574 0.00404 -0.007029
0.060403 0.00899 -0.036531
0.11769 -0.0649 0.003407
0.101406 -0.03878 0.003583
0.105208 -0.01589 -0.00093
0.062989 0.01259 -0.041546
0.080494 0.028155 -0.043458
0.087574 -0.01953 0.024307
0.070148 -0.01174 -0.040697
0.076189 -0.03218 -0.044222
0.103933 0.028683 -0.001109
0.080121 -0.00265 -0.012912
0.097905 -0.0396 0.012385
0.103808 -0.0674 0.001341
0.072848 -0.04234 0.013595
0.086899 -0.0282 -0.049626
0.074575 -0.03988 3e-06
0.10572 0.028807 -0.005578
0.084242 -0.00978 -0.036542
0.00275 0.02832 -0.013
0.071718 -0.00187 -0.048491
0.077121 -0.03259 -0.044148
0.099402 -0.01901 0.019564
0.093118 0.00726 -0.014589
0.074104 -0.03058 -0.048484
0.065504 -0.00888 -0.050115
0.062707 0.00693 -0.037558
0.083588 0.01117 -0.035055
0.084459 -0.03593 0.022098
0.0738 0.04484 -0.0055
0.067757 0.033464 -0.037248
0.074673 -0.00283 -0.049779
0.11196 0.01382 -0.028887
0.084578 -0.01904 -0.009058
0.075782 -0.0424 0.007505
-0.00398 -0.03118 0.0071
0.091825 0.00179 -0.047296
0.065122 -0.0043 -0.049616
0.092667 -0.02077 -0.048835
0.078926 -0.00839 -0.050563
0.062462 -0.06285 -0.006104
0.03211 -0.05352 -0.0067
0.083871 -0.00838 -0.011162
0.094192 -0.01718 -0.00421
0.063259 -0.06494 0.00204
0.069133 -0.00349 -0.039301
0.04006 0.04483 -0.0058
0.055936 -0.04105 -0.015796
0.077813 0.01903 -0.0445
0.100416 0.037568 0.002265
0.0327 -0.00231 -0.0216
0.103307 0.028514 -0.033091
0.085458 -0.03248 -0.039314
0.09247 -0.03976 0.002015
0.092924 0.020246 -0.013578
0.076847 -0.03184 -0.042266
0.101669 0.02167 -0.031566
0.0749 0.02095 0.016744
0.072856 0.00681 -0.033491
0.085114 -0.03061 -0.005836
0.0686 -0.01277 -0.046403
0.066971 0.01046 -0.030645
0.072925 -0.02857 -0.044025
0.106091 -0.01134 0.013809
0.083931 0.00485 -0.039842
0.07803 0.025971 -0.040206
0.088442 0.010011 -0.007462
0.090363 0.017069 -0.012158
0.067587 0.01042 -0.043057
0.085958 -0.00286 -0.01007
0.059645 0.01231 -0.039997
0.115612 -0.02864 -0.001774
0.072653 0.025989 -0.037765
0.099322 -0.06367 -0.007142
0.104228 0.00298 0.010555
0.088272 -0.02644 -0.049672
0.063429 0.00608 -0.036016
0.03786 -0.04244 0.0202
0.101892 -0.05329 -0.004571
0.09586 -0.03257 -0.002665
0.083885 -0.00127 -0.037244
0.07999 -0.01976 -0.040857
0.067208 0.01841 -0.034576
0.068076 0.01054 -0.030656
0.069104 0.029489 -0.033031
0.079799 0.02485 -0.035895
0.115125 -0.06604 -0.002095
0.05245 0.01973 -0.0224
-0.00183 0.00617 0.0263
0.077876 0.01281 -0.047116
-0.00329 -0.02796 0.0154
0.091345 0.028539 0.010977
0.05623 0.01097 -0.0211
0.111864 -0.01218 -0.001735
0.066751 -0.00166 -0.04671
0.073199 -0.0021 -0.038185
0.09985 0.023702 -0.008417
0.090334 0.016578 -0.014624
0.085093 0.00215 -0.010988
0.098927 -0.01455 -0.003794
0.04228 -0.02879 0.0242
0.10155 0.00555 -0.031718
0.10208 0.026531 -0.032497
0.089942 0.01092 -0.012734
0.089194 -0.06754 0.002087
0.116346 -0.06428 -0.001942
0.04462 -0.05506 -0.0121
0.02454 0.03925 -0.0021
0.04713 0.02114 0.016
0.03145 -0.01248 -0.0214
0.083442 0.01708 -0.035277
0.119226 -0.00769 -0.030995
0.075986 0.034771 -0.041477
0.072108 0.026631 -0.038763
0.080575 -0.03368 -0.044003
0.09711 0.00285 -0.008755
0.099607 0.00548 0.013903
0.114021 -0.02696 -0.037076
0.05154 0.03236 -0.0215
0.083323 -0.02801 -0.050303
0.114454 -0.05789 0.005772
0.074753 0.0299 -0.03079
0.07401 -0.02867 -0.041581
0.069768 0.035052 -0.033752
0.073236 -0.00381 -0.037485
0.02317 -0.04281 0.0155
0.068918 -0.01294 -0.043201
0.102563 0.00541 -0.011595
0.1146 -0.05689 0.002725
0.075533 -0.02881 -0.040377
0.115888 -0.06706 -0.000748
-0.00492 -0.02022 -0.0078
0.070907 0.01327 -0.044485
0.06056 0.0381 0.0096
0.107829 -0.03326 0.010277
0.104148 0.026527 -0.006547
0.098027 0.022535 -0.010851
0.102574 -0.02272 -0.024228
-0.00198 0.02317 0.0203
0.078366 0.00328 -0.013861
0.069641 0.018 -0.040374
0.095564 0.01602 -0.03255
0.04189 -0.00452 -0.0206
0.111958 0.00104 -0.003146
0.106732 0.00766 -0.003803
0.065348 -0.00367 -0.043215
0.09308 -0.03378 -0.002359
0.095046 -0.03269 -0.00167
0.04309 -0.05546 0.0096
0.084009 -0.02809 -0.050274
0.0795 -0.01309 -0.0125
0.0762 -0.03061 -0.041269
0.02418 0.02173 0.019
0.076187 -0.03162 -0.046258
0.067225 0.01277 -0.043235
0.069368 0.033791 -0.03302
0.075473 0.031663 -0.042566
0.102193 -0.05105 0.002767
0.091966 -0.01781 -0.045834
0.05862 -0.00394 -0.0195
0.087208 -0.02758 0.024989
0.0405 0.03251 -0.0203
0.116465 -0.06568 -0.000768
0.067333 0.01135 -0.030575
0.095903 -0.01097 -0.004708
0.080207 -0.01903 -0.04448
0.03933 0.03563 0.0099
0.02396 0.02154 -0.0217
0.107708 -0.01338 0.008843
0.107671 -0.06703 -0.001343
0.04034 -0.05959 0.0006
0.10143 -0.01967 -0.009464
0.06733 -0.02162 -0.0162
0.094683 0.041359 -0.004042
0.082605 -0.02968 0.024918
0.080228 -0.03283 -0.041525
0.099411 0.023542 -0.009002
0.099156 -0.02285 -0.010466
0.088019 0.040503 -0.008627
0.01909 -0.01027 -0.0203
0.080127 -0.00619 -0.050758
0.10924 -0.01486 -0.033579
0.116583 -0.0604 0.004621
0.072402 -0.01081 -0.049388
0.097291 -0.02284 -0.003657
0.098904 -0.06726 -0.001634
0.07204 0.036126 -0.037247
0.112338 -0.01976 -0.035742
0.08371 0.00822 -0.036195
0.079302 -0.02309 -0.03824
0.084746 0.00893 -0.011175
0.082506 0.031756 -0.044334
0.100081 0.023997 -0.00714
0.083222 -0.02255 -0.049609
0.081677 0.02965 -0.044245
0.113127 -0.06732 -0.001436
0.118202 -0.0017 -0.031403
0.115068 -0.00744 -0.001158
0.076295 -0.0011 -0.047573
0.063185 0.00737 -0.033227
0.088463 -0.02332 -0.049368
0.09736 -0.01477 -0.002381
0.090553 0.026893 -0.008907
0.066717 -0.05165 -0.00834
0.03457 0.00263 0.0222
0.04139 0.01902 -0.0225
0.076784 -0.01 -0.049971
0.067305 0.00988 -0.030779
0.03768 0.02182 0.0166
0.110276 -0.01812 0.005075
0.084325 -0.03096 -0.048281
0.079565 0.03203 -0.043275
0.08039 0.031894 -0.043563
