3866
0.03114 0.0736 0.06758
0.034452 0.0 0.088077
0.09895 0.0124 0.06015
0.06902 0.0352 -0.02436
0.0937 -0.0194 -0.00921
-0.06398 -0.0565 0.09185
-0.07642 -0.0312 0.07381
0.01366 0.0786 0.04669
0.09666 0.0456 0.03446
0.01372 0.0804 0.04366
0.08897 -0.0405 -0.00074
0.00872 -0.0842 0.06203
0.09824 -0.0188 0.05389
0.10751 -0.0055 0.09206
0.02972 0.0679 0.02677
0.06985 0.0145 -0.0338
-0.009189 -0.047313 0.01646
0.0223 -0.0646 0.1469
0.02773 -0.0695 0.02427
0.09984 0.002 -0.02389
0.0136 -0.0814 0.05118
0.10149 -0.0078 0.0619
0.09789 -0.0282 0.05455
0.01323 0.0829 0.04741
0.0183 0.0736 0.02847
-0.026461 -0.011082 0.163167
0.08284 0.0398 -0.00944
0.09118 0.0214 -0.02152
0.01456 0.0744 0.04936
0.03769 0.0702 0.05104
-0.0428 0.0547 0.14792
0.093 -0.0173 -0.00535
-0.0801 -0.0101 0.07284
0.09913 -0.0243 0.04938
0.01576 0.0729 0.04359
-0.000521 -0.05694 0.088077
-0.08094 -0.0051 0.08055
0.01358 -0.0809 0.04907
0.01901 -0.071 0.041
0.01381 0.0847 0.07199
-0.002179 -0.052615 0.058757
0.02663 0.0695 0.02034
0.07472 -0.0593 0.0681
0.06132 -0.0645 0.06899
0.0192 -0.058 0.01797
0.10781 0.0016 0.00973
0.02988 0.0652 0.01802
-0.037566 -0.016667 0.017351
0.11141 0.0047 0.04308
0.01386 0.0753 0.04895
0.10214 0.0084 0.05642
0.08002 -0.0461 0.12518
0.02191 0.0694 0.04605
0.10521 0.0109 0.00836
-0.014444 -0.008469 0.163167
0.10421 0.0004 0.05845
0.02778 -0.0626 0.01815
0.02434 0.0681 0.04467
0.10151 -0.0026 -0.0067
0.11161 0.0095 0.01849
0.01462 0.0805 0.05126
0.09639 -0.0362 0.06299
0.0039 0.0785 0.06689
-0.022234 -0.043606 0.033913
0.01475 -0.0806 0.06237
0.01584 -0.0753 0.04157
0.10358 -0.018 0.02217
0.03224 0.0652 0.02412
0.10107 -0.0356 0.06888
0.09369 -0.0169 -0.00595
0.021358 -0.01955 0.045551
0.04275 0.0456 -0.01395
-0.033256 0.0 0.012986
0.0933 -0.0479 0.0758
0.09751 -0.0215 0.05534
0.01579 -0.0791 0.05624
0.08214 -0.0437 0.12584
0.03162 0.0699 0.04214
0.09718 -0.0329 0.00613
0.09415 -0.0187 -0.00812
-0.06381 0.0486 0.12562
0.09966 -0.0086 -0.0184
0.01349 0.0818 0.04453
0.01531 0.0739 0.02307
-0.0791 0.0229 0.07546
0.10214 -0.0076 0.05669
-0.034251 -0.031623 0.024401
0.05362 -0.0636 0.02847
-0.00425 0.04739 0.130602
0.0998 -0.0127 0.05378
0.08897 0.0392 -0.00213
0.02461 0.0674 0.03808
0.006855 0.013064 0.024401
0.01022 0.0864 0.06416
0.01679 -0.0774 0.06321
0.02635 0.0617 0.01578
0.10106 -0.0301 0.03928
0.09572 0.0419 0.05283
0.09207 0.0446 0.00928
-0.03389 0.0023 0.16874
0.02531 0.0759 0.08004
0.02751 -0.0699 0.03618
0.10216 0.0334 0.08838
0.02107 0.072 0.038
0.09913 0.0248 0.04853
-0.016489 0.051037 0.011582
-0.05417 0.0613 0.05999
0.08968 -0.0363 -0.00572
0.01356 0.0816 0.04734
0.09072 -0.019 -0.02892
0.09924 -0.0291 0.04857
0.06488 0.0393 -0.02094
0.03208 -0.0701 0.05028
0.08547 0.0029 -0.0376
-0.016489 -0.047313 0.011582
0.02556 0.0671 0.03719
0.02027 0.0829 0.07022
0.0932 -0.0498 0.03703
0.03117 0.0654 0.02001
0.0321 0.0652 0.02302
-0.034251 -0.031623 0.151752
0.00246 -0.0843 0.06653
0.09378 -0.0445 0.05294
0.03208 0.0706 0.04783
0.021358 0.01955 0.130602
0.09669 0.0118 -0.00605
0.01908 -0.0732 0.03294
-0.050577 0.030812 0.033913
0.10339 -0.0009 -0.01653
0.04629 0.0661 0.13402
-0.04229 -0.009009 0.158803
0.01357 -0.0788 0.05084
-0.00068 -0.0737 0.05205
0.014811 -0.016667 0.033913
0.006855 0.013064 0.151752
0.10154 -0.0353 0.03067
0.07927 -0.0154 -0.03548
0.01388 0.0795 0.10398
0.06834 -0.0546 0.00511
-0.07634 0.0189 0.05973
0.10951 -0.0071 0.00288
0.08247 -0.0542 0.08461
0.02871 0.0689 0.02816
0.01475 -0.0745 0.04856
0.05605 -0.0662 0.04682
0.02231 0.0738 0.05677
0.09298 0.0197 -0.01229
0.04564 -0.0458 -0.01445
0.02488 0.0672 0.03839
0.02352 -0.0723 0.06432
0.0971 0.0203 0.05761
-0.030804 0.048647 0.063115
0.11081 0.0108 0.02967
-0.0253 -0.0744 0.06546
0.03311 -0.0652 0.0276
0.09594 0.0209 0.0569
-0.05864 0.0251 0.14854
0.02119 0.0686 0.04306
-0.07642 0.0325 0.0727
0.10681 0.0003 0.05296
0.08996 -0.0495 0.06093
0.03193 -0.067 0.03013
0.01406 -0.0835 0.06972
0.01982 0.0716 0.05091
-0.0726 -0.0125 0.12779
0.09999 -0.0295 0.04457
0.03354 0.0677 0.03308
0.10327 -0.0057 0.06596
0.09816 -0.0175 0.05727
-0.05774 0.0559 0.05609
0.01801 -0.0766 0.0949
-0.06149 0.0592 0.10964
0.09363 -0.0273 -0.00437
-0.062345 0.0 0.033913
0.0067 0.0834 0.0408
0.02151 0.0717 0.04811
0.02566 -0.0765 0.0728
0.02817 -0.0689 0.02226
0.09191 0.0395 0.00236
-0.026461 0.011082 0.012986
0.06979 0.039 -0.02033
0.09674 0.0203 0.05631
-0.050493 0.048647 0.015582
0.04192 -0.0533 -0.00382
0.0998 0.0134 0.05333
0.02221 -0.0754 0.08838
-0.053352 -0.045319 0.020931
0.01367 0.0812 0.04334
0.02475 -0.0719 0.05632
0.00298 0.0703 0.03893
0.09543 0.0143 -0.0073
-0.041957 0.048647 0.058495
0.02513 0.0569 0.01256
0.09669 -0.0132 -0.00562
-0.050577 -0.030812 0.14224
0.10049 -0.0378 0.07352
0.01466 0.0743 0.04956
0.10428 -0.0034 0.06842
0.0154 -0.0792 0.05984
0.00405 0.0854 0.04297
0.10029 -0.0059 -0.01845
0.03141 -0.0726 0.07423
-0.04532 0.0022 0.16314
0.10311 -0.0198 0.07411
0.10347 0.0181 0.02084
0.00663 -0.0836 0.05102
0.00598 -0.0777 0.07182
0.09382 -0.0485 0.04131
0.09355 -0.0413 0.06088
-0.024 0.0801 0.10217
0.09697 -0.0162 -0.00987
-0.077842 0.0 0.073193
0.06005 -0.0654 0.0558
0.00405 -0.0851 0.04594
0.01729 0.0726 0.04659
0.09723 0.0347 0.00695
0.05957 0.0608 0.01989
0.1045 0.0156 0.03789
0.02127 -0.0713 0.05121
0.01385 0.0801 0.04296
-0.0251 -0.047313 0.00987
-0.022234 -0.011983 0.163167
0.10981 -0.0006 -0.00024
-0.06872 0.0443 0.1181
0.06661 -0.0459 -0.01305
0.01729 -0.0722 0.04912
0.09969 0.0154 0.05159
-0.00306 -0.0731 0.05344
0.09857 -0.0167 0.06215
0.00196 -0.0795 0.04085
0.06376 0.0648 0.06113
0.04005 -0.0484 -0.0098
-0.00758 0.048647 0.007046
0.01746 -0.0746 0.02946
0.08391 0.0171 -0.03485
0.00796 0.0826 0.04122
0.01928 -0.076 0.09009
0.0208 0.0693 0.03925
0.10851 -0.0109 0.03665
0.01624 0.0845 0.06999
0.03072 0.067 0.02619
0.02722 -0.0546 0.00731
0.09975 0.0158 0.06559
0.00225 0.0723 0.041
0.02865 0.0701 0.04484
0.03237 -0.0727 0.07873
0.09285 -0.0218 -0.01367
0.03158 -0.0122 0.17159
0.10263 0.0218 0.01607
0.06897 0.0308 -0.02789
0.01982 0.0824 0.06803
0.0675 -0.0494 -0.00659
0.01508 0.0734 0.04098
-0.01066 0.0552 0.16121
0.00146 0.0874 0.05023
-0.018733 -0.045319 0.063115
0.01486 -0.0734 0.04444
0.07704 -0.0183 -0.03453
0.07624 0.0346 -0.02255
0.07608 0.0609 0.0421
0.04962 -0.0481 -0.01251
0.09388 -0.0208 -0.00328
0.09186 0.0458 0.05786
0.00274 -0.0714 0.04231
0.01864 -0.0714 0.04921
0.09787 -0.0062 -0.03154
0.09665 -0.0452 0.03865
0.00122 0.0697 0.04024
0.07457 0.0235 -0.03216
0.09363 0.026 -0.0053
0.02585 -0.0667 0.03992
0.08127 -0.0353 -0.01873
-0.024768 -0.045319 0.001832
0.00447 -0.0875 0.06509
0.03295 -0.072 0.12003
0.09213 0.0202 -0.0067
0.10671 -0.0054 0.09886
-0.004311 0.051037 0.040981
0.02426 0.0531 0.00593
0.0367 -0.0719 0.08042
0.02494 0.0601 0.15373
0.02651 0.0667 0.01659
-0.07718 0.0119 0.06025
0.02985 -0.0744 0.10497
0.02561 -0.0679 0.04715
0.08782 -0.0222 -0.02886
0.02625 -0.0779 0.06942
-0.004311 -0.047313 0.040981
0.02972 -0.0682 0.02915
0.09029 0.0488 0.05211
0.01981 -0.0711 0.0499
-0.0791 -0.0215 0.07624
0.0144 -0.081 0.06828
0.09948 -0.0129 -0.00422
0.0306 0.0745 0.05716
0.01572 0.0821 0.07333
-0.04371 -0.0668 0.12414
0.10151 0.0012 -0.00677
0.05626 -0.0413 -0.01973
0.09476 -0.018 -0.01203
0.02953 0.0628 0.01686
0.0995 -0.0297 0.06478
0.09639 -0.036 0.05989
0.01476 -0.0749 0.04307
0.10501 0.0006 0.07065
0.07336 0.061 0.069
-0.04229 0.052615 0.117397
0.01246 -0.0821 0.0672
0.01128 -0.0646 0.02859
0.03411 -0.0489 -0.00629
0.01387 -0.0626 0.02525
0.09661 0.042 0.06223
0.01549 0.0731 0.04008
0.09851 0.0149 0.0567
0.01836 0.0734 0.02268
0.02855 0.0671 0.03749
0.07657 -0.0012 -0.03503
0.0282 -0.0693 0.02597
0.02541 0.0522 0.00394
0.03763 -0.0509 -0.00556
0.09721 0.0138 -0.00509
0.00934 0.0845 0.06079
0.02218 -0.0684 0.04145
0.1029 0.0215 0.03758
0.099 0.0095 -0.01772
0.02538 -0.0719 0.05242
0.01668 0.0733 0.02218
0.10081 -0.0059 -0.01785
-0.00425 -0.04739 0.130602
0.10013 -0.0235 0.06547
0.02072 -0.0753 0.08508
0.0986 -0.0123 -0.00463
0.09426 -0.0187 -0.01232
0.10107 0.0205 0.06921
0.00583 -0.0839 0.04732
0.09596 0.0426 0.05082
0.01705 -0.0739 0.12656
0.09697 0.0147 -0.0104
0.08722 0.0081 0.14513
0.0847 0.0558 0.02868
0.10701 -0.0151 0.02022
0.01373 0.0797 0.04927
0.10365 0.0228 0.02166
0.09969 -0.0148 0.05212
0.09765 -0.0405 0.04617
0.01456 0.0774 0.07851
0.02034 0.077 0.07232
0.0213 0.0715 0.05221
0.01585 -0.0739 0.04165
-0.02656 -0.0767 0.0792
-0.05646 -0.0417 0.1431
0.01633 -0.0763 0.04099
0.07107 0.0235 -0.03206
0.07245 -0.0044 0.15705
0.09966 0.0068 -0.01867
0.08993 0.0527 0.04034
0.02258 0.0585 0.01503
0.07141 0.0616 0.08009
0.00313 0.0693 0.03775
0.10471 0.0018 -0.01408
0.01366 -0.0822 0.0627
0.01255 -0.0757 0.07539
0.06985 -0.0169 -0.03326
-0.0461 0.0355 0.15716
0.09236 0.0188 -0.02268
0.10425 0.0165 0.02487
-0.00344 0.0744 0.05356
-0.022234 -0.034236 0.024401
0.06445 -0.0373 -0.0235
-0.07642 0.0155 0.1171
0.03268 -0.073 0.08444
-0.01081 0.0497 0.16441
0.10114 0.0098 -0.00402
0.079 0.0588 0.05443
0.09823 0.0406 0.01745
0.09705 -0.0301 0.00408
0.09938 0.0406 0.06596
0.09274 -0.0461 0.06157
0.10405 0.0097 0.06969
0.02953 -0.0633 0.01906
0.01927 0.076 0.05714
0.0192 -0.0704 0.04839
0.11071 -0.0133 0.02249
-0.012041 -0.004595 0.163167
0.0679 -0.0199 -0.0325
0.09309 -0.0439 0.06123
0.09486 -0.0329 0.00103
0.01132 0.0715 0.02451
0.03354 -0.0677 0.03544
0.07277 0.0438 -0.01211
0.00882 0.0666 0.0296
0.09948 -0.0011 -0.03083
0.03813 0.0705 0.05343
0.00903 -0.0805 0.03836
0.09603 -0.022 0.05665
-0.07213 0.0242 0.12505
-0.06177 -0.0506 0.12446
0.09881 0.015 0.0548
0.0134 0.0832 0.05511
0.10951 0.006 0.00265
0.10501 0.0004 0.05646
0.10751 0.0008 0.07915
0.01882 0.0753 0.05365
-0.022234 -0.034236 0.151752
0.06836 0.0631 0.09157
0.10232 -0.0115 -0.00315
0.00579 0.0872 0.05524
0.02339 -0.0699 0.04998
0.06836 -0.061 0.09373
0.08609 -0.0519 0.08597
0.08619 0.0539 0.05032
-0.01042 0.0603 0.15732
0.0262 -0.0671 0.04323
-0.06666 -0.0438 0.05873
0.10127 -0.0044 -0.00647
0.00617 0.048647 0.03277
0.09846 -0.0134 0.0612
0.06345 -0.0458 -0.01405
0.0691 -0.0618 0.06574
0.08609 0.0536 0.08413
0.02593 0.0723 0.0497
0.0748 -0.0601 0.05691
0.11391 -0.0024 0.016
0.10781 0.0035 0.00989
0.03841 -0.0699 0.05708
0.10409 0.0044 -0.01423
-0.00744 -0.0781 0.07893
0.02467 -0.0719 0.05772
0.11711 -0.0056 0.03256
0.0282 0.069 0.02355
0.0907 0.0484 0.05702
0.1046 0.0052 0.06947
0.07077 -0.0135 0.15691
-0.065826 -0.01955 0.045551
0.0036 -0.086 0.04896
0.0214 -0.0785 0.07514
0.10425 -0.0169 0.02545
0.10631 -0.0052 0.07456
0.01378 0.0771 0.04602
0.09564 -0.0154 -0.00468
-0.06779 -0.0207 0.13554
0.01915 0.0812 0.06725
0.10044 0.0096 -0.01582
0.08996 0.0504 0.05918
0.01433 0.0773 0.05061
0.0929 -0.0414 0.05799
0.09869 0.0293 0.05255
0.03317 -0.0718 0.05892
0.09213 -0.0216 -0.00597
0.09509 -0.043 0.06291
0.09605 0.0407 0.09646
-0.006902 0.016667 0.158803
0.07311 0.0307 -0.02749
0.09411 -0.0174 -0.00444
0.08487 -0.052 0.08937
0.07715 0.0303 -0.02658
0.01938 -0.0698 0.04178
0.0087 -0.0852 0.06475
0.07276 0.0487 -0.0035
0.017131 0.042795 0.10296
0.0306 -0.0736 0.05975
0.09822 0.0385 0.05009
-0.040218 0.04739 0.045552
-0.036608 -0.045319 0.061354
-0.07086 0.0345 0.12187
-0.03377 -0.0464 0.15869
0.10332 -0.0266 0.03092
0.10366 -0.0152 0.00082
0.02138 -0.0683 0.04625
0.06813 -0.0632 0.05006
0.0971 -0.0195 0.0583
-0.08 0.0154 0.097
0.08061 -0.0515 0.00865
0.01116 0.0788 0.03458
-0.012928 -0.045319 0.061354
0.01819 -0.0683 0.02135
0.04564 0.0441 -0.01602
0.01013 -0.0838 0.06612
-0.03256 -0.0736 0.06965
0.09288 0.0162 -0.00613
0.07956 0.0582 0.06305
0.07431 0.0613 0.05129
0.011081 -0.036218 0.130602
0.09362 -0.0407 0.00666
0.09023 0.0519 0.07286
0.03706 0.0654 0.02882
0.00174 -0.0787 0.09234
0.02326 0.0678 0.04038
0.04254 -0.0706 0.1146
0.00275 0.0695 0.03845
-0.03282 0.0559 0.1537
0.05325 -0.0675 0.08164
0.09429 -0.0186 -0.01602
0.10063 -0.0087 -0.0171
0.00558 0.0848 0.04638
-0.0529 0.0678 0.08068
0.06475 -0.0644 0.04478
0.01456 -0.0739 0.05195
0.00634 -0.0834 0.04732
0.01494 -0.0775 0.03731
0.10701 0.0011 0.09875
0.00844 -0.0861 0.07127
0.01032 -0.0766 0.0818
0.00414 -0.0703 0.03929
0.09951 -0.0343 0.04376
0.00265 -0.0788 0.03903
0.08833 -0.0303 -0.01622
0.01633 0.0764 0.03832
0.02097 -0.0724 0.03272
0.09269 -0.0331 -0.00367
-0.00669 0.077 0.13253
0.08782 0.02 -0.0296
0.00514 0.0843 0.03999
0.0298 0.0688 0.03296
0.01358 -0.0816 0.06799
0.10831 -0.0004 0.01266
0.0236 -0.0684 0.04015
0.07611 -0.0589 0.06469
0.10263 -0.0224 0.01685
0.01728 0.0741 0.03056
0.10358 0.0176 0.02155
0.00727 -0.0869 0.06318
0.01105 -0.0821 0.0753
-0.00035 -0.0791 0.09975
0.08683 -0.034 -0.01366
0.01397 0.0768 0.04542
0.08977 -0.0507 0.06865
0.02315 0.0721 0.0542
0.10169 -0.0094 0.05383
0.01185 0.0781 0.0338
0.06662 -0.0619 0.08375
0.10971 -0.0103 0.03544
-0.07107 0.0481 0.09603
0.0221 0.0691 0.03865
-0.08 -0.0133 0.0975
0.02261 -0.0719 0.03181
0.01507 -0.0737 0.04285
-0.03441 0.0086 0.16843
0.0956 -0.0173 -0.00855
0.08819 0.052 0.05775
0.00442 0.0786 0.07609
0.01535 0.0741 0.03977
-0.07461 -0.023605 0.088077
-0.02709 -0.0774 0.08612
0.10402 -0.0228 0.02625
0.02773 0.0686 0.04196
0.09189 0.0241 -0.01177
0.03224 0.0085 0.17173
0.00461 0.0701 0.03594
0.09023 -0.0506 0.07465
0.02617 -0.0751 0.06287
0.01278 0.0852 0.06588
0.03431 -0.0686 0.04446
0.01388 -0.077 0.10671
0.01719 0.0724 0.051
0.10981 -0.0004 0.01406
0.00899 0.0659 0.02941
0.01534 -0.0772 0.07551
0.00124 -0.0803 0.04306
-0.062345 0.043606 0.088077
0.0984 -0.0134 0.0595
0.02429 -0.0721 0.05292
0.03356 -0.0644 0.02558
0.00844 0.0874 0.06824
0.01262 -0.0753 0.02767
0.09925 0.0199 0.06332
0.00882 -0.0667 0.03192
0.10028 0.019 0.06713
0.06611 0.0625 0.03087
0.00339 -0.0781 0.03732
0.0134 -0.0825 0.058
0.01028 -0.0724 0.02802
0.10601 -0.0113 0.07636
0.02501 -0.0722 0.05952
0.02617 0.076 0.06024
0.08686 0.055 0.0331
0.01588 -0.0824 0.0754
-0.07892 0.0 0.088077
0.09275 -0.022 -0.01467
0.02973 -0.0688 0.03206
0.10405 0.0006 0.06695
0.0491 -0.0437 -0.01709
0.10315 -0.0151 -0.00118
0.08165 -0.0582 0.03957
0.00514 0.0854 0.04637
-0.03513 0.0362 0.16355
0.04931 -0.0508 -0.00896
0.10252 -0.0118 0.04877
0.02271 -0.0678 0.04454
0.01721 0.0728 0.05199
0.10771 0.0039 0.01229
0.08105 -0.0568 0.05755
0.02748 -0.0448 0.16316
0.09016 0.0392 -0.00033
0.09942 -0.0356 0.01378
0.09872 0.0249 0.05073
0.0163 0.0733 0.05158
0.02065 0.0716 0.04781
0.02119 -0.0682 0.04545
0.10295 -0.0179 0.01807
0.00155 -0.0863 0.05117
-0.05803 -0.0316 0.14683
0.01966 0.076 0.06374
-0.00744 0.0796 0.07618
0.04213 0.0709 0.06583
0.09594 -0.0425 0.0501
0.09937 0.0404 0.03475
0.02985 0.0769 0.10233
0.00577 0.0851 0.05007
0.04074 -0.0585 0.00748
0.10561 0.0071 0.05104
0.01952 0.0719 0.04791
0.08619 -0.0534 0.05219
0.09869 -0.0275 0.00673
0.02097 0.0723 0.0302
0.02434 -0.0678 0.04704
-0.05808 0.0642 0.09485
0.07842 0.0587 0.06964
-0.07594 0.0015 0.12005
0.10481 0.0019 -0.01258
0.03311 0.065 0.02532
0.09487 -0.0216 0.12945
0.01405 0.0774 0.04441
0.09016 -0.0404 0.00106
0.10347 -0.0186 0.02148
0.07763 0.02 -0.0338
0.02988 -0.0657 0.0203
0.11631 0.0067 0.03194
0.09062 -0.0057 -0.03855
-0.0721 -0.0415 0.07149
0.09241 -0.0235 -0.00694
0.09355 -0.0069 -0.03703
0.02297 0.0717 0.03011
0.01079 -0.0789 0.03694
0.03388 -0.0707 0.05469
0.01571 0.0608 0.02109
0.02591 0.0734 0.05498
0.01365 -0.0805 0.04766
0.06806 0.0631 0.06636
0.07159 -0.0545 0.12152
0.01366 -0.0822 0.0687
0.01802 -0.0719 0.05031
0.07763 -0.0224 -0.03306
0.05296 0.0419 -0.01888
0.02315 -0.0713 0.05671
0.02011 -0.0713 0.05131
0.02666 -0.0691 0.04917
0.02632 -0.0539 0.00659
0.09616 -0.0438 0.04532
0.01462 -0.0756 0.05358
0.09523 -0.0104 -0.03237
0.02537 -0.0715 0.03771
0.10154 -0.0077 0.0599
0.01132 -0.0718 0.02701
0.01982 0.0762 0.06463
0.09722 -0.0298 0.05988
0.04327 0.0684 0.04537
0.10781 0.0018 0.01172
-0.06952 0.0488 0.10602
0.11171 0.0084 0.03621
-0.002891 -0.045319 0.010894
0.03786 0.0724 0.12381
-0.055549 -0.036218 0.130602
0.03184 -0.0693 0.04347
0.0156 -0.0733 0.04214
0.05677 -0.0437 -0.01749
0.09908 0.0292 0.00785
0.01185 -0.0781 0.03652
0.09751 -0.003 -0.0343
-0.022234 -0.051264 0.045551
-0.06788 0.0157 0.137
-0.04638 0.0165 0.16179
0.09908 0.0396 0.06447
0.06444 -0.0493 -0.00819
-0.04637 -0.0696 0.07868
-0.013947 -0.021803 0.017351
0.10531 0.0112 0.00506
0.10072 0.0213 0.04489
0.07052 -0.0605 0.07622
0.11391 0.0017 0.01593
0.10165 -0.0282 0.06846
0.02787 0.0703 0.04673
0.00493 -0.0856 0.05135
0.0062 -0.0838 0.04922
0.10501 -0.0008 -0.01383
0.10471 0.0006 0.06945
0.10383 -0.0039 0.05773
0.0307 0.0705 0.04523
0.0115 0.0782 0.03339
0.01639 0.0723 0.0441
-0.07238 0.0079 0.12893
0.10429 -0.0147 0.04092
-0.02081 -0.0743 0.12717
0.03026 -0.0729 0.05693
-0.07876 0.0013 0.10955
0.08109 -0.0545 0.08822
0.01573 -0.0818 0.06979
0.09585 -0.046 0.02416
0.02481 -0.0694 0.01987
0.10341 0.0105 0.04918
0.09423 0.0419 0.05443
-0.059279 0.040272 0.117397
0.02488 0.0672 0.03959
0.01976 0.0804 0.07286
0.02502 -0.0736 0.06245
-0.01655 0.0798 0.11558
0.00832 0.0861 0.05936
-0.044527 -0.024235 0.024401
0.10039 -0.0234 0.00856
0.0738 -0.0602 0.06031
0.02371 -0.0722 0.06182
0.06134 0.0475 -0.01138
-0.0726 0.0158 0.1273
0.09426 0.017 -0.01295
0.10621 0.0137 0.01762
0.00937 -0.0802 0.03866
0.1001 0.0068 -0.01797
0.05627 -0.0496 0.14624
0.02311 -0.0547 0.00991
0.01693 -0.0724 0.04982
0.01156 -0.0786 0.03763
0.01573 0.0829 0.06692
0.10344 0.027 0.02569
0.09889 0.0248 0.04963
0.09622 -0.0234 0.06087
0.04327 -0.0679 0.04775
0.00528 0.0859 0.05016
0.06444 0.0478 -0.00988
0.01424 0.0854 0.06937
0.04074 0.0576 0.00545
0.08686 0.0543 0.07152
0.03308 0.0724 0.0553
0.10531 -0.0109 0.07426
0.02528 -0.0675 0.03894
0.01646 -0.0746 0.05476
0.10232 0.0102 -0.00353
-0.014444 0.008469 0.163167
0.0746 -0.0324 0.14634
-0.044527 -0.024235 0.151752
0.01959 0.0745 0.05426
0.08419 0.0231 -0.02966
0.05604 -0.052 -0.00614
0.10811 -0.005 0.01484
0.09262 -0.021 -0.00708
0.10571 -0.0128 0.00228
-0.0676 -0.0044 0.13885
0.11361 0.0089 0.0308
0.09571 -0.0104 -0.03137
0.09788 -0.0409 0.04397
0.08294 -0.0565 0.04995
0.02127 0.0719 0.04871
0.02829 -0.0519 0.00166
0.02574 -0.0675 0.04524
0.10781 -0.0024 0.0098
-0.03282 -0.0518 0.15558
0.08335 0.0563 0.07028
0.10375 -0.0145 0.01681
0.01873 0.0738 0.02527
0.09818 -0.0376 0.06472
0.10309 0.0013 -0.00507
0.10171 -0.0194 0.0714
0.09317 -0.0356 0.00037
0.01252 -0.0832 0.06031
0.033374 0.0 0.10296
0.10501 -0.0157 0.02503
-0.018007 -0.011082 0.012986
0.09881 -0.0143 0.05531
-0.037566 0.040272 0.033913
0.00327 0.0837 0.0397
0.02569 0.0672 0.04059
0.048 0.0708 0.11734
-0.022234 0.061625 0.088077
0.02724 -0.0738 0.05905
0.10661 0.0076 0.00932
0.00143 -0.0728 0.04573
0.07276 -0.05 -0.00177
0.0183 -0.0737 0.03104
-0.055707 -0.045319 0.03277
0.02916 -0.069 0.03546
-0.0366 -0.0747 0.08787
-0.059279 -0.016667 0.14224
0.0118 -0.0638 0.02787
0.01443 -0.0759 0.04499
0.07527 0.0123 -0.03517
0.03431 0.0689 0.04206
0.01348 -0.0771 0.05081
0.05127 0.0566 0.00327
0.10353 0.0041 -0.01572
0.03347 -0.0703 0.05279
0.07336 -0.0597 0.07111
0.07959 0.0592 0.04543
-0.059279 -0.040272 0.117397
0.0945 -0.0447 0.04964
0.00161 0.0704 0.04073
-0.036608 0.048647 0.004187
0.01419 -0.062 0.02484
-0.04588 0.0085 0.16263
-0.061599 0.042795 0.10296
0.09952 0.0415 0.07744
0.01739 0.082 0.06723
0.02812 0.0544 0.00621
0.00199 0.0715 0.04141
0.026164 0.021803 0.058757
0.09751 0.0222 0.05457
0.01217 -0.0639 0.02747
-0.012928 0.048647 0.004187
0.10167 -0.0076 0.0589
0.0333 -0.0691 0.04597
-0.01066 -0.0508 0.16306
0.03479 -0.0606 0.01501
0.04164 0.0709 0.06443
0.10044 -0.0114 -0.01545
-0.033256 0.0 0.163167
0.03869 -0.07 0.05828
0.005576 -0.045319 0.038806
0.02052 -0.0761 0.09399
-0.01042 -0.0559 0.15935
0.00899 -0.066 0.03171
0.05604 0.0591 0.01202
0.02114 -0.0685 0.04245
0.08602 -0.0251 -0.02741
0.029148 -0.023154 0.10296
0.09163 0.0318 -0.007
-0.065826 0.01955 0.130602
0.09844 0.0011 -0.03237
0.09173 0.0507 0.02777
0.09423 -0.0412 0.05588
0.08566 0.0435 -0.00051
-0.00924 0.0086 0.17423
0.01334 -0.082 0.04909
0.01425 -0.0812 0.06088
0.024921 0.0 0.045552
0.01676 0.0773 0.05251
0.10671 -0.0013 0.05268
0.00225 -0.072 0.04352
0.01933 -0.0727 0.04023
0.11851 -0.0072 0.02368
0.07508 -0.0572 0.01825
0.06981 -0.0625 0.03775
0.06664 0.0416 -0.01808
-0.070632 -0.021803 0.117397
0.10235 0.0188 0.07124
0.10228 -0.0327 0.02933
0.07571 0.0408 -0.01466
0.01799 0.0713 0.04522
-0.02223 0.0795 0.11158
-0.00758 0.048647 0.058495
0.02963 0.0679 0.02537
0.02561 0.0683 0.04477
0.10411 0.0074 -0.00288
0.02601 0.0639 0.01584
-0.05044 0.0689 0.10877
0.06022 0.066 0.06031
0.02496 0.0675 0.04178
0.10328 -0.0186 0.02038
0.03064 0.0678 0.02827
0.00648 0.0844 0.04999
0.02662 0.0556 0.00928
0.03724 -0.0691 0.05107
-0.06708 0.0489 0.11602
0.00813 0.0816 0.03723
0.11181 0.0002 0.04426
0.10581 -0.0052 0.07325
0.01849 -0.079 0.06934
-0.00169 -0.0788 0.10884
0.02447 -0.0594 0.01679
0.0291 0.0719 0.05021
0.014811 0.040272 0.117397
-0.00029 0.0766 0.05152
0.05777 -0.066 0.09972
0.06104 0.0605 0.12902
0.00346 0.0709 0.03822
-0.00061 0.0802 0.08377
0.11431 -0.0074 0.01869
0.02504 -0.0723 0.05482
0.01009 -0.065 0.03009
0.06065 -0.0646 0.07169
0.02889 0.0403 0.16537
-0.06461 0.0542 0.11292
0.03136 -0.061 0.01722
0.10456 0.0048 0.05568
0.10353 0.0005 0.06255
0.01849 0.0801 0.06656
0.05605 0.0665 0.0445
-0.03354 -0.0699 0.05708
0.09186 -0.0485 0.04841
0.07279 0.0387 -0.01943
-0.022234 -0.043606 0.14224
0.03356 0.0641 0.02334
0.1041 0.0159 0.02118
0.003815 0.048647 0.020931
-0.030521 -0.021803 0.017351
0.08165 0.0583 0.03754
0.09255 0.0198 -0.00779
0.00313 -0.0691 0.04017
-0.06042 -0.0122 0.14899
-0.05161 -0.0667 0.10183
0.00709 0.0831 0.04091
0.00123 -0.0704 0.04409
0.01928 0.078 0.08741
0.10168 -0.0319 0.06852
-0.030024 -0.008469 0.012986
-0.026461 0.011082 0.163167
0.09561 -0.0076 -0.03442
0.09983 0.0216 0.00488
0.02538 0.0725 0.04989
-0.013947 0.021803 0.017351
0.01395 -0.0748 0.02666
0.0154 0.0801 0.05706
0.09697 0.0164 0.12939
0.09832 0.0154 0.05969
0.02411 0.0724 0.0496
-0.05876 0.0634 0.08526
0.00196 0.0796 0.03807
0.09282 -0.0203 -0.00709
0.09716 -0.0255 0.0018
0.00785 0.0881 0.06363
0.09163 -0.0332 -0.00587
0.10158 -0.0007 -0.00694
0.10282 0.0104 0.06748
0.09382 0.0487 0.03961
-0.07628 0.0077 0.11874
0.03179 0.0681 0.03477
0.11161 -0.0032 0.04362
0.01778 -0.0782 0.06833
0.07635 0.0598 0.06052
0.03268 0.07 0.04574
-0.06381 -0.0454 0.12726
0.09569 0.015 -0.01441
0.01713 0.0743 0.02396
0.01428 0.0795 0.04137
-0.05521 0.0501 0.1392
0.01535 -0.0738 0.04235
-0.00169 0.0813 0.10605
0.01532 -0.0743 0.04216
0.0174 0.0722 0.05
0.10305 -0.0279 0.02244
0.01491 -0.0739 0.05005
0.02056 -0.062 0.01894
0.01419 0.0617 0.02268
-0.050577 0.030812 0.14224
0.00847 -0.0811 0.04038
0.01404 0.0775 0.05021
0.01326 0.0823 0.07313
-0.050493 0.048647 0.049959
0.10043 -0.001 -0.02333
0.09723 -0.0356 0.00818
0.10063 0.0069 -0.01737
0.09521 0.0136 -0.00689
0.09914 0.0341 0.04917
0.014811 -0.016667 0.14224
0.08391 -0.0195 -0.03421
-0.02483 -0.0704 0.1358
0.06488 -0.0413 -0.01953
0.01375 -0.0815 0.05278
0.02034 -0.0756 0.07498
0.02946 0.0681 0.02317
-0.03354 0.0706 0.05463
0.00123 0.0707 0.04163
0.09773 0.0133 -0.00508
0.05767 -0.0657 0.07591
0.01676 0.0727 0.04539
0.02502 0.0745 0.05986
0.014811 -0.040272 0.117397
0.09704 -0.043 0.06611
0.03874 -0.0574 0.00516
0.01787 0.0829 0.06792
-0.05939 -0.0566 0.06445
0.10711 -0.0053 0.07766
0.01598 0.0836 0.0675
0.01524 0.0815 0.06574
0.09716 0.0199 0.05661
0.10471 0.0117 0.01455
0.00543 0.067 0.03359
0.00958 0.0875 0.06624
-0.051323 -0.013064 0.024401
0.0933 0.0493 0.0741
0.10293 0.0157 0.00688
-0.022234 0.034236 0.151752
-0.046645 0.048647 0.010894
0.01212 -0.0839 0.05182
0.02162 -0.0709 0.0556
-0.00541 -0.079 0.08884
0.01263 0.0836 0.0461
0.01262 0.075 0.02505
0.07457 -0.0258 -0.0313
0.01853 -0.0709 0.0412
0.04667 -0.07 0.09009
-0.055112 0.048647 0.038806
-0.03235 0.0778 0.10691
0.08769 0.0225 -0.02674
0.01524 -0.0804 0.06857
0.09654 -0.0368 0.0547
0.0311 -0.0729 0.06834
0.09925 -0.0155 0.05283
0.06973 0.0441 -0.01342
0.00859 0.0871 0.06214
0.09378 0.0451 0.05137
0.09907 -0.0012 -0.03193
0.011081 0.036218 0.045552
0.09799 -0.0038 0.13014
0.03444 -0.0683 0.04235
0.10106 -0.0138 0.068
0.10166 0.0352 0.02654
-0.000935 -0.055859 0.10296
0.09486 0.0317 -0.0001
-0.062345 0.0 0.14224
0.10681 -0.0033 -0.00279
-0.06708 -0.046 0.11767
0.09519 0.0152 -0.01732
-0.051323 -0.013064 0.151752
0.01705 0.0771 0.12393
0.04702 -0.0683 0.05665
0.03704 -0.0689 0.04956
0.01739 -0.0809 0.07007
-0.0376 0.051037 0.013662
0.08437 -0.0553 0.05093
0.01853 0.0711 0.03872
0.07846 -0.0258 -0.031
0.11471 -0.0038 0.03822
-0.01078 -0.0404 0.16818
0.09705 0.0291 0.00305
-0.0376 -0.047313 0.013662
-0.041957 -0.045319 0.058495
0.10132 0.0096 -0.01482
0.07724 0.0585 0.08504
0.02692 -0.0664 0.03932
0.07107 -0.0259 -0.0312
0.09716 -0.0191 0.05729
0.01499 -0.0829 0.07011
0.03223 0.0655 0.02521
0.09726 -0.0053 -0.03356
0.02971 -0.0685 0.03105
-0.037566 -0.040272 0.14224
0.01481 -0.0743 0.04896
-0.01074 -0.0355 0.1699
0.10621 -0.0143 0.01811
0.10029 0.004 -0.01862
0.030142 0.0 0.058757
0.01775 -0.0765 0.0643
0.10385 -0.0173 0.03826
0.08923 0.0197 -0.02819
0.09244 -0.0013 -0.03883
0.09738 -0.0324 0.06013
-0.06794 -0.0515 0.09477
0.06286 0.0652 0.06032
0.08944 0.0511 0.08548
0.01485 0.0759 0.02653
0.07878 -0.057 0.02225
0.10428 0.0046 0.06828
-0.032428 -0.004595 0.012986
0.01624 -0.0832 0.07292
0.0423 0.068 0.04267
0.09801 0.0313 0.05322
0.01599 0.0751 0.02525
0.02531 -0.0742 0.08266
0.09901 0.0177 -0.00236
0.01372 -0.0778 0.04862
-0.006902 0.040272 0.14224
0.09159 0.0243 -0.01327
0.10471 -0.0031 0.05602
0.11311 0.0051 0.01767
0.02787 -0.0698 0.04918
0.09356 -0.0492 0.03922
0.10157 -0.0009 -0.01763
0.09572 -0.0412 0.05428
0.10631 -0.0044 0.05204
0.06858 0.0626 0.07767
0.10079 0.0115 0.06456
-0.04781 -0.0621 0.12966
0.01778 0.0793 0.06558
0.014811 0.016667 0.033913
0.01871 -0.0711 0.053
0.000956 -0.045319 0.049959
-0.006902 -0.016667 0.017351
-0.024768 0.048647 0.063709
0.01207 -0.0839 0.05463
0.03184 0.0696 0.04104
0.04302 -0.0641 0.02688
0.07884 -0.036 -0.02002
0.01728 -0.0742 0.03315
0.10471 0.0161 0.02818
0.0115 -0.0783 0.03612
0.09721 -0.0151 -0.00458
0.02601 -0.0645 0.01808
0.01452 0.0752 0.04255
0.08816 0.0438 0.00279
0.0491 0.0418 -0.01858
0.10197 -0.0306 0.0936
0.02328 -0.0727 0.06553
0.11781 -0.0043 0.03283
0.07767 0.0498 0.00238
0.10026 0.0108 0.06237
0.10781 -0.0044 0.01003
0.09799 0.0072 0.12995
0.02497 0.0721 0.0492
0.02266 0.0693 0.04635
0.01022 -0.0853 0.06715
0.02612 -0.0724 0.05353
0.10122 -0.0202 0.00681
0.10024 0.006 -0.00625
0.10186 0.017 0.04486
0.03534 0.0673 0.03408
0.10303 0.0173 0.04136
-0.018733 0.048647 0.002426
0.03305 -0.0649 0.02649
0.00934 0.0661 0.0289
0.09173 0.0079 -0.03679
0.00743 -0.0837 0.05752
0.03704 0.0694 0.04715
0.10388 -0.0026 0.06641
0.0333 0.0695 0.04355
0.01362 -0.0755 0.05068
0.0929 0.0422 0.05652
0.02812 -0.0553 0.00812
0.1027 0.0169 0.01316
0.0144 0.0821 0.06543
-0.03597 0.0692 0.13447
0.10423 -0.0062 -0.01234
0.01438 -0.0756 0.04658
0.06002 -0.0648 0.03859
0.06973 0.0416 -0.01707
-0.05803 0.0356 0.14565
0.02328 0.0737 0.06298
0.02963 -0.0682 0.02775
0.0847 -0.056 0.03063
0.10042 -0.0154 0.04993
0.0988 0.0014 -0.03128
-0.03445 0.0461 0.15957
0.09849 -0.025 0.00439
0.07356 -0.0569 0.10646
0.10353 -0.0059 -0.01555
-0.02414 -0.0723 0.05642
0.01683 0.0811 0.06665
-0.012599 0.051037 0.013662
-0.07461 0.0 0.058757
0.01226 -0.078 0.03692
-0.037566 0.016667 0.158803
0.02479 -0.0674 0.03984
0.07853 -0.0393 -0.01566
0.09733 -0.0105 -0.02617
-0.00328 0.0728 0.04869
0.01459 -0.0739 0.05265
0.09935 -0.0329 0.01133
-0.02483 0.0739 0.13328
0.06902 -0.0372 -0.0231
0.08833 0.0286 -0.01725
0.09376 0.0317 -0.0024
0.10721 0.0074 0.01653
0.02231 -0.0729 0.05933
0.02718 -0.0734 0.05724
-0.012599 -0.047313 0.013662
0.0423 -0.0677 0.04504
0.10107 0.0368 0.06762
0.10117 -0.0162 0.06945
-0.02968 0.066 0.14482
0.01523 0.0818 0.06244
-0.07406 0.0343 0.11177
0.09751 0.0006 -0.03436
0.08692 -0.0448 0.00263
0.01378 -0.0766 0.0487
0.10036 -0.0135 -0.00371
0.09689 0.006 -0.03176
-0.05759 0.0021 0.15274
0.09885 0.0278 0.05198
0.02332 -0.0728 0.03883
0.0022 0.07 0.03944
0.01668 -0.0737 0.02474
0.11711 0.0055 0.03236
0.10081 0.004 -0.01802
0.10671 0.0077 0.09863
0.02817 0.0684 0.01986
-0.016489 0.051037 0.053159
0.01225 0.0843 0.05589
0.11511 0.002 0.03852
0.10311 -0.009 -0.01339
0.03841 0.0706 0.05463
0.02736 0.0682 0.03447
0.10344 -0.002 0.0626
0.00403 -0.0695 0.03937
0.00648 -0.0839 0.05293
0.09834 0.0067 -0.02457
0.01938 0.07 0.03934
0.10189 -0.0084 0.06471
0.09823 -0.0412 0.01887
0.02218 0.0686 0.03906
-0.016489 -0.047313 0.053159
0.03367 -0.0539 0.00129
0.04903 0.0557 0.00068
-0.00597 0.0766 0.06122
0.10154 0.0085 0.05961
-0.07736 -0.0053 0.06055
-0.07725 0.0004 0.06035
0.08514 0.0359 -0.01218
-0.00904 -0.0794 0.09415
0.10313 0.0063 0.06465
0.02426 -0.0672 0.04303
0.05742 -0.0661 0.04981
0.00788 0.087 0.05974
0.10385 0.0174 0.03765
0.01028 0.0721 0.0255
0.01278 -0.0772 0.09181
0.0526 0.0394 -0.02104
0.02246 -0.0722 0.05772
0.10079 0.0165 -0.00154
0.02773 0.0691 0.02185
-0.055549 0.036218 0.045552
0.1031 -0.0204 0.01901
0.10011 0.0348 0.03905
0.09298 0.0265 -0.00691
0.09408 -0.0464 0.04637
0.0035 0.0871 0.04804
0.09601 0.024 0.05574
0.09376 -0.0173 -0.00625
0.08768 0.0019 0.14514
0.03069 -0.0673 0.02603
0.09927 0.0132 0.06313
0.02595 0.0776 0.10421
0.03664 0.0688 0.04416
0.02236 0.0683 0.03957
0.006109 -0.030812 0.14224
0.09318 0.0157 -0.00572
0.08222 -0.0254 -0.03001
0.01574 -0.077 0.0415
0.09436 0.0455 0.01576
-0.04499 0.0451 0.15339
0.01013 0.0848 0.06318
0.02591 -0.0727 0.05753
0.09674 0.0275 0.05458
0.02356 0.0613 0.01598
0.00934 -0.0662 0.03121
0.10821 0.0117 0.01685
-0.037566 -0.016667 0.158803
0.01424 -0.0841 0.07233
-0.04781 0.0654 0.12743
0.08389 0.0292 -0.02266
0.10069 0.0102 0.06238
0.07407 -0.0614 0.04203
0.03168 -0.0683 0.03545
0.09585 0.0223 0.05887
0.03411 0.0474 -0.00798
-0.046645 -0.045319 0.054647
0.09298 -0.0213 -0.01158
0.10389 -0.006 0.05527
0.01726 -0.0773 0.05831
0.10309 -0.0027 -0.005
-0.07886 0.0152 0.1066
-0.000521 0.05694 0.088077
0.10024 -0.0074 -0.00602
0.00682 0.0841 0.04629
0.02579 0.0708 0.04812
0.10423 -0.0183 0.02578
0.09801 -0.0306 0.0543
-0.07461 0.0 0.117397
0.09198 -0.0431 0.05961
0.07538 0.0025 -0.0349
0.07878 0.0565 0.02027
0.03162 -0.0696 0.04457
0.02196 0.0546 0.0101
0.01982 -0.0709 0.0534
0.01531 -0.0742 0.02565
0.09822 -0.0379 0.05142
0.09295 0.0475 0.08694
0.032 -0.0638 0.02147
0.10334 0.017 0.02046
0.01715 -0.0713 0.04721
0.10079 -0.0178 -0.00094
0.11001 -0.0038 0.00222
-0.07894 -0.0049 0.10846
0.01891 -0.0714 0.05511
0.08683 0.0323 -0.01481
0.10571 -0.0111 0.07526
0.01359 -0.0785 0.05013
0.02268 0.0722 0.0498
0.02856 0.067 0.01799
0.02303 0.0743 0.06397
0.02104 -0.0714 0.05171
0.01381 0.0761 0.04703
0.1031 0.0199 0.01831
-0.043808 0.051037 0.044871
0.02274 -0.0719 0.03041
0.0196 -0.0666 0.02032
0.08114 -0.0138 0.14982
-0.01014 0.0249 0.17254
0.01386 -0.0748 0.05157
0.01933 0.0729 0.03769
0.01433 -0.0768 0.0533
0.09697 -0.0131 0.1299
-0.055112 -0.045319 0.038806
0.00106 0.0724 0.0441
0.06862 0.0257 0.15503
0.01658 -0.0745 0.03196
0.00708 0.0852 0.06948
0.02396 0.0676 0.04158
0.02913 -0.0694 0.04347
0.00903 0.0806 0.03555
0.00643 -0.0842 0.05793
0.03534 -0.0672 0.03643
0.01979 0.0768 0.06492
0.05992 -0.0413 -0.01983
0.10541 -0.0137 0.0386
-0.0008 -0.0833 0.05191
0.03067 -0.0676 0.02954
0.10332 -0.0038 0.05973
-0.05111 -0.0565 0.13456
0.09496 0.0472 0.06944
0.10171 0.0207 0.0707
0.10681 0.0117 0.03926
0.0247 0.0677 0.04278
0.10366 0.0004 0.06045
0.0213 -0.0708 0.0547
0.06299 0.0649 0.03993
0.10711 0.0068 0.07745
0.10162 0.0221 0.07068
0.01508 -0.0731 0.04354
0.01456 -0.0758 0.08119
-0.002179 -0.052615 0.117397
0.07433 -0.0579 0.09458
0.08923 -0.0219 -0.02747
0.06973 -0.0433 -0.01559
0.09899 -0.0199 0.06311
0.01676 -0.0723 0.04792
0.07431 -0.0606 0.05342
0.01993 0.0818 0.07244
0.09453 -0.0355 0.00277
0.0971 -0.0139 -0.00471
0.05957 -0.0612 0.02203
0.10491 0.0121 0.07275
0.00577 -0.0846 0.05304
0.11431 -0.005 0.03795
0.07159 0.0574 0.11957
0.10182 -0.0216 0.01273
0.02569 -0.067 0.04293
0.02052 0.0751 0.05695
0.11191 -0.0039 0.01682
0.00579 0.0814 0.03364
0.10971 0.0034 0.0158
0.01649 0.0732 0.04608
0.00695 0.0836 0.0444
0.0445 0.0532 -0.00418
0.01779 -0.0756 0.05578
0.08576 -0.0552 0.04552
0.08026 0.0434 -0.0064
0.01975 0.0699 0.04514
0.07141 -0.0599 0.08221
0.10117 -0.0078 -0.00411
0.03168 0.0683 0.03307
0.10334 -0.0175 0.02106
0.09453 0.0344 0.00155
0.09927 -0.0122 0.06358
-0.05521 -0.0464 0.14088
0.02389 0.0713 0.02841
0.06081 0.0353 -0.02467
0.0907 -0.0476 0.05869
-0.00901 0.0693 0.14677
0.00838 -0.0664 0.03262
0.11631 -0.0068 0.03218
0.02189 -0.0724 0.02852
0.03141 0.0739 0.07167
0.02689 0.0711 0.04842
0.01248 0.0838 0.0649
0.10621 0.0007 0.07405
0.06834 0.0535 0.00322
0.10364 0.0026 0.06002
0.01203 0.0858 0.07087
0.02912 -0.0677 0.03654
0.09402 -0.0399 0.05646
0.09765 0.0409 0.04475
0.02078 0.0716 0.13942
0.0173 0.0783 0.0725
-0.022234 0.05694 0.058757
0.01756 -0.0704 0.04639
0.09275 0.0202 -0.0154
0.00904 0.0803 0.03246
0.05908 0.0512 -0.00614
-0.03371 0.051037 0.011582
0.06376 -0.0639 0.06338
0.01837 0.0722 0.0473
0.08602 0.0229 -0.02825
0.10501 0.0154 0.02449
-0.06779 0.0242 0.13475
0.08118 0.0203 -0.03341
-0.03371 -0.047313 0.011582
0.01128 0.0644 0.02633
0.10261 -0.0082 -0.0034
0.01874 -0.0756 0.06538
0.01808 0.0741 0.03136
0.02416 0.0658 0.01631
0.10167 0.007 -0.01647
0.03874 0.0563 0.00317
-0.07107 -0.0459 0.09767
-0.08022 0.0072 0.09904
0.026164 -0.021803 0.058757
-0.00053 0.0831 0.04681
0.09298 -0.0279 -0.00596
0.10531 -0.0175 0.09977
0.09262 0.0195 -0.00779
0.06664 -0.0434 -0.01659
0.017131 -0.042795 0.073193
0.08764 -0.0515 0.05336
0.10127 -0.0212 0.00942
0.0076 -0.0821 0.04209
0.01794 -0.0816 0.07549
0.05823 -0.0486 -0.011
-0.08012 0.0011 0.10045
-0.04854 0.0646 0.05763
-0.02656 0.0782 0.0765
0.08351 0.0262 0.14352
0.05383 -0.0663 0.04422
0.10401 -0.0153 0.01872
0.04275 -0.0473 -0.01232
0.09559 0.037 0.05432
0.09594 0.0431 0.04861
0.09957 0.0406 0.03195
-0.05939 0.0577 0.06246
0.09482 -0.0424 0.0625
0.00124 0.0806 0.04025
0.09872 -0.0243 0.05158
0.01266 -0.0834 0.06832
0.09543 -0.0168 -0.01536
0.07407 0.0617 0.03988
0.10901 0.0057 0.00055
-0.002179 0.009009 0.017351
0.01719 -0.0717 0.05351
0.10661 0.0035 0.0523
-0.03935 0.0736 0.11619
0.01357 -0.0823 0.0563
0.05394 -0.0485 -0.0119
0.01808 -0.0742 0.03395
0.09064 -0.0312 0.12862
0.098 0.0009 -0.03337
0.09671 -0.0301 0.05759
0.02335 -0.0717 0.03331
0.10079 -0.0105 0.06495
0.10681 0.0007 0.07555
-0.030804 -0.045319 0.002426
-0.022234 0.011983 0.163167
0.02998 -0.0702 0.04969
0.09376 0.0159 -0.00683
0.07178 -0.0295 -0.02924
0.10332 0.0264 0.03
-0.00904 0.0815 0.09135
0.09282 0.0188 -0.00778
0.10981 0.0078 0.04162
0.06002 0.0649 0.03633
0.00339 0.0782 0.03459
0.1029 -0.0309 0.0787
0.02307 -0.0714 0.05421
0.02953 -0.0706 0.05129
0.01639 -0.0719 0.04662
0.03612 -0.0716 0.07481
0.10101 -0.0124 -0.01083
0.08993 -0.0524 0.04217
0.09902 -0.0143 0.05441
0.09479 -0.0221 0.05805
0.1006 0.0279 0.06508
0.08247 0.0559 0.08269
0.07611 0.0599 0.06262
0.11021 -0.0006 0.00146
0.10269 0.0065 0.06115
0.02271 0.0681 0.04217
0.09172 -0.0443 0.05904
0.03724 0.0697 0.04864
0.00359 0.0699 0.03774
0.09716 0.0243 0.00093
0.03647 -0.0617 0.01723
0.09927 -0.0254 0.06381
0.10219 0.0181 0.00964
-0.0634 -0.0505 0.06114
-0.00068 0.0742 0.04947
0.01242 -0.0835 0.05042
0.08294 0.057 0.04797
0.01392 -0.0756 0.04918
0.09726 0.0029 -0.0337
0.02666 0.0696 0.04675
0.00841 -0.0816 0.04248
0.09937 -0.0403 0.03616
0.02663 -0.07 0.02278
0.09356 0.0493 0.0375
0.02998 0.0707 0.04723
0.09469 -0.0104 -0.03327
0.10501 -0.0142 0.0176
0.10328 0.0181 0.01974
-0.010217 -0.031623 0.024401
0.00514 -0.084 0.04293
0.02117 -0.0724 0.03352
0.04764 -0.0657 0.0349
-0.02764 0.0768 0.12033
0.09788 0.0412 0.04254
0.10521 -0.0112 0.01185
0.01919 0.072 0.0484
-0.0031 0.0757 0.05774
0.00591 -0.0841 0.05113
-0.04523 0.0727 0.1033
0.01925 0.0733 0.05348
0.01524 -0.0836 0.07262
0.06472 -0.0531 0.1339
0.0205 -0.0701 0.04898
0.02283 0.071 0.03772
0.10162 -0.0208 0.07143
0.03443 -0.0675 0.03594
0.01952 -0.0714 0.05041
0.03038 -0.0731 0.05784
0.07393 0.0447 0.13799
0.0143 0.0817 0.05164
-0.0251 0.051037 0.054871
0.09957 -0.0406 0.03337
0.05325 0.069 0.07926
0.10167 0.0085 0.05861
0.02024 -0.0708 0.0544
0.02496 -0.0672 0.04413
0.03479 0.0599 0.01291
0.09826 -0.0162 0.05954
0.01023 0.0779 0.072
0.07359 0.0559 0.01328
0.09835 0.0151 0.0585
0.07197 0.0623 0.03767
-0.0251 -0.047313 0.054871
-0.022234 0.043606 0.033913
0.09747 0.0196 0.05572
-0.03654 0.077 0.09332
0.09819 0.0336 0.05277
0.0462 -0.0478 -0.01251
0.10416 -0.0015 0.05819
0.00209 0.0779 0.0644
-0.010217 -0.031623 0.151752
-0.030521 0.021803 0.017351
0.03062 -0.0682 0.03165
0.0306 0.067 0.02279
0.01613 -0.0724 0.05302
-0.043533 -0.055859 0.10296
0.01379 -0.0804 0.04536
0.09984 -0.0207 0.06512
0.09078 -0.036 -0.00392
0.11521 0.0001 0.03866
-0.062345 -0.043606 0.088077
-0.03879 -0.0609 0.14194
0.02968 0.0617 0.01648
0.003815 -0.045319 0.04461
0.02488 -0.067 0.04073
0.10423 0.0046 -0.01253
-0.029489 0.051037 0.010302
0.02151 -0.0712 0.0506
0.09927 0.0264 0.0629
0.0906 0.0517 0.04206
0.10781 -0.0004 0.00966
0.09317 0.0344 -0.00085
0.02632 0.0529 0.00473
-0.029489 -0.047313 0.010302
0.01927 -0.0751 0.05977
0.07052 0.062 0.07408
0.02266 -0.0688 0.04876
0.09821 0.0182 0.05604
0.0971 -0.0266 0.06253
0.09585 -0.0215 0.05964
0.01819 0.0725 0.0524
0.0932 0.0499 0.03529
0.009258 0.0 0.024401
0.10289 0.0187 0.01703
0.09932 0.012 0.05745
0.09453 -0.0436 0.06272
0.01422 0.0826 0.06112
0.01891 0.0721 0.0526
-0.07736 0.0062 0.06035
0.10317 -0.0123 0.07048
-0.011212 0.0 0.163167
0.08514 -0.0375 -0.01089
-9e-05 -0.0752 0.05227
0.10101 0.0108 -0.01124
0.09819 -0.033 0.05394
0.0142 -0.0799 0.04385
-0.053352 0.048647 0.04461
0.10611 -0.0156 0.02113
0.02383 0.0724 0.0521
0.02958 0.0591 0.01352
0.06858 -0.0611 0.07983
0.02613 0.0735 0.05348
0.03118 -0.063 0.01996
0.09479 0.0229 0.05726
0.0418 -0.0701 0.07339
0.01346 -0.0824 0.0533
0.032 0.0633 0.01925
-0.043947 0.05694 0.088077
0.06472 0.0566 0.13199
0.0067 -0.0831 0.04371
0.02719 -0.0742 0.05986
0.03235 -0.053 0.00078
0.09901 0.0193 0.05072
0.0326 0.068 0.03357
0.11841 0.0021 0.03302
0.10581 0.0102 0.01488
0.01196 -0.0838 0.05742
0.09936 0.0183 0.06444
-0.03441 -0.0039 0.16865
0.10831 0.0097 0.04039
0.030142 0.023605 0.088077
0.03072 -0.0673 0.02853
0.03815 0.0619 0.01738
0.009258 0.0 0.151752
0.07571 -0.04 -0.01695
0.07959 -0.0588 0.04749
0.02862 0.0603 0.0152
0.0102 -0.083 0.06551
0.00049 0.0746 0.04656
0.01727 -0.0757 0.08369
0.10097 -0.0147 0.04912
0.08764 0.0521 0.05155
0.0156 0.0736 0.03958
0.0236 0.0685 0.03776
-0.022234 -0.060453 0.10296
0.02596 -0.0673 0.04424
-0.000521 0.0 0.017351
0.09118 -0.0234 -0.02074
0.05604 -0.0598 0.0141
0.03647 0.061 0.01509
0.08686 0.0544 0.04501
5.9e-05 0.024235 0.024401
0.03896 -0.07 0.05938
-0.041957 -0.045319 0.007046
0.02323 0.0679 0.04137
0.01475 0.075 0.04595
0.03075 0.0622 0.01727
0.01352 -0.077 0.05191
0.09919 -0.0291 0.04967
0.00634 0.0838 0.0444
0.03198 0.065 0.02192
0.01336 0.0819 0.04303
-0.04371 0.0699 0.12175
0.09608 0.0436 0.08821
0.09689 -0.0218 0.05604
0.0936 -0.0165 -0.00566
0.02777 0.0667 0.03729
-0.002891 -0.045319 0.054647
0.0314 -0.0697 0.04568
0.09355 0.0162 -0.02383
0.06973 -0.0457 -0.01185
0.0995 0.0096 -0.01692
0.09185 0.0344 -0.00335
0.03942 0.0504 -0.00693
0.030142 -0.023605 0.088077
0.00743 0.0844 0.05459
0.10971 0.0103 0.03508
0.10078 -0.0113 0.05326
0.10363 0.0085 0.06811
0.02954 0.0762 0.06203
0.033 -0.0715 0.05681
0.11371 -0.0062 0.03747
0.10318 -0.0059 0.05726
0.08389 -0.0312 -0.02161
0.11511 -0.0019 0.03859
0.03215 0.0709 0.04942
0.02348 -0.0677 0.04114
0.0142 0.0802 0.04106
0.0456 -0.0501 -0.00997
-0.040218 0.04739 0.130602
5.9e-05 0.024235 0.151752
0.0846 0.0555 0.06759
0.08944 -0.0492 0.08723
0.0971 0.0125 -0.00517
0.09869 0.0265 0.00579
0.0945 0.0452 0.04807
-0.032428 0.004595 0.012986
0.02401 -0.0714 0.05131
-0.040218 -0.04739 0.045551
0.02475 0.0727 0.05379
0.11511 -0.006 0.01786
0.0621 0.0261 -0.03021
0.11191 0.0017 0.01533
0.09237 0.0227 -0.00914
5.9e-05 -0.024235 0.024401
-0.06694 0.0345 0.13157
-0.05646 0.0455 0.14158
0.02383 -0.0717 0.05461
0.02853 0.0692 0.03315
0.10561 -0.0065 0.05127
0.09295 -0.0457 0.08856
0.02408 0.0676 0.03938
0.03069 0.0669 0.02369
0.01416 0.0759 0.04594
-0.04259 -0.0665 0.05792
0.0986 0.0095 -0.01861
-0.05864 -0.0211 0.14934
0.01616 0.0808 0.06375
0.02723 -0.0736 0.05815
0.01613 0.073 0.05049
0.04964 0.0443 -0.01642
0.10013 0.0246 0.06463
-0.069389 0.0 0.045552
0.09901 -0.0188 0.05139
0.10127 0.003 -0.0066
0.06862 -0.0214 0.15585
0.10501 0.0136 0.01712
0.10541 0.0238 0.08885
0.10289 -0.0193 0.01769
0.02936 -0.0699 0.04538
-0.07461 0.023605 0.088077
0.00558 -0.0843 0.04933
0.10471 0.0039 0.05589
-0.04229 -0.052615 0.058757
-0.00425 -0.04739 0.045551
0.03367 0.0527 -0.00057
0.02824 0.0449 0.16359
0.10551 -0.0086 0.04801
0.0297 0.0681 0.02767
0.08547 -0.0054 -0.03746
-0.06971 0.0391 0.05778
0.09851 -0.0142 0.05721
5.9e-05 -0.024235 0.151752
-0.00758 -0.045319 0.058495
0.10405 -0.0085 0.07001
0.05362 -0.046 -0.01505
0.01683 -0.08 0.06946
0.08214 0.0469 0.12425
0.01023 -0.0766 0.0747
0.0516 0.0666 0.0393
0.1027 -0.0176 0.01376
0.09388 0.0195 -0.00399
0.09718 0.0319 0.005
-0.06473 -0.0519 0.06717
-0.026461 -0.011082 0.012986
0.02593 -0.0718 0.05221
0.00592 -0.0856 0.05806
0.05908 -0.0525 -0.00433
0.09993 0.0093 -0.00471
0.09889 -0.0243 0.05048
0.08838 0.0511 0.08867
0.07242 0.0613 0.07069
0.021358 -0.019551 0.130602
0.0272 0.0692 0.04485
0.0163 -0.0726 0.05413
0.02633 0.0671 0.03599
0.09543 -0.0157 -0.00677
0.01543 0.0822 0.06643
0.11571 0.0087 0.0213
0.0247 -0.0674 0.04514
0.02268 -0.0716 0.05171
-0.07578 -0.0326 0.10224
0.02467 0.0727 0.05519
0.11191 -0.0023 0.0154
0.03123 0.0736 0.06828
0.02258 -0.0592 0.01709
-0.03235 -0.0752 0.10958
0.0226 0.077 0.06532
0.02521 0.0673 0.04079
0.00442 -0.0771 0.07881
0.05767 0.067 0.07359
-0.059279 0.016667 0.033913
-0.002179 -0.009009 0.158803
0.10951 0.0026 0.00011
0.09145 -0.0455 0.05846
0.01864 0.0719 0.04671
0.0298 -0.0688 0.03536
0.00328 -0.0872 0.05318
0.10365 -0.0232 0.02246
-0.0428 -0.0508 0.14976
0.00065 0.07 0.04134
0.09178 0.0476 0.09004
0.0679 0.0175 -0.03316
0.09864 -0.0159 0.05514
0.09863 -0.0131 0.05739
-0.05828 -0.0043 0.15215
0.02443 -0.0713 0.0316
0.10541 -0.0007 -0.00414
0.0346 0.0722 0.0573
0.04257 -0.0659 0.13242
0.09863 0.0139 0.05692
0.10108 0.0379 0.0771
-0.01081 -0.0451 0.16607
0.01777 0.0812 0.07325
0.06813 0.0637 0.04785
0.02307 0.0721 0.0517
0.09725 0.014 -0.00879
0.10781 -0.0026 0.0118
-0.002179 -0.009009 0.017351
-0.05828 0.0084 0.15193
-0.012041 0.004595 0.163167
0.02908 0.0681 0.02147
0.02761 -0.0686 0.04536
0.03463 -0.0643 0.02578
-0.00597 -0.0756 0.06388
0.09937 0.0134 0.05453
0.02718 0.0741 0.05467
0.02708 0.0685 0.01826
0.08626 0.0202 -0.031
0.00751 0.0828 0.04111
0.01362 0.076 0.04803
0.06235 0.0621 0.02617
0.02311 0.0539 0.00801
0.02919 -0.0697 0.04438
-0.00306 0.0738 0.05087
0.10141 -0.0059 -0.01735
0.03505 -0.0685 0.04455
0.00578 0.0833 0.0381
-0.053352 0.048647 0.020931
0.08487 0.0539 0.08753
0.00699 0.0802 0.03146
0.10154 -0.0116 -0.01065
0.10551 0.0119 -0.00035
0.01598 -0.0824 0.0704
0.02871 -0.069 0.03056
0.10312 -0.009 -0.01149
0.10781 0.009 0.0023
0.01746 0.0744 0.02686
-0.00511 -0.0761 0.1262
0.01373 -0.0792 0.05204
0.05877 -0.0659 0.05281
0.01965 0.0746 0.03696
0.09559 -0.0363 0.0556
0.01982 -0.0751 0.06727
0.02968 -0.0624 0.01864
0.07277 -0.0454 -0.01056
0.0961 -0.0079 -0.03351
0.02117 0.0723 0.031
0.10299 0.0016 -0.01668
0.01315 -0.0829 0.05591
0.00547 -0.0844 0.04733
0.07405 0.0198 -0.0337
-0.06714 0.0018 0.13984
0.03463 0.064 0.02354
0.03611 -0.0558 0.00313
-0.06042 0.0162 0.14849
0.03103 0.0508 -0.00163
0.09652 0.0058 -0.03275
0.1005 0.0252 0.04352
0.01326 -0.081 0.07598
0.03224 -0.0655 0.0264
0.05855 0.0443 -0.01622
0.00887 0.0853 0.06127
0.02813 0.0647 0.01663
0.09828 0.0433 0.07061
0.08918 0.0534 0.03873
0.00708 -0.0839 0.07243
0.04273 -0.0595 0.00989
0.04604 0.069 0.05256
0.10851 -0.0028 0.0135
0.08722 -0.0043 0.14535
-0.00041 0.0774 0.05341
0.07146 0.0484 0.13643
0.02574 0.0679 0.04287
0.09505 -0.0179 -0.00994
-0.03494 0.0166 0.16769
0.05877 0.0664 0.0505
0.02101 -0.0649 0.01929
-0.073616 -0.023154 0.10296
0.09979 0.0352 0.06445
-0.022234 0.051264 0.045552
0.09319 0.0209 -0.00361
-0.0721 0.0427 0.07002
0.02356 -0.062 0.01814
0.01465 -0.0749 0.04727
0.09826 0.017 0.05896
0.09733 0.0083 -0.0265
0.02692 0.0665 0.037
0.11361 -0.009 0.03111
-0.00669 -0.0735 0.13516
0.09224 -0.0458 0.05436
0.02585 0.0668 0.03759
0.00106 -0.0721 0.04662
0.05719 0.0642 0.12575
0.05296 -0.0438 -0.01739
-0.013947 -0.021803 0.158803
-0.00091 0.0845 0.05119
0.09616 0.0441 0.04379
0.10401 0.0147 0.0182
0.01485 0.0843 0.07229
0.02971 0.0684 0.02866
0.09362 0.0397 0.00526
-0.018007 0.011082 0.163167
-0.000521 0.0 0.158803
0.09975 -0.0148 0.06612
0.08876 -0.01 -0.03788
0.07418 0.0061 -0.03486
-0.07137 0.0441 0.1081
0.10107 -0.0193 0.0699
0.08233 -0.0565 0.02644
0.07902 -0.0592 0.03579
0.00328 0.0878 0.05013
0.0062 0.0843 0.04629
0.01441 -0.0792 0.04354
0.01846 0.0739 0.05307
0.09749 0.0213 0.05459
-0.002179 0.052615 0.058757
0.03675 -0.0713 0.07251
0.09869 -0.0286 0.05356
0.08069 -0.019 -0.03492
0.12131 -0.0002 0.02156
-0.018733 0.048647 0.063115
-0.01655 -0.0769 0.11831
0.0162 0.0719 0.043
0.02177 0.0683 0.04187
0.07952 0.0301 -0.02548
-0.00061 -0.0784 0.08654
0.12171 -0.0002 0.02466
0.01314 0.0627 0.02396
0.017131 0.042795 0.073193
0.03062 0.0746 0.06556
0.09228 -0.0223 -0.00626
-0.0461 -0.0312 0.15832
0.10226 0.0189 0.01263
0.00535 0.0854 0.04827
0.10771 0.001 0.09185
0.02865 -0.0698 0.04728
0.11571 0.0089 0.023
-0.024768 0.048647 0.001832
0.07876 0.058 0.08125
0.11841 -0.0022 0.0331
0.10401 0.0221 0.02917
0.00447 0.0885 0.06202
0.09224 0.0465 0.05275
0.00709 -0.0828 0.0438
0.01779 0.0763 0.05313
-0.04229 0.009009 0.017351
0.10721 -0.0081 0.0168
0.09644 0.0247 0.05533
0.10023 0.0185 0.00183
0.01375 0.0821 0.04993
-0.03276 0.0729 0.1288
0.03179 -0.068 0.03715
0.000956 0.048647 0.015582
0.09898 -0.0215 0.05034
0.04173 0.0437 -0.01531
0.01882 -0.0746 0.05626
0.10072 -0.021 0.04563
-0.0008 0.0838 0.049
0.02376 -0.0674 0.04284
0.10132 -0.0113 -0.01445
0.1039 0.0042 0.05769
0.01207 0.0846 0.05169
0.09887 0.0048 -0.02623
0.079 -0.0581 0.05648
-0.022234 -0.011983 0.012986
0.01248 -0.0827 0.06781
0.05719 0.0353 -0.02447
0.0306 -0.0674 0.02513
0.10026 -0.0098 0.06273
0.01745 0.0746 0.05266
0.01461 0.0783 0.03549
0.07352 -0.0368 -0.02231
0.0174 -0.0717 0.05251
0.08178 0.0297 -0.02407
0.10154 0.01 -0.01102
0.014811 0.016667 0.14224
0.0039 -0.0773 0.06961
0.04629 -0.0626 0.13627
0.10127 0.0203 0.0087
0.08776 -0.0406 -0.00244
0.06647 0.0643 0.04524
0.005576 0.048647 0.026735
0.01574 -0.0734 0.04814
0.0035 -0.0866 0.05107
0.082 0.051 0.00916
-0.06659 0.0542 0.10292
0.0332 -0.0656 0.0287
0.11071 0.0128 0.02203
-0.00358 0.0811 0.08995
0.00486 0.0822 0.03562
0.00522 -0.0765 0.03389
0.08026 -0.0448 -0.00487
0.09519 -0.017 -0.01675
0.10216 -0.0315 0.08952
0.11611 -0.0025 0.0164
0.10781 -0.0004 0.01116
0.08955 0.017 -0.03085
-0.070632 0.021803 0.058757
0.02236 -0.0681 0.04195
0.10036 0.0121 -0.00416
0.0986 0.0109 -0.00504
-0.05044 -0.0662 0.11112
0.06896 0.0631 0.05726
0.10151 -0.0034 -0.01749
0.0162 -0.0725 0.05203
0.02504 0.073 0.05229
0.02564 0.076 0.07034
0.0748 0.0608 0.0548
-0.030024 0.008469 0.012986
0.02348 0.0679 0.03877
0.1007 -0.0009 -0.01863
0.10456 -0.004 0.05583
0.01348 0.0776 0.04811
0.01485 -0.0762 0.02919
0.01846 -0.0732 0.05564
0.09569 -0.0167 -0.01386
-0.046645 0.048647 0.054647
0.10631 0.0066 0.07435
-0.009189 0.051037 0.048281
0.02711 0.0612 0.01569
0.00904 -0.0804 0.03526
0.0516 -0.0665 0.04162
0.00722 -0.066 0.03361
0.01278 -0.0841 0.06883
0.02566 0.0778 0.07011
-0.05111 0.06 0.13253
0.03763 0.0495 -0.00731
0.01357 0.0831 0.05341
0.10197 0.0327 0.0925
0.03119 -0.0735 0.06655
-0.03648 0.0756 0.07715
0.02189 0.0721 0.026
0.02551 0.0669 0.03859
0.01355 0.0775 0.04741
-0.07201 0.0017 0.13014
0.0118 0.0635 0.02565
0.10396 -0.0164 0.03915
0.09189 -0.0257 -0.0109
0.10771 0.0052 0.08837
-0.0031 -0.0748 0.06037
0.05719 -0.0609 0.12794
0.01272 0.0861 0.06836
-0.07238 0.0334 0.05868
0.09789 0.0289 0.05356
0.07178 0.0272 -0.03023
0.01278 0.0791 0.08909
0.01451 0.0822 0.07323
0.0141 -0.0762 0.04769
0.01533 0.0804 0.05486
0.08819 -0.0511 0.05955
0.12091 -0.0028 0.0214
0.01922 -0.0711 0.055
-0.06788 -0.0121 0.13749
-0.06923 0.0477 0.06863
0.06005 0.0661 0.05351
0.02876 0.069 0.02905
0.03099 -0.0638 0.02047
0.11181 0.0019 0.04393
-0.00087 -0.0742 0.05446
0.04781 -0.0678 0.05164
0.11191 0.0033 0.0167
0.03064 -0.0679 0.03064
0.02276 -0.0713 0.051
0.03295 0.075 0.11746
0.12071 0.0041 0.02398
0.02564 -0.0557 0.01053
0.08394 0.0264 -0.02621
0.09283 -0.0213 -0.00938
0.09097 0.0285 -0.01125
0.10741 -0.0007 -0.00294
-0.05161 0.069 0.09946
0.00966 0.0645 0.02823
0.09821 0.0206 0.00059
0.10311 0.0073 -0.01368
0.09895 -0.0115 0.06056
0.01835 -0.0712 0.054
0.09646 0.0145 -0.0083
0.07508 0.0565 0.01627
0.02335 0.0716 0.03081
0.02916 0.069 0.03305
0.05719 -0.0373 -0.0232
-0.004311 0.051037 0.02376
0.08383 -0.0095 -0.03699
0.10439 -0.0137 0.00819
0.05938 -0.0444 0.14895
0.02228 0.0719 0.0285
0.06445 0.0353 -0.02477
0.0029 -0.0879 0.0592
0.03308 -0.0717 0.05781
0.10345 0.0205 0.02
0.08576 0.0556 0.04359
-0.004311 -0.047313 0.02376
0.024921 0.0 0.130602
0.08189 -0.0288 -0.02665
0.1027 -0.0047 -0.00417
0.08131 -0.0577 0.04877
0.09523 0.0081 -0.03269
0.06198 -0.0643 0.06629
0.01993 -0.0805 0.07527
0.02417 0.0695 0.03695
0.05701 -0.0646 0.03499
0.10429 0.0149 0.0404
0.01123 -0.0785 0.03573
-0.02732 0.0704 0.13915
0.006109 0.030812 0.033913
-0.00975 -0.061 0.15464
0.09236 -0.0208 -0.02199
0.01534 0.0786 0.07279
0.09689 0.0225 0.05527
0.01485 -0.0829 0.07521
0.08874 -0.0514 0.04996
0.0105 0.0793 0.03387
0.09634 -0.0165 -0.01196
-0.01014 -0.0201 0.17333
0.01362 -0.0811 0.04507
0.10169 0.0101 0.05348
-0.00532 -0.0741 0.05776
0.01824 -0.0825 0.073
0.10282 -0.0092 0.06782
0.09207 -0.0455 0.01085
0.09917 0.0172 0.05176
0.09505 0.0164 -0.01053
0.01448 -0.0741 0.05115
0.02634 0.0688 0.03506
0.10332 0.0047 0.05958
0.08776 0.0392 -0.00383
-0.03648 -0.0741 0.07976
0.09857 0.0176 0.06155
0.10233 0.0308 0.03112
0.02519 0.067 0.03849
-0.04638 -0.012 0.16229
0.017877 0.0 0.033913
-0.029489 0.051037 0.054439
0.10851 0.0109 0.03627
0.10971 -0.0041 0.01593
-0.006391 0.051037 0.044871
0.07846 0.0235 -0.03186
0.02311 -0.0679 0.04695
0.01794 0.0829 0.07262
0.05677 0.0418 -0.01898
-0.030521 -0.021803 0.158803
0.02268 -0.0716 0.05231
0.01372 0.076 0.04753
0.02261 0.0717 0.02931
0.01358 0.0827 0.06512
-0.029489 -0.047313 0.054439
0.08579 0.0547 0.06501
0.02912 0.0678 0.03418
-0.022234 0.0 0.011531
0.01618 -0.0752 0.03117
0.08131 0.0582 0.04674
-0.006391 -0.047313 0.044871
-0.065826 -0.019551 0.130602
0.026164 0.021803 0.117397
0.10168 0.0331 0.06739
0.02488 -0.067 0.04193
0.08222 0.0232 -0.03086
0.03664 -0.0684 0.04655
0.00535 -0.0848 0.05124
0.02596 0.0677 0.04188
-0.022234 0.060453 0.10296
0.0988 -0.0037 -0.03119
0.08566 -0.0447 0.00103
-0.00013 0.085 0.05768
0.11141 -0.0044 0.04324
0.01742 0.0788 0.06319
0.04133 -0.0674 0.04224
0.02095 -0.0709 0.0538
0.00209 -0.0768 0.0671
-0.013947 0.021803 0.158803
0.02162 0.0716 0.05311
0.10317 0.0135 0.07003
0.07433 0.06 0.09252
0.09827 -0.0189 -0.00262
0.05362 0.0634 0.02625
0.029148 0.023154 0.10296
0.07971 0.0581 0.06685
0.06806 -0.062 0.06855
0.00788 -0.0861 0.06276
0.06464 -0.0628 0.08786
0.09186 -0.0294 -0.00844
-0.05055 -0.0614 0.05783
-0.0066 -0.0794 0.09905
0.09699 0.0431 0.06331
0.01389 0.0776 0.0449
-0.043808 -0.047313 0.044871
0.09778 -0.0162 -0.00407
0.02722 0.0537 0.00542
-0.04637 0.0711 0.07622
0.08579 -0.0536 0.0669
0.09596 -0.042 0.05229
0.01829 0.078 0.0641
0.00838 0.0663 0.0303
0.09752 0.0379 0.0525
0.10531 0.0197 0.09912
0.09844 0.019 0.06073
0.01585 0.0741 0.03906
0.02211 0.0705 0.04723
0.10741 0.0088 -0.0002
0.09862 0.0231 0.05076
0.04079 -0.0705 0.0755
0.03061 -0.0574 0.01046
0.0208 0.0723 0.0294
0.11161 0.0035 0.0435
0.10344 -0.0007 -0.00534
0.0346 -0.0713 0.05981
0.09269 0.0317 -0.0048
0.01357 0.0793 0.04808
0.02541 -0.0533 0.00578
0.09198 0.044 0.05809
0.02867 -0.069 0.02966
0.01356 -0.0811 0.05018
0.01435 0.0768 0.04342
0.0746 0.0363 0.14514
0.09816 0.0183 0.05664
0.00798 -0.0818 0.04229
0.09834 -0.0087 -0.0243
0.02414 0.0763 0.07123
0.01908 0.0731 0.03038
0.09542 -0.0242 0.05748
0.02297 -0.0718 0.03261
-0.043947 0.0 0.017351
0.00274 0.0717 0.03981
0.019 0.0749 0.13177
0.08284 -0.0413 -0.00803
-0.03276 -0.0696 0.13129
0.07418 -0.0086 -0.0346
0.00669 -0.0823 0.0392
0.02381 -0.0742 0.06656
-0.04588 -0.004 0.16285
0.02961 0.068 0.02407
0.0152 -0.0732 0.04564
0.09415 0.0172 -0.00875
-0.02595 0.0769 0.06962
0.08437 0.0559 0.04898
-0.03654 -0.0749 0.09597
0.01574 0.0772 0.03881
0.10028 -0.0178 0.06777
0.09355 0.0044 -0.03723
-0.05249 0.0687 0.09007
0.04164 -0.0698 0.06688
0.03208 -0.0643 0.02228
0.09815 0.0017 0.13004
-0.024 -0.0777 0.10493
0.09526 -0.0432 0.05112
0.03505 0.0688 0.04216
0.10439 0.0127 0.00773
0.02889 -0.0357 0.1667
-0.0366 0.0766 0.08523
0.09724 -0.0327 0.05463
0.02412 0.0732 0.05848
0.01372 -0.08 0.04646
-0.04854 -0.0637 0.05987
0.02528 0.0676 0.03658
0.0962 0.0169 -0.00434
0.09515 0.0131 -0.00608
0.09029 -0.0482 0.0538
-0.07238 -0.0325 0.05983
0.11781 0.0042 0.03268
0.01405 -0.077 0.0471
0.04903 -0.0568 0.00265
0.01116 -0.0787 0.03733
0.09654 0.0375 0.05341
-0.030804 -0.045319 0.063115
0.10701 0.0146 0.0197
0.01513 0.0745 0.04506
0.03188 -0.0666 0.02912
0.00414 0.0704 0.03683
0.02521 -0.067 0.04313
0.10423 0.018 0.02514
0.10144 -0.0348 0.07467
0.09078 0.0346 -0.00515
0.09864 0.0166 0.05457
0.01649 0.0804 0.06566
-0.002599 0.051037 0.03237
0.09908 -0.0301 0.00888
0.033374 0.0 0.073193
0.1001 -0.0087 -0.0177
0.01989 0.073 0.02358
0.02842 0.0668 0.03539
0.09172 0.0451 0.05747
-0.002599 -0.047313 0.03237
-0.06398 0.0584 0.08985
-0.061599 -0.042795 0.10296
0.01873 -0.0741 0.02785
0.09687 -0.0274 0.05964
0.01621 0.0793 0.05458
0.10541 -0.0219 0.08965
0.10781 -0.0101 0.00263
0.00547 0.0848 0.04438
0.10531 0.0123 0.07385
0.01255 0.077 0.07272
-0.06461 -0.0515 0.11477
0.07927 0.013 -0.03598
0.011081 0.036218 0.130602
0.09747 -0.0207 0.06002
0.07715 -0.0324 -0.02549
-0.07894 0.0075 0.10824
0.09408 0.0468 0.04474
0.04213 -0.0697 0.06828
0.09017 0.0443 0.00598
0.01367 -0.0808 0.04617
0.02339 0.0704 0.04753
0.0105 -0.0792 0.03664
0.0102 0.0841 0.0626
-0.050493 -0.045319 0.015582
0.10117 0.0175 0.06886
0.07724 -0.0568 0.08706
0.00832 -0.0851 0.06235
-0.02414 0.073 0.05389
-0.08028 -0.0139 0.07821
0.05103 0.0683 0.05527
0.10313 -0.0053 0.06486
0.02885 -0.0693 0.03237
0.08114 0.0179 0.14926
0.10144 0.0361 0.07343
0.0152 0.0735 0.04308
0.00298 -0.0702 0.04138
0.05965 -0.0652 0.065
0.02408 0.0561 0.01168
0.10481 -0.0215 0.07844
0.10448 0.0122 0.01114
-0.061599 0.042795 0.073193
0.09901 -0.019 -0.00172
0.01824 0.0838 0.0701
0.10471 -0.0163 0.02874
0.0221 -0.0689 0.04106
0.01799 -0.0709 0.0477
0.093 0.0159 -0.00593
0.08769 -0.0246 -0.02592
0.02323 -0.0676 0.04374
0.10511 0.0043 0.07099
0.01242 0.084 0.04749
-0.04259 0.0672 0.05559
0.03066 -0.0651 0.02079
0.11611 0.0019 0.01632
-0.002891 0.048647 0.010894
0.09818 0.0386 0.06339
0.09821 -0.0174 0.05667
0.03769 -0.0695 0.05347
0.02958 -0.0598 0.0156
0.10389 0.0068 0.05504
0.029148 -0.023154 0.073193
0.10681 0.002 -0.00288
0.02654 0.0734 0.05208
0.09846 0.0143 0.06071
0.10531 -0.0122 0.00547
0.09222 -0.0237 -0.01334
0.02394 -0.0703 0.02058
0.01452 0.0827 0.06612
0.09925 0.0161 0.05228
0.02322 0.0677 0.01697
-0.03935 -0.0707 0.1187
0.01428 -0.0742 0.05236
0.02107 -0.0719 0.04051
-0.006902 -0.016667 0.158803
0.01366 -0.0781 0.04942
0.06096 -0.0619 0.02514
0.09436 -0.0461 0.01736
0.10255 0.0303 0.07434
0.01981 0.0716 0.04741
0.01312 -0.0828 0.05151
0.07359 -0.0566 0.01524
0.04604 -0.0683 0.05495
0.11311 -0.0056 0.01785
0.08826 0.0171 -0.03215
-0.00758 -0.045319 0.007046
0.07842 -0.0574 0.07167
0.0305 0.0741 0.05627
-0.03879 0.0646 0.13975
-0.022234 0.023605 0.017351
0.01107 -0.0788 0.03313
0.07971 0.0268 -0.02882
0.02072 0.077 0.08242
0.10691 0.0167 0.08848
0.0962 -0.0183 -0.00373
0.07635 -0.0589 0.06259
0.09832 0.0153 0.0591
0.00174 0.0806 0.08956
-0.06694 -0.0311 0.13272
0.03117 -0.0659 0.02231
0.09173 0.0488 0.06051
0.00397 0.0829 0.03761
0.1043 0.0039 -0.00362
0.01263 -0.0831 0.04901
-0.02968 -0.0621 0.14706
0.00643 0.0882 0.06522
0.03156 0.0655 0.02141
0.0986 -0.0113 -0.01825
1e-05 -0.0769 0.0617
0.09952 -0.04 0.07886
0.0297 0.0729 0.05219
0.04963 0.0663 0.036
0.10383 -0.014 0.0148
-0.02071 0.051037 0.010302
0.09911 -0.0338 0.04775
0.02479 0.0675 0.03748
0.08838 -0.0492 0.09042
0.01266 0.0845 0.06539
0.02908 -0.0686 0.02385
0.01841 0.0703 0.04433
0.1043 -0.0052 -0.00346
0.09803 -0.0012 -0.03413
-0.06473 0.053 0.06534
0.09858 -0.0012 -0.03303
-0.02071 -0.047313 0.010302
0.02401 -0.0687 0.04896
0.08977 0.0519 0.06686
0.10341 -0.01 0.04954
0.10387 0.0045 0.05758
0.01524 0.0849 0.06968
0.08986 0.0511 0.02216
0.06299 -0.0646 0.04219
0.10641 0.0043 0.05209
-0.022234 -0.023605 0.017351
0.09319 -0.0222 -0.00286
0.02519 -0.0669 0.04083
0.02062 -0.0731 0.05724
0.02223 -0.068 0.04655
0.06662 0.0636 0.08156
0.00725 -0.0824 0.0419
0.1029 0.0324 0.0776
0.00785 -0.0662 0.03311
-0.07314 -0.0412 0.09939
0.0029 0.0886 0.05611
0.030142 0.0 0.117397
0.12151 -0.0024 0.0244
0.02129 0.0705 0.04693
0.08142 0.0572 0.06006
0.11001 -0.0025 0.0146
0.01358 0.0813 0.04624
0.02887 -0.0679 0.04074
0.02785 0.0683 0.04107
0.10379 0.0005 0.06555
0.07209 0.0552 0.01029
0.10501 0.0017 -0.00418
0.01461 -0.0782 0.03822
0.0976 -0.0057 -0.03255
0.02723 0.0743 0.05556
0.00327 -0.0834 0.04262
-0.08045 0.0061 0.07356
0.03026 0.0736 0.05438
0.09914 0.0089 -0.0059
0.08458 0.0202 -0.0322
0.05822 0.031 -0.02729
0.07352 0.0348 -0.02356
-0.06177 0.0538 0.12263
0.10461 -0.0036 0.05592
0.08811 0.0513 0.05377
0.08826 -0.0194 -0.03151
-0.022234 0.043606 0.14224
0.03142 0.0738 0.07098
0.10366 0.014 0.00031
0.03444 0.0686 0.03996
0.02732 -0.0667 0.03792
0.0984 0.0142 0.05901
-0.00344 -0.0737 0.05615
0.04279 -0.0493 -0.00989
0.10141 0.0041 -0.01752
0.0418 0.0714 0.07092
0.02095 0.0716 0.05131
0.09369 0.0155 -0.00652
0.09704 0.044 0.06459
-0.04122 0.0595 0.14454
0.01425 0.0821 0.05803
0.06081 -0.0374 -0.0234
-0.055707 0.048647 0.03277
0.08118 -0.0227 -0.03266
0.10011 -0.0346 0.04026
0.0367 0.0734 0.07788
0.09482 0.0434 0.06101
0.01775 0.0774 0.06161
0.01959 -0.0732 0.03384
0.04206 -0.0699 0.07058
0.03813 -0.0698 0.05588
0.02138 0.0686 0.04386
0.11431 0.0051 0.03777
0.02191 -0.0689 0.04846
-0.045888 0.051037 0.02376
0.00397 -0.0827 0.0405
0.03061 0.0565 0.00847
0.06822 0.0274 -0.03013
0.00461 -0.07 0.03838
-0.06296 -0.0567 0.10176
0.10263 0.007 -0.01537
0.0738 0.0611 0.0582
-0.00291 -0.074 0.05785
-0.07137 -0.0415 0.10959
-0.045888 -0.047313 0.02376
-0.055549 0.036218 0.130602
0.09402 0.0407 0.05505
0.10481 0.023 0.07766
0.0139 0.084 0.0662
0.06464 0.0646 0.08564
0.09983 -0.0226 0.00565
0.00871 0.0795 0.08718
-0.00435 0.0787 0.07169
-0.00053 -0.0826 0.0497
0.02542 0.0697 0.01874
0.07242 -0.06 0.07281
0.10921 0.01 0.01748
0.09509 0.044 0.06139
-0.04591 0.0727 0.0943
0.02351 0.0682 0.03827
0.02233 0.0696 0.01774
0.02595 -0.0751 0.10688
0.05938 0.0484 0.14733
0.09668 -0.0442 0.07734
-0.06296 0.059 0.09974
0.09899 0.0209 0.0624
0.08178 -0.0318 -0.023
0.04302 0.0638 0.02464
0.00931 -0.0807 0.04087
0.00699 -0.0803 0.03426
0.10078 0.0119 0.05285
0.02283 -0.0709 0.0402
0.01312 0.0833 0.04861
0.06407 -0.0259 -0.0307
0.09173 -0.0104 -0.03647
0.09453 0.0446 0.06118
0.03075 -0.0628 0.01945
0.07971 -0.029 -0.02785
0.09565 -0.0241 0.05888
0.02564 -0.0747 0.07297
0.03224 -0.0037 0.17194
0.10611 0.0151 0.02059
0.10371 -0.0185 0.02258
0.01533 -0.0738 0.04895
-0.077842 0.0 0.10296
-0.006391 0.051037 0.01987
0.02564 -0.0722 0.05292
0.02062 0.0738 0.05467
0.03188 0.0663 0.0268
0.10551 -0.0131 8e-05
0.02381 0.0753 0.06395
-0.00562 0.0758 0.05814
0.02719 0.075 0.05725
-0.04101 0.051037 0.048281
0.10405 -0.0144 0.00451
0.01293 -0.0823 0.0472
0.07553 -0.0505 0.12375
0.02276 0.0718 0.04851
-0.006391 -0.047313 0.01987
0.03869 0.0707 0.05583
0.02242 -0.0729 0.06624
0.00235 0.071 0.04032
-0.03371 0.051037 0.053159
-0.00128 -0.0765 0.07
-0.022234 0.034236 0.024401
0.0314 0.0701 0.04324
-0.000935 -0.055859 0.073193
0.03118 0.0625 0.01777
-0.04101 -0.047313 0.048281
0.0297 -0.0683 0.03005
0.01835 0.0719 0.05151
-0.06666 0.0446 0.05718
0.10169 0.0092 0.0635
-0.03371 -0.047313 0.053159
0.01452 -0.0816 0.06899
0.1006 -0.0268 0.06603
0.01107 0.0787 0.03038
0.1028 0.0085 0.05431
0.09749 -0.0206 0.05532
0.01533 0.0743 0.04636
0.10283 0.0254 0.01851
0.04472 -0.0603 0.01231
0.02633 -0.067 0.03833
0.10039 0.0225 0.00776
0.02612 0.0731 0.05099
0.09496 -0.0418 0.0927
0.02326 -0.0676 0.04274
0.00796 -0.0823 0.0441
-0.043808 -0.047313 0.01987
0.10299 -0.0034 -0.01659
0.08383 0.007 -0.03728
0.09285 0.0201 -0.0144
0.10951 -0.0038 0.00022
0.09605 -0.0385 0.09784
0.07971 -0.057 0.06886
0.05742 0.0666 0.0475
0.09866 -0.0426 0.0316
-0.051323 0.013064 0.024401
0.01385 -0.0798 0.04575
0.10821 -0.0123 0.01727
-0.08094 0.0067 0.08035
0.10369 -0.0024 0.0652
0.02117 -0.069 0.04816
0.0307 -0.0673 0.02723
-0.00562 -0.0749 0.06077
0.00798 0.0821 0.03943
0.02066 0.0716 0.05301
0.10771 -0.0047 0.01244
0.01727 0.0774 0.08101
0.10383 0.0133 0.01432
0.09665 0.0454 0.03707
-0.0066 0.0816 0.09624
0.09747 -0.0189 0.05639
0.08767 0.0512 0.01666
0.01687 -0.0788 0.06744
0.01225 -0.0835 0.05882
0.10151 0.0016 -0.01758
0.01467 0.0698 0.02174
0.08189 0.0267 -0.02762
0.02885 0.0692 0.02995
0.07245 0.0086 0.15683
0.10601 -0.0058 -0.00235
0.05294 -0.0544 0.14312
0.00449 0.0769 0.03232
0.00482 -0.0875 0.05859
0.10691 -0.0148 0.08902
0.07704 0.0159 -0.03513
0.09543 0.0151 -0.01591
0.09747 0.0216 0.05929
0.09025 -0.0324 -0.00978
-0.02223 -0.0768 0.11431
-9e-05 0.0758 0.04964
0.10344 0.003 0.06251
-0.0529 -0.0661 0.08302
0.10247 0.016 0.07028
0.03942 -0.0519 -0.00514
0.01428 -0.0753 0.04828
0.09887 -0.0069 -0.02603
0.06763 0.063 0.07946
0.01448 0.0746 0.04856
0.07553 0.0536 0.12194
-0.051323 0.013064 0.151752
0.1002 -0.0112 0.05476
0.06763 -0.0614 0.08164
0.09809 -0.0241 0.05468
0.11391 -0.0042 0.01693
0.02366 -0.0675 0.04494
-0.00131 0.0714 0.04531
0.05362 0.0443 -0.01662
-0.03377 0.0507 0.15699
-0.00975 0.0652 0.15244
-0.0634 0.0515 0.05936
0.04416 0.0686 0.04816
0.0846 -0.0544 0.06951
0.03208 0.0638 0.02004
0.01604 -0.0728 0.04733
0.04954 -0.0621 0.02044
0.10213 -0.0255 0.0384
-0.00973 -0.0121 0.17419
0.01491 0.0744 0.04746
0.11301 0.004 0.01709
-0.00425 0.04739 0.045552
0.09437 -0.0177 -0.00694
0.02046 -0.073 0.02943
0.11621 -0.0003 0.01616
-0.00029 -0.076 0.05419
0.1046 -0.004 0.06963
0.01549 -0.0729 0.04263
0.10641 -0.0036 0.05222
-0.000935 0.055859 0.073193
0.01349 -0.0815 0.04738
0.0621 -0.0529 -0.00232
0.00695 -0.0832 0.04731
0.07278 -0.043 -0.0145
0.09594 -0.0201 0.05761
0.00988 -0.0658 0.03041
0.02651 -0.0672 0.01893
0.01406 0.0846 0.06679
0.01462 0.0763 0.05093
0.10122 0.0192 0.00612
0.11391 -0.0003 0.01556
0.06132 0.0656 0.06672
0.08692 0.0436 0.00109
0.03305 0.0646 0.02423
-0.06923 -0.0465 0.07027
0.09844 -0.0035 -0.03229
0.01658 0.0744 0.02936
-0.08028 0.0155 0.0777
0.00975 -0.0799 0.03895
0.10951 0.0125 0.01854
-0.02732 -0.0666 0.14154
0.08687 -0.0194 -0.03271
0.01362 0.0814 0.04224
0.09355 -0.0183 -0.02323
0.02862 -0.061 0.01732
0.01395 0.0745 0.02406
0.021358 0.01955 0.045552
0.02396 -0.0674 0.04394
0.02013 -0.0721 0.05632
0.0173 -0.0769 0.07521
0.10831 -0.0095 0.04072
0.02429 0.0726 0.05039
0.01346 0.083 0.05041
0.05305 0.0673 0.1225
-0.02081 0.0774 0.12452
0.02513 -0.0576 0.01456
0.02046 0.0727 0.02689
-0.00328 -0.0723 0.05122
0.10213 0.0257 0.03751
0.00871 -0.0776 0.08992
0.02813 -0.0652 0.01889
0.02024 0.0714 0.05192
0.08968 0.0348 -0.00696
-0.05913 -0.0555 0.12134
0.10491 0.0021 0.05622
0.04116 -0.0699 0.06548
-0.07314 0.0434 0.09791
0.06235 -0.0624 0.02835
0.09657 -0.0458 0.03346
0.09178 -0.0456 0.09166
0.01817 0.0701 0.04194
0.08686 -0.0541 0.0469
-0.0758 -0.0212 0.11564
0.04954 0.0616 0.01828
0.09809 0.0248 0.05383
0.02322 -0.0682 0.01935
0.09674 -0.0268 0.05553
0.01438 0.076 0.04393
0.10356 0.017 0.02166
-0.04229 -0.009009 0.017351
0.01483 0.0742 0.04276
0.10263 -0.0088 -0.0151
0.10269 -0.0056 0.06136
0.11001 0.0018 0.01452
0.03896 0.0709 0.05693
0.07335 0.0021 0.15654
0.03611 0.0547 0.0012
0.09222 0.022 -0.01413
0.1002 0.0119 0.05435
-0.059279 0.016667 0.14224
0.02495 0.071 0.02992
0.10551 0.0144 0.02781
0.01021 0.0856 0.06367
0.1042 -0.0219 0.10015
0.09608 -0.0417 0.08969
0.0272 -0.0688 0.04726
0.09835 -0.0143 0.05901
-0.07718 -0.011 0.06065
0.01649 -0.0793 0.06845
0.11791 0.0069 0.02124
-0.002179 0.009009 0.158803
0.10388 0.0037 0.0663
0.01465 -0.0741 0.04375
0.02876 -0.0691 0.03146
0.10154 0.0351 0.02944
0.09686 0.0023 -0.03459
0.10416 0.0024 0.05812
0.01989 -0.0733 0.02614
0.04702 0.069 0.05426
-0.04639 0.0724 0.0852
0.01979 -0.0757 0.06758
0.06172 0.0419 -0.01858
0.00346 -0.0707 0.04069
0.10356 -0.0174 0.02226
0.09696 0.0309 0.05382
0.00759 -0.0815 0.03728
0.09947 0.0175 0.06506
0.02074 0.0755 0.06465
0.10541 0.0138 0.03812
0.0223 0.0685 0.14458
0.03786 -0.0693 0.12628
0.09496 -0.0459 0.07107
0.07608 -0.0606 0.04422
0.0291 -0.0714 0.05271
0.05777 0.0682 0.09738
0.0456 0.0485 -0.01169
0.10083 -0.0309 0.0665
0.11081 -0.0109 0.03005
0.10318 0.0066 0.05705
0.09186 0.0489 0.04671
0.09948 -0.018 -0.00233
0.0906 -0.0514 0.04386
0.00887 0.081 0.03784
0.01465 0.0752 0.04465
0.09515 -0.0145 -0.00559
0.00439 -0.0841 0.06953
0.00847 0.0813 0.03754
0.01756 0.0708 0.04392
0.02953 0.075 0.07936
0.0675 0.0479 -0.00828
0.0621 0.0516 -0.00415
0.07077 0.0177 0.15637
0.09483 -0.0395 0.05975
0.02936 0.0702 0.04293
-0.06149 -0.0565 0.11166
0.07472 0.0604 0.06601
0.12151 0.002 0.02432
0.1006 -0.0349 0.06717
0.09919 0.0296 0.04864
0.09318 -0.0171 -0.00515
0.02852 0.0688 0.02586
0.01966 -0.0749 0.06637
0.06172 -0.0437 -0.01709
0.09408 -0.0103 -0.03417
0.01571 -0.0613 0.02323
-0.06659 -0.0517 0.10477
0.11851 0.0068 0.02344
-0.037566 -0.040272 0.033913
0.00514 -0.0849 0.04934
0.10126 -0.0351 0.03347
-0.022234 0.05694 0.117397
-0.07213 -0.021 0.12584
0.10126 0.0351 0.03225
0.0961 0.0055 -0.03375
0.02946 -0.0684 0.02555
-0.02709 0.0791 0.08338
0.09526 0.0438 0.0496
0.09286 0.0165 -0.00624
0.02841 0.0689 0.02435
0.048 -0.0678 0.11976
0.03443 0.0674 0.03358
0.09752 -0.0384 0.09324
-0.0251 0.051037 0.00987
0.10114 -0.0111 -0.00365
0.04963 -0.0662 0.03831
-0.0441 -0.0456 0.15267
0.0691 0.0629 0.06357
0.10511 0.024 0.09235
0.02564 0.0549 0.0086
0.09999 0.0298 0.04354
0.10396 0.0166 0.03857
0.10411 -0.0087 -0.0026
0.02954 -0.0753 0.06468
0.10571 0.0117 0.00185
0.09925 -0.0188 0.06399
-0.05055 0.0621 0.05568
0.0087 0.0861 0.06176
0.03235 0.0517 -0.00105
0.00759 0.0816 0.03443
0.026164 -0.021803 0.117397
0.10219 -0.0134 0.04759
0.03066 0.0646 0.01853
-0.006902 0.040272 0.033913
0.02469 -0.0699 0.05018
-0.04229 0.052615 0.058757
0.10871 -0.0006 -0.00184
0.10067 -0.0308 0.10031
0.00479 0.0868 0.05025
0.09824 0.0195 0.05322
-0.046645 -0.045319 0.010894
0.08626 -0.0224 -0.03026
0.01486 0.0737 0.04187
0.02352 0.0732 0.06178
0.07876 -0.0563 0.08325
0.000956 0.048647 0.049959
-0.05808 -0.062 0.09705
-0.022234 0.0 0.164622
-0.01074 0.0402 0.16858
0.02078 -0.0679 0.14186
0.06475 0.0647 0.04253
0.10951 -0.013 0.01898
-0.043533 0.055859 0.073193
-0.0441 0.0497 0.15101
0.10233 -0.0309 0.0322
0.01418 0.0801 0.05046
0.01523 -0.0807 0.06527
0.01837 -0.0717 0.04981
0.09984 -0.0041 -0.02378
0.03067 0.0673 0.02718
-0.030521 0.021803 0.158803
0.09064 0.0345 0.12747
0.07356 0.0594 0.10443
0.02953 0.0711 0.04882
0.08142 -0.0563 0.06204
0.01836 -0.0738 0.02524
0.03261 0.0024 0.17164
0.02542 -0.0702 0.02118
0.0205 0.0706 0.04653
0.1045 -0.0154 0.03843
0.0976 0.0034 -0.03271
0.03268 0.0747 0.08186
0.09942 0.0349 0.01255
0.03315 0.0587 0.01093
0.01687 0.0799 0.06467
-0.03256 0.0747 0.06706
-0.018007 -0.011082 0.163167
0.04677 -0.0558 0.00013
0.10384 0.0171 0.07307
0.00765 0.0795 0.03037
-0.030024 0.008469 0.163167
0.09607 -0.0259 0.05761
0.02013 0.0728 0.05379
0.05992 0.0394 -0.02124
0.09633 0.0404 0.01115
0.0526 -0.0413 -0.01963
0.10511 -0.022 0.09315
0.01272 -0.0848 0.07134
0.06661 0.0442 -0.01462
0.0307 -0.07 0.04768
0.01591 0.0793 0.05928
0.09283 0.0198 -0.01009
0.01246 0.0832 0.06431
0.03114 -0.0724 0.07013
0.10387 -0.0037 0.05773
0.01834 -0.076 0.05929
0.10671 0.0068 0.07565
0.07902 0.0593 0.03372
-0.040218 -0.04739 0.130602
0.01363 0.0773 0.04681
0.09654 -0.0243 0.06149
0.10511 -0.0008 -0.01273
0.02052 -0.0742 0.05956
0.09429 0.0168 -0.01664
0.10327 0.0068 0.06574
0.07146 -0.0448 0.13806
0.000956 -0.045319 0.015582
0.02233 -0.0701 0.02018
0.10012 -0.0096 0.06123
-0.06794 0.0536 0.09293
0.01462 -0.0798 0.05405
0.02389 -0.0715 0.0309
0.11171 -0.0084 0.0365
0.09699 -0.0421 0.0648
-0.00822 0.073 0.141
-0.00178 0.08 0.08087
0.01726 0.078 0.0556
-0.07578 0.0349 0.10106
0.0226 -0.0759 0.06799
0.00942 -0.0654 0.031
0.01398 0.0776 0.07281
-0.0316 0.0609 0.14981
0.04931 0.0493 -0.01071
0.01922 0.0718 0.05251
0.08455 0.0566 0.04207
0.02433 0.0788 0.06539
0.02557 0.0787 0.06999
0.00643 -0.087 0.06828
-0.0758 0.024 0.11485
0.09674 -0.0195 0.057
0.02157 -0.0738 0.03935
0.02537 0.0716 0.03521
0.02401 0.0691 0.04655
0.06286 -0.0642 0.06258
0.0237 0.0646 0.14945
0.02074 -0.0744 0.06726
0.09866 0.0424 0.03012
0.01507 0.0739 0.04027
0.017877 -0.043606 0.088077
0.01621 -0.0786 0.05733
0.01009 0.0647 0.02783
0.10851 0.002 0.01342
0.01865 0.0732 0.02938
-0.006902 -0.040272 0.033913
0.06065 0.0658 0.06942
0.01742 -0.0777 0.06592
0.10481 -0.0009 -0.01493
0.02417 -0.0694 0.03937
-0.08045 -0.0047 0.07375
0.01451 -0.0809 0.07608
0.005576 -0.045319 0.026735
-0.04648 -0.0208 0.16084
0.01156 0.0787 0.03489
0.09821 -0.0218 0.00133
0.00887 -0.0843 0.06423
0.05103 -0.0676 0.05764
0.10241 -0.024 0.01647
0.05823 0.047 -0.01267
0.04254 0.0733 0.11209
0.09881 0.0315 0.05221
0.04667 0.0719 0.08761
0.10471 -0.0124 0.01497
0.101 0.0138 0.04992
0.00934 -0.0835 0.06372
0.01975 -0.0694 0.04757
0.02447 0.0587 0.01473
0.02177 -0.068 0.04425
0.0196 0.0661 0.018
-0.043533 0.055858 0.10296
0.09885 -0.0272 0.05294
0.019 -0.0714 0.13432
-0.009189 0.051037 0.01646
0.10293 -0.0167 0.00745
0.006109 -0.030812 0.033913
0.09496 0.0438 0.0912
0.02501 0.073 0.05699
0.02625 0.079 0.06668
0.06897 -0.033 -0.02678
0.00192 0.0851 0.04407
0.1005 -0.0248 0.04439
0.0036 0.0865 0.04595
0.09521 -0.0151 -0.00639
0.08712 -0.0013 -0.03783
0.09664 -0.0325 0.05773
-0.043808 0.051037 0.01987
0.09601 -0.0233 0.05657
0.02447 0.0674 0.03948
-0.037566 0.040272 0.14224
0.02953 -0.0734 0.08195
0.00682 -0.0836 0.04922
0.02426 0.0675 0.04068
0.07952 -0.0322 -0.02439
0.01787 -0.0817 0.07079
0.06198 0.0654 0.06402
0.09936 -0.0172 0.06506
0.01365 0.0808 0.04485
0.02689 -0.0705 0.05089
0.09097 -0.0301 -0.01022
0.09737 -0.024 0.05548
0.10252 -0.0059 -0.01655
0.02777 -0.0665 0.03962
0.00725 0.0826 0.03902
0.08394 -0.0285 -0.02525
0.02394 0.0698 0.01814
0.06817 -0.0491 0.13603
-0.009189 -0.047313 0.048281
-0.00291 0.0747 0.05526
0.02065 -0.0711 0.0503
0.10581 0.0065 0.07305
-0.00178 -0.0783 0.08363
0.10197 -0.0173 0.00326
0.01584 0.0755 0.03894
0.02128 0.0721 0.0537
0.03193 0.0667 0.02779
0.01982 -0.0811 0.07088
0.101 -0.0133 0.05039
0.01428 0.0748 0.04975
0.01715 0.0717 0.04471
0.10521 -0.0118 0.00876
0.10375 0.0138 0.01631
0.10247 -0.0147 0.07082
0.07884 0.0341 -0.02125
-0.036608 -0.045319 0.004187
0.08978 -0.0269 -0.01848
0.00122 -0.0695 0.04267
-0.02071 0.051037 0.054439
0.06896 -0.0623 0.05945
0.00751 -0.0825 0.044
0.00161 -0.0701 0.04318
0.07527 -0.0148 -0.03469
0.04976 -0.0587 0.1399
-0.0001 -0.0818 0.04759
-0.05774 -0.0552 0.05803
0.02416 -0.0664 0.01861
0.09832 -0.0144 0.05961
0.10681 0.0108 0.01567
0.10241 0.0234 0.01565
0.02822 0.0679 0.03417
0.01054 -0.0795 0.03885
0.09725 -0.0155 -0.00828
-0.02071 -0.047313 0.054439
0.10264 -0.0317 0.02511
0.08069 0.0166 -0.03554
0.01336 -0.0816 0.04588
0.01559 -0.0795 0.06365
-0.012928 -0.045319 0.004187
0.01372 -0.0755 0.05018
0.01079 0.079 0.03418
0.00765 -0.0796 0.03315
0.02056 0.0615 0.01678
0.08233 0.0562 0.02448
0.01756 0.0723 0.046
-0.0569 0.0645 0.10464
-0.030024 -0.008469 0.163167
0.01955 -0.0732 0.03053
0.01532 0.0746 0.03956
0.11371 0.0063 0.03725
-0.07689 0.0148 0.06
0.03223 -0.0658 0.02751
-0.07238 -0.0046 0.12915
0.09984 0.0217 0.06438
0.01467 -0.0702 0.02418
0.02443 0.0712 0.02912
0.0307 0.067 0.02489
-0.07634 -0.018 0.06038
0.09186 0.0279 -0.00944
0.02736 -0.0681 0.03685
0.01054 0.0796 0.03607
0.09849 0.024 0.00354
-0.0376 0.051037 0.051079
0.10402 0.0225 0.02546
0.01491 -0.0736 0.05304
0.10261 0.0069 -0.00367
0.01239 0.0711 0.02352
-0.012041 -0.004595 0.012986
0.00937 0.0803 0.03586
0.10671 0.0019 0.05263
0.10631 0.005 0.05187
-0.04639 -0.0706 0.0877
-0.069389 0.0 0.130602
0.01212 0.0844 0.04889
-0.00532 0.0748 0.05516
0.10312 0.0073 -0.01178
-0.0376 -0.047313 0.051079
0.01618 0.0751 0.02855
0.09832 -0.0145 0.06022
0.08506 -0.04 0.12687
-0.03494 -0.0119 0.16819
0.02059 -0.07 0.04118
0.08876 0.0075 -0.03818
0.10601 0.0046 -0.00253
0.01217 0.0636 0.02525
0.00872 0.0851 0.05908
0.05627 0.0535 0.14444
0.10344 -0.0273 0.02663
0.0214 0.0799 0.07237
0.00065 -0.0697 0.04378
0.06134 -0.0491 -0.00969
0.0162 0.073 0.04949
0.08874 0.0519 0.04815
0.006109 0.030812 0.14224
0.09917 -0.0166 0.05235
0.0162 -0.0716 0.04551
-0.006902 0.016667 0.017351
0.03215 -0.0704 0.05189
0.03237 0.0742 0.07617
0.01965 -0.0745 0.03956
0.12001 0.0046 0.02128
-0.00041 -0.0767 0.0561
0.01976 -0.079 0.07564
0.11511 0.0054 0.01766
0.02627 0.0549 0.15792
0.006855 -0.013064 0.024401
0.0139 -0.0828 0.06911
0.06539 0.031 -0.02779
0.10083 0.0319 0.06541
-0.07642 -0.0126 0.11759
0.02311 0.0683 0.04457
0.10303 -0.017 0.04196
-0.05337 0.0551 0.13601
-0.0476 0.051037 0.03237
0.10681 -0.0114 0.01605
0.1041 -0.0163 0.02174
0.09309 0.0448 0.05968
-0.07807 0.0235 0.10446
0.10371 0.0181 0.02194
0.017877 0.0 0.14224
0.00522 0.0764 0.03122
0.01477 -0.0823 0.0695
0.02495 -0.0711 0.0324
-0.0476 -0.047313 0.03237
0.00049 -0.0741 0.04915
-0.022234 -0.051264 0.130602
0.1006 0.036 0.06594
0.02919 0.07 0.04194
0.01021 -0.0845 0.06664
-0.07689 -0.0139 0.0605
0.08781 -0.0522 0.06777
0.09911 0.0343 0.04656
0.09508 -0.0032 -0.0372
0.10219 -0.019 0.01029
0.06539 -0.0331 -0.02667
-0.014444 -0.008469 0.012986
0.05626 0.0394 -0.02114
0.04206 0.0711 0.06812
0.00479 -0.0862 0.05327
0.09652 -0.0081 -0.03251
-0.00358 -0.0792 0.09275
0.02534 0.0724 0.0496
0.10601 0.0128 0.07594
-0.00886 0.0024 0.17444
0.0923 0.0476 0.04893
0.0332 0.0654 0.02642
0.003815 -0.045319 0.020931
0.01355 -0.077 0.0501
0.08109 0.0563 0.08628
0.006855 -0.013064 0.151752
0.02128 -0.0713 0.05621
0.00966 -0.0646 0.03049
-0.05337 -0.0516 0.13787
0.06022 -0.065 0.0626
-0.05249 -0.0667 0.09243
-0.00924 -0.0037 0.17444
0.11471 0.0039 0.03809
0.01323 -0.0824 0.0503
0.09661 -0.041 0.06368
0.0144 -0.0797 0.05365
0.10981 -0.0076 0.04189
0.01123 0.0785 0.03299
-0.043533 -0.055859 0.073193
0.07197 -0.0621 0.03984
-0.055112 0.048647 0.026735
0.10252 0.0123 0.04835
0.00235 -0.0707 0.04279
0.09173 -0.051 0.02955
0.02761 0.069 0.04296
0.05532 0.0641 0.02944
0.01756 -0.0718 0.04851
0.0995 -0.0114 -0.01655
0.00597 0.0886 0.06102
0.0445 -0.0545 -0.0023
0.01841 -0.0699 0.04678
0.01196 0.0845 0.05449
0.09914 -0.0103 -0.00557
-0.04229 -0.052615 0.117397
0.10581 -0.0109 0.01525
0.02371 0.0732 0.05928
0.10067 0.0331 0.09919
0.03033 0.067 0.02119
0.06647 -0.0639 0.04747
0.10051 -0.0034 -0.01849
0.03158 0.0169 0.17108
0.01693 0.0729 0.04729
0.10511 -0.003 0.07112
-0.0801 0.0114 0.07246
0.10405 0.0134 0.00402
0.09724 0.0334 0.05348
-0.050577 -0.030812 0.033913
0.01777 -0.0799 0.07606
0.01416 -0.0754 0.04858
0.09017 -0.0452 0.00754
0.10409 -0.0061 -0.01404
0.07405 -0.0221 -0.03297
0.09914 -0.0335 0.05035
0.099 -0.0113 -0.01735
0.08978 0.025 -0.01939
-0.01078 0.045 0.16669
0.02252 -0.0678 0.04344
0.0143 -0.0811 0.05448
0.03198 -0.0654 0.0242
-0.012599 0.051037 0.051079
0.08686 -0.0551 0.03502
0.02246 0.0729 0.05519
0.09644 -0.0239 0.05618
0.03586 0.0485 -0.00769
0.06822 -0.0296 -0.02913
0.02228 -0.072 0.03101
0.0995 0.0308 0.06373
0.10117 0.0064 -0.00436
0.01418 -0.0796 0.05325
-0.050493 -0.045319 0.049959
-0.012599 -0.047313 0.051079
0.07393 -0.041 0.13949
-0.00087 0.0749 0.05185
0.01817 -0.0698 0.04438
0.01955 0.073 0.02798
-0.032428 -0.004595 0.163167
0.10345 -0.021 0.02072
0.10448 0.0178 0.02835
0.02708 -0.069 0.02066
0.03142 -0.0725 0.07353
0.05855 -0.046 -0.01465
0.10255 -0.0289 0.07537
0.10481 -0.0036 -0.01249
0.10448 -0.013 0.01158
0.10491 -0.0107 0.07315
0.09947 -0.0164 0.06565
0.10069 -0.0092 0.06272
0.10107 -0.0009 -0.01803
0.02852 -0.069 0.02826
0.10384 -0.0157 0.07364
0.01381 -0.0756 0.04968
0.00579 -0.0864 0.05827
-0.07628 -0.0048 0.11895
0.09072 0.0168 -0.02955
0.10049 0.0391 0.07218
0.00591 0.0846 0.04818
-0.022234 0.051264 0.130602
0.00493 0.0861 0.04836
0.02724 0.0746 0.05646
0.01917 -0.0709 0.0542
0.03077 -0.0202 0.17043
0.06817 0.0526 0.13426
0.011081 -0.036218 0.045551
0.0144 0.0804 0.05086
0.08955 -0.0193 -0.03022
-0.022234 -0.060453 0.073193
0.01255 0.0777 0.07841
0.01428 0.0758 0.04564
0.01475 0.0815 0.05954
0.10303 -0.0045 0.06254
-0.030804 0.048647 0.002426
-0.04591 -0.0706 0.0968
0.08918 -0.0533 0.04059
0.00439 0.0852 0.06658
0.00146 -0.0869 0.05328
0.09476 0.0164 -0.01264
0.0321 -0.0655 0.0253
0.00199 -0.0712 0.0439
0.02242 0.074 0.06367
0.10377 0.014 0.01071
0.01352 0.0776 0.04921
0.05298 0.0498 -0.00962
-0.059279 0.040272 0.058757
0.02408 -0.0673 0.04173
0.01925 -0.0726 0.05603
0.02211 -0.0701 0.04968
0.10169 -0.0082 0.06381
0.10283 -0.026 0.01941
-0.04229 0.009009 0.158803
0.0192 0.0574 0.01595
0.02958 -0.0677 0.02184
0.02027 -0.0816 0.07309
0.09773 -0.0147 -0.00459
0.02539 -0.0687 0.04906
0.09993 -0.0107 -0.00436
0.0462 0.0462 -0.01416
1e-05 0.0778 0.059
0.01657 0.0795 0.06217
0.0326 -0.068 0.03595
0.01959 -0.0738 0.05685
0.00988 0.0656 0.02811
0.11791 -0.0073 0.02148
0.02059 0.0702 0.03873
0.09025 0.0308 -0.01089
0.06407 0.0236 -0.03156
0.033 0.0722 0.0543
0.02961 -0.0683 0.02645
0.04416 -0.044 -0.01558
0.01435 -0.0765 0.04609
0.09809 -0.0221 0.06165
-0.045888 0.051037 0.040981
0.02635 -0.0624 0.01794
0.02958 0.0672 0.01948
0.00543 -0.067 0.03593
0.02654 -0.0728 0.05463
-0.05876 -0.0616 0.08744
0.00403 0.0697 0.03694
0.10228 0.0324 0.02819
-0.07807 -0.0211 0.10524
-0.08022 -0.005 0.09925
-0.045888 -0.047313 0.040981
0.0929 0.0177 -0.00696
-0.044527 0.024235 0.024401
0.09884 -0.0332 0.05294
0.01422 -0.0817 0.06399
0.03033 -0.0675 0.02353
0.03706 -0.0656 0.0311
0.098 -0.0032 -0.0333
0.09954 0.0227 0.06357
0.10182 0.0209 0.01199
0.09274 0.047 0.05994
0.08458 -0.0225 -0.03146
0.01398 -0.0763 0.0755
-0.03597 -0.0657 0.13682
0.10219 0.0138 0.04712
0.00597 -0.0876 0.06409
0.0192 0.0709 0.04592
0.04116 0.071 0.06302
0.00598 0.079 0.06909
0.11171 -0.0003 0.01486
0.0981 0.0106 -0.00593
0.01513 -0.0741 0.04765
0.10521 0.0104 0.01147
0.09948 0.0167 -0.00294
0.10471 -0.0035 -0.01399
0.01646 0.0753 0.05215
0.02052 0.0781 0.0913
0.10166 -0.0354 0.02778
0.10811 0.0043 0.01468
0.09666 -0.0456 0.03605
0.02841 -0.0692 0.02676
0.02066 -0.0726 0.03112
0.02627 -0.0506 0.15976
0.00931 0.0809 0.03805
0.1043 -0.0034 -0.01529
-0.06971 -0.0383 0.05913
0.1043 0.0017 -0.01538
0.01533 -0.0796 0.05765
-0.00435 -0.0774 0.07441
0.09913 0.0309 0.05102
0.10165 0.0294 0.06745
0.10771 -0.0034 0.08853
-0.044527 0.024235 0.151752
-0.022234 -0.05694 0.058757
0.09062 0.0031 -0.03871
-0.024768 -0.045319 0.063709
0.003815 0.048647 0.04461
0.10264 0.0314 0.02401
0.01334 0.0825 0.04622
0.11571 -0.0092 0.02162
0.02469 0.0704 0.04773
-0.002179 0.052615 0.117397
0.01649 -0.0727 0.04863
-0.022234 0.011983 0.012986
0.01819 0.0678 0.01897
0.01466 -0.0738 0.05215
0.09881 -0.0309 0.0533
-0.0805 0.0007 0.07475
0.02732 0.0667 0.03559
0.01915 -0.0801 0.07006
0.0237 -0.0605 0.15163
-0.05417 -0.0604 0.06212
0.1042 0.0242 0.09935
0.08686 -0.0529 0.07339
0.09562 0.0433 0.04981
0.01363 -0.0768 0.0495
0.02853 -0.0693 0.03557
0.02104 0.0719 0.04921
0.01676 -0.0766 0.0552
0.07853 0.0376 -0.01701
-0.059279 -0.040272 0.058757
0.10051 0.0016 -0.01858
0.03103 -0.0521 0.00016
0.07583 -0.0295 -0.02884
0.01381 -0.0834 0.07492
0.01616 -0.0797 0.06655
0.09145 0.0463 0.05685
0.09689 -0.0084 -0.03151
0.10106 0.0302 0.03823
-0.018733 -0.045319 0.002426
0.02865 -0.0731 0.07544
0.01314 -0.063 0.02616
0.07583 0.0272 -0.02983
0.01387 0.0623 0.02307
0.09603 0.0228 0.05586
0.01475 -0.0787 0.04263
0.09696 -0.0303 0.05489
0.09288 -0.0176 -0.00554
0.10043 0.0237 0.06555
0.01359 0.079 0.04738
0.01959 0.0731 0.03128
0.01802 0.0724 0.0478
0.02268 0.0721 0.0492
0.02101 0.0643 0.01703
0.09954 -0.0217 0.06434
0.01972 -0.0711 0.0553
0.01661 -0.0766 0.0908
0.0937 0.0179 -0.00986
-0.03529 0.0255 0.16633
-0.02764 -0.0737 0.12296
0.02433 -0.0777 0.06812
0.10921 -0.0106 0.01784
0.09913 -0.0303 0.05209
0.04273 0.0586 0.00783
0.01536 0.0739 0.04417
-0.047168 0.051037 0.027981
0.01389 -0.0773 0.04761
0.02303 -0.0732 0.06654
0.0017 0.0861 0.04606
-0.03529 -0.0209 0.16714
0.03099 0.0633 0.01825
0.02551 -0.071 0.0331
0.08811 -0.0506 0.05554
0.10661 -0.0029 0.05241
0.02223 0.0684 0.04417
0.02551 -0.0668 0.04092
0.00578 -0.0832 0.04101
0.02112 0.08 0.07247
-0.0001 0.0821 0.04473
0.09941 0.0399 0.08607
0.02539 0.0691 0.04665
-0.047168 -0.047313 0.027981
0.10369 0.0035 0.0651
0.00727 0.0878 0.06013
0.04257 0.0692 0.13006
0.01404 -0.0769 0.0529
0.05822 -0.0332 -0.02617
0.08781 0.0533 0.06593
-0.070632 -0.021803 0.058757
0.08986 -0.0516 0.02396
0.00482 0.0882 0.05552
0.03815 -0.0624 0.01954
0.0208 -0.0724 0.03192
0.06104 -0.0572 0.13107
-0.03445 -0.0417 0.1611
-0.041957 0.048647 0.007046
-0.055549 -0.036218 0.045551
0.09376 -0.033 -0.00127
0.09844 -0.018 0.06138
0.02408 -0.0568 0.01365
-0.053726 0.0 0.024401
0.01226 0.0781 0.0342
0.00663 0.0842 0.04809
0.00841 0.0819 0.03963
-0.022234 -0.05694 0.117397
0.10571 0.0126 0.07485
0.09827 0.0176 -0.00326
0.09932 -0.0112 0.05786
0.01713 -0.0746 0.02656
0.01483 0.0747 0.04356
0.08105 0.0576 0.05556
-0.002891 0.048647 0.054647
0.11581 0.0038 0.01699
0.04416 -0.0681 0.05055
-0.055112 -0.045319 0.026735
0.01476 0.0751 0.04045
0.01366 0.0833 0.06581
0.03038 0.0739 0.05527
-0.070632 0.021803 0.117397
0.09437 0.0162 -0.00753
0.02447 -0.0671 0.04183
0.09634 0.0148 -0.01251
-0.00511 0.0793 0.12349
0.1028 -0.0078 0.0546
0.01475 0.0789 0.03988
0.03315 -0.0594 0.01299
-0.00128 0.0777 0.06731
0.014811 0.040272 0.058757
0.02344 -0.0714 0.05511
-0.036608 0.048647 0.061354
0.01572 -0.0807 0.07617
0.02773 -0.0683 0.04435
0.03347 0.0709 0.05032
0.09571 0.0081 -0.03169
0.0208 -0.0691 0.04167
0.04781 0.0683 0.04927
0.05965 0.0663 0.06271
-0.06516 0.0442 0.1278
-0.053726 0.0 0.151752
-0.073616 -0.023154 0.073193
0.09173 -0.0479 0.0622
0.10551 0.0091 0.0477
0.09286 -0.0179 -0.00564
-0.012928 0.048647 0.061354
-0.04101 0.051037 0.01646
0.01536 -0.0735 0.04674
0.05701 0.0646 0.03273
-0.011212 0.0 0.012986
0.07209 -0.056 0.01223
0.04133 0.0676 0.03988
0.09914 0.0269 0.04829
0.00579 -0.0813 0.03648
-0.04101 -0.047313 0.01646
0.02039 -0.0713 0.05081
0.10149 0.0088 0.06161
0.01576 -0.0725 0.04613
0.09585 0.0456 0.02256
0.00785 -0.087 0.06668
0.02913 0.0697 0.04104
0.02412 -0.0723 0.06102
0.11101 -0.0055 0.04286
0.01441 0.0795 0.04077
0.09228 0.0209 -0.00701
0.08506 0.0432 0.12542
-0.065826 0.01955 0.045552
0.02856 -0.0675 0.02033
0.10042 0.016 0.04938
0.02785 -0.068 0.04345
0.02196 -0.0555 0.01202
0.02129 -0.0701 0.04938
0.06981 0.0626 0.03557
0.07571 0.0382 -0.01832
0.01865 -0.0733 0.03194
0.07767 -0.0508 0.00414
-0.073616 0.023154 0.10296
0.09469 0.008 -0.03359
0.10751 0.0075 0.09184
0.10235 -0.0175 0.07187
0.10189 0.0094 0.0644
0.10671 0.0168 0.09197
0.01745 -0.0739 0.05525
0.08184 -0.0012 -0.03643
0.04005 0.0468 -0.01147
0.03062 -0.0735 0.06815
0.04472 0.0595 0.01022
-0.00822 -0.0692 0.14348
0.0956 0.0158 -0.00912
0.02534 -0.0718 0.05211
0.08127 0.0335 -0.01993
0.00975 0.0801 0.03616
0.01032 0.0782 0.0791
0.02778 0.062 0.01597
0.02494 -0.056 0.15575
0.00617 -0.045319 0.03277
-0.0569 -0.062 0.10685
0.01917 0.0716 0.05171
0.10023 -0.0196 0.0025
0.00246 0.0854 0.06357
0.09751 -0.0329 0.06444
0.017877 0.043606 0.088077
0.01801 0.0787 0.09219
-0.047168 0.051037 0.03676
0.09657 0.0457 0.03186
0.02887 0.0681 0.03837
0.10186 -0.0166 0.04545
0.09787 0.0039 -0.03172
0.02497 -0.0716 0.05171
0.02426 -0.054 0.0078
-0.000935 0.055858 0.10296
0.10043 -0.0226 0.06636
0.02824 -0.0403 0.16508
0.10364 -0.0017 0.06009
0.05305 -0.0642 0.12479
0.10501 -0.003 -0.00409
0.1039 -0.0034 0.05782
0.10311 0.0212 0.07339
-0.047168 -0.047313 0.03676
-0.043947 0.0 0.158803
-0.00013 -0.0841 0.06063
0.11571 -0.0093 0.02332
0.09862 -0.0225 0.05155
0.08487 -0.052 0.01466
0.11581 -0.0044 0.01713
0.0929 -0.0191 -0.00631
0.10305 0.0275 0.02148
0.01483 -0.0743 0.04616
0.02066 0.0725 0.02859
0.10108 -0.0364 0.0784
0.09237 -0.0242 -0.00833
0.03675 0.0726 0.07
0.10197 0.0162 0.00267
-0.0676 0.0081 0.13863
0.00192 -0.0848 0.04704
0.09914 -0.0264 0.04922
0.09948 0.0115 -0.00465
-0.00973 0.017 0.17368
-0.06872 -0.0414 0.11959
0.09752 0.0404 0.09186
0.06509 -0.0317 0.15353
0.01871 0.0717 0.05051
0.10671 -0.0053 0.07586
0.08767 -0.0517 0.01846
0.014811 -0.040272 0.058757
-0.003031 0.051037 0.027981
0.02855 -0.067 0.03983
0.02376 0.0677 0.04048
-0.0316 -0.0568 0.15187
0.01716 -0.0761 0.1106
0.09159 -0.0259 -0.0124
-0.003031 -0.047313 0.027981
0.01392 0.0761 0.04653
-0.00035 0.0814 0.09695
0.06134 -0.0406 0.15058
0.10167 -0.0088 -0.0162
0.10272 0.0067 0.05915
0.10363 -0.0073 0.06839
0.01721 -0.0722 0.05452
0.03612 0.073 0.07229
0.0881 0.0515 0.05516
0.01396 0.0824 0.05142
0.02252 0.0681 0.04107
0.02865 0.0745 0.07286
0.04279 0.0477 -0.01158
0.02748 0.0492 0.16152
0.02579 -0.0703 0.05059
0.01293 0.0827 0.04432
0.10303 0.0055 0.06237
0.0305 -0.0734 0.05884
0.02039 0.0718 0.04831
-0.05515 0.0641 0.11415
-0.06516 -0.0409 0.12929
0.10383 0.0047 0.05758
0.11181 -0.0015 0.04399
0.09828 -0.042 0.0721
0.09255 -0.0213 -0.00708
0.01919 -0.0715 0.05091
-0.07886 -0.0127 0.10709
-0.07406 -0.0316 0.11292
-0.00131 -0.0709 0.0478
-0.05913 0.0585 0.11935
0.05127 -0.0577 0.00526
0.0017 -0.0856 0.04905
0.02515 -0.0765 0.0732
0.09668 0.0457 0.07577
-0.034251 0.031623 0.024401
0.04962 0.0464 -0.01416
0.09185 -0.0357 -0.00212
0.03586 -0.0499 -0.00598
0.09562 -0.0427 0.05131
0.03077 0.025 0.16964
0.11101 0.0058 0.04266
0.12071 -0.0045 0.02414
0.02332 0.0729 0.03629
0.09752 -0.0373 0.05381
0.10106 0.0149 0.0675
0.01443 0.0762 0.04233
0.07311 -0.0329 -0.02638
0.0981 -0.012 -0.00554
0.01372 0.0783 0.04589
0.08687 0.0171 -0.03335
0.09432 -0.0396 0.05805
0.05383 0.0666 0.0419
0.0311 0.074 0.06577
0.10295 0.0174 0.01745
-0.04648 0.0252 0.16004
0.02829 0.0507 -0.00013
0.00958 -0.0864 0.06927
-0.06952 -0.0462 0.10768
0.02066 -0.0709 0.0555
0.02157 0.0739 0.03677
0.09941 -0.0381 0.08743
0.09924 0.0296 0.04754
0.07624 -0.0365 -0.02131
0.09549 -0.0373 0.05781
0.10252 0.0041 -0.01672
0.01481 0.0748 0.04636
0.06509 0.0358 0.15235
0.02515 0.0778 0.07051
-0.034251 0.031623 0.151752
0.02274 0.0718 0.02791
0.10781 0.0009 0.08835
0.09935 0.0321 0.0102
0.10661 -0.0085 0.0096
0.01452 -0.0749 0.04517
0.0076 0.0823 0.03922
0.01491 0.0741 0.05047
0.01203 -0.0845 0.07384
0.00592 0.0864 0.05505
-0.00091 -0.0838 0.05412
-0.07086 -0.0314 0.12302
0.01543 -0.081 0.06928
0.01599 -0.0754 0.02787
0.01604 0.0732 0.04478
0.11001 0.0027 0.00211
0.10491 -0.0014 0.05629
0.01588 0.0838 0.0725
0.01477 0.0834 0.06661
0.01431 -0.0812 0.05528
0.09511 -0.0396 0.06235
0.02842 -0.0667 0.03772
0.10448 -0.018 0.02897
0.09408 0.0079 -0.03449
0.10315 0.0138 -0.00169
0.01574 0.0738 0.04557
0.10097 -0.0034 -0.01799
0.02822 -0.0678 0.03654
0.02221 0.0772 0.08572
0.07956 -0.0572 0.06506
0.01379 0.0808 0.04255
0.03388 0.0714 0.05222
0.00359 -0.0698 0.04018
0.03268 -0.0696 0.04817
0.09898 0.0221 0.04958
0.0936 0.0151 -0.00621
0.02117 0.0695 0.04575
0.02011 0.0719 0.04881
0.10377 -0.0148 0.01121
0.00942 0.0653 0.02872
0.08351 -0.0224 0.14437
0.01716 0.0787 0.1079
0.00643 0.085 0.05498
-0.022234 0.023605 0.158803
0.10551 -0.0147 0.02831
0.02368 -0.0754 0.09168
-0.003031 0.051037 0.03676
-0.03513 -0.0317 0.16473
-0.012041 0.004595 0.012986
0.02414 -0.0749 0.07387
0.04173 -0.0454 -0.01376
0.09908 -0.0386 0.06584
0.08455 -0.0563 0.04404
0.04079 0.0719 0.07301
0.01579 0.0798 0.05347
0.11161 -0.0101 0.01883
-0.003031 -0.047313 0.03676
0.05604 0.0505 -0.00793
0.11301 -0.0046 0.01724
0.1029 -0.0214 0.03833
0.09305 -0.0205 -0.00859
0.04976 0.0623 0.13779
-0.02595 -0.0756 0.07228
0.09561 0.0052 -0.03464
0.11391 0.0036 0.01679
0.05532 -0.0642 0.03168
0.09938 -0.0394 0.06735
0.00486 -0.0821 0.03849
0.06134 0.0447 0.1491
0.00887 -0.0809 0.04067
0.03951 0.0448 -0.01323
0.0136 0.0819 0.04833
0.09241 0.022 -0.00773
0.01255 -0.0761 0.08109
0.02557 -0.0774 0.07271
0.01459 0.0744 0.05006
0.01661 0.0785 0.0881
0.09516 0.0165 -0.00464
0.10901 -0.0069 0.00077
0.08816 -0.0448 0.00434
-0.05515 -0.0612 0.11634
0.08335 -0.055 0.07222
0.02112 -0.0786 0.07524
0.00275 -0.0694 0.04087
0.10461 0.0043 0.05579
0.0621 -0.0284 -0.02926
0.09487 0.0249 0.12864
-0.022234 -0.023605 0.158803
0.02114 0.0688 0.04006
0.01483 -0.0739 0.04535
0.03136 0.0604 0.0151
0.0972 -0.03 0.06349
0.0022 -0.0697 0.04188
0.0322 0.0628 0.01886
0.01239 -0.0714 0.026
-0.073616 0.023154 0.073193
0.03951 -0.0464 -0.01164
0.11861 0.0 0.03316
0.07279 -0.0406 -0.01804
0.0881 -0.0507 0.05695
0.09411 0.016 -0.00503
0.04677 0.0545 -0.0018
0.09778 0.0148 -0.00461
0.08487 0.0512 0.01286
0.07278 0.0413 -0.01597
0.01397 -0.0763 0.04809
0.0141 0.0766 0.04502
0.01315 0.0836 0.053
0.01465 0.0744 0.04116
0.02973 0.0687 0.02966
0.09305 0.019 -0.00928
-0.022234 0.060453 0.073193
0.09902 0.015 0.0539
0.08419 -0.0254 -0.02881
0.03123 -0.0724 0.07083
0.01428 -0.0792 0.04414
-0.043947 -0.05694 0.088077
0.01105 0.0834 0.07241
0.06345 0.0441 -0.01562
0.00859 -0.086 0.06516
0.01901 0.0711 0.03852
0.01252 0.0841 0.05739
0.09884 0.0338 0.05177
0.00265 0.0789 0.03628
0.09564 0.014 -0.00519
0.03156 -0.0659 0.02371
0.029148 0.023154 0.073193
-0.04122 -0.0556 0.14655
0.09646 -0.016 -0.00777
0.00813 -0.0814 0.04008
0.00669 0.0824 0.03632
0.09686 -0.0048 -0.03447
-0.018007 0.011082 0.012986
-0.04523 -0.0703 0.1058
0.10671 -0.0148 0.09253
-0.08085 0.0008 0.08205
0.02564 0.0728 0.05039
0.02711 -0.0619 0.01784
0.09516 -0.0178 -0.00404
0.0923 -0.0471 0.05058
0.1027 0.0033 -0.00431
0.09191 -0.0406 0.00376
0.02751 0.0699 0.03374
0.02401 0.0719 0.04881
0.09937 -0.0127 0.05498
0.08002 0.0492 0.12351
0.02344 0.0721 0.0526
0.09951 0.0346 0.04256
0.09508 0.0007 -0.03726
0.10681 -0.0115 0.03966
0.02411 -0.0719 0.05212
0.04416 0.0422 -0.01709
0.05294 0.0581 0.14116
-0.04499 -0.041 0.15489
0.0297 -0.0722 0.05472
0.02556 -0.0669 0.03953
0.00583 0.0843 0.04439
0.04964 -0.0461 -0.01485
-0.022234 -0.061625 0.088077
0.00785 0.0661 0.0308
0.08582 -0.0279 -0.02376
0.09979 -0.0341 0.06566
0.09809 0.023 0.06086
0.00155 0.0868 0.04815
0.0322 -0.0633 0.02106
0.00722 0.0659 0.03131
0.02366 0.0678 0.04258
0.10272 -0.0058 0.05936
0.06096 0.0615 0.02298
0.01972 0.0718 0.05281
0.01396 -0.0817 0.05429
0.02613 -0.0728 0.05603
-0.059279 -0.016667 0.033913
0.01834 0.0769 0.05662
0.07571 -0.0425 -0.01321
-0.00541 0.0809 0.08605
0.03317 0.0726 0.05639
0.09633 -0.0412 0.01257
0.10741 -0.01 0.00013
0.02481 0.0689 0.01745
-0.010217 0.031623 0.024401
0.03062 0.0681 0.02927
0.01494 0.0776 0.0346
0.02634 -0.0687 0.03746
0.06979 -0.0409 -0.01894
0.01431 0.0819 0.05243
0.01591 -0.0783 0.06203
0.01874 0.0767 0.06272
0.082 -0.0519 0.01096
0.01819 -0.0718 0.05491
0.01559 0.0805 0.06086
0.04192 0.052 -0.00565
0.02867 0.0687 0.02726
0.08061 0.0506 0.00687
-0.032428 0.004595 0.163167
0.00528 -0.0854 0.05315
0.07538 -0.0049 -0.03477
0.01499 0.0841 0.06719
0.10401 -0.0223 0.02995
0.04764 0.0656 0.03261
0.10097 0.0152 0.04859
0.12001 -0.005 0.02144
0.01366 0.0831 0.05981
0.12091 0.0023 0.02132
-0.00901 -0.0654 0.14912
0.017131 -0.042795 0.10296
0.08582 0.0259 -0.0247
-0.053352 -0.045319 0.04461
0.05394 0.0469 -0.01357
0.00449 -0.077 0.035
0.01829 -0.0769 0.06681
0.02351 -0.068 0.04065
0.01657 -0.0786 0.06493
0.10097 0.0016 -0.01808
-0.037566 0.016667 0.017351
0.03119 0.0746 0.06396
0.02461 -0.0672 0.04043
0.01679 0.0783 0.0605
0.005576 0.048647 0.038806
0.02368 0.0773 0.08902
-0.006902 -0.040272 0.14224
0.09186 -0.0449 0.05945
0.10012 0.0105 0.06088
0.02551 0.0709 0.03062
0.11431 0.0069 0.01844
0.10571 0.0007 0.07255
0.10447 0.0006 0.06875
0.05298 -0.0513 -0.00785
0.0262 0.0674 0.04088
-0.010217 0.031623 0.151752
-0.061599 -0.042795 0.073193
0.00143 0.0731 0.04318
-0.0253 0.0755 0.06285
0.06611 -0.0626 0.03305
-0.014444 0.008469 0.012986
0.10226 -0.0196 0.0133
0.02662 -0.0565 0.01124
0.09737 0.0248 0.05463
