3015
-0.010858 -0.05055 -0.093482
-0.022172 -0.051025 -0.111013
0.023315 -0.03555 -0.044703
0.02177 -0.0468 -0.104185
0.030775 -0.011482 -0.015933
0.01982 0.01395 -0.089942
-0.010323 -0.0544 -0.128628
0.03375 -0.0154 -0.067962
0.0129 -0.03191 -0.02829
0.032465 -0.029625 -0.103725
0.02549 0.017725 -0.064293
0.028967 -0.009575 -0.133873
0.03188 -0.00494 -0.08104
0.0105 -0.01615 0.00768
0.0311 0.00474 -0.01557
0.030863 -0.03485 -0.097577
-0.006668 -0.05545 -0.125215
-0.000918 -0.055125 -0.12221
0.02025 0.022195 -0.014035
0.0275 0.0073 -0.09538
0.030645 -0.03415 -0.129585
0.013275 0.017042 0.001585
0.01677 -0.0011 -0.138073
-0.01207 0.0024 -0.1384
0.03323 -0.013275 -0.11431
-0.0116 0.02812 -0.02118
0.004745 -0.04295 -0.044367
0.0063 -0.00021 0.010935
-0.0089 0.01644 -0.04579
-0.0171 -0.0523 -0.10895
0.01795 0.024045 -0.015335
-0.00253 0.0087 -0.12108
-0.006375 -0.029645 -0.003142
0.02395 -0.044225 -0.104573
0.023825 -0.018392 -0.0047
0.01475 0.02641 -0.02219
0.0165 -0.03077 -0.01539
-0.009392 -0.050625 -0.092118
-0.00868 -0.0436 -0.04841
0.01697 0.001975 -0.131645
0.0086 -0.050125 -0.09565
-0.005368 -0.049775 -0.08627
-0.003525 -0.032723 -0.007947
0.026427 -0.0397 -0.093998
0.03365 -0.00685 -0.069275
0.024745 -0.044475 -0.128542
-0.03911 -0.0094 -0.03506
0.031457 0.00725 -0.069068
-0.006605 -0.055325 -0.1236
0.01752 -0.046575 -0.09305
0.01796 0.0256 -0.05347
0.0042 -0.03122 -0.004967
-0.014328 -0.050425 -0.098525
0.033685 -0.019525 -0.07132
0.032903 -0.014925 -0.121102
-0.0228 -0.00042 -0.04406
0.028945 0.003775 -0.09771
0.0172 -0.007465 0.00626
-0.0103 -0.032392 -0.011435
-0.0281 0.00768 -0.03414
0.01451 -0.031582 -0.015243
0.01655 0.014165 0.001675
0.001475 -0.034988 -0.015235
0.017258 -0.0474 -0.097332
0.00915 -0.032008 -0.00932
0.01185 0.026615 -0.02944
-0.003 -0.03266 -0.007602
0.032012 -0.027775 -0.07806
0.029335 -0.0324 -0.070748
-0.01155 -0.04875 -0.083373
0.033753 -0.00795 -0.093252
-0.010308 -0.055225 -0.126327
0.0281 -0.01712 -0.02965
-0.003603 -0.055125 -0.12046
0.02795 -0.01085 -0.1365
0.03135 0.006695 -0.022175
0.021825 -0.009637 0.002965
-0.008423 -0.055275 -0.123575
0.028375 0.003193 -0.006168
0.00442 -0.052575 -0.104083
-0.00916 -0.04505 -0.057705
0.033507 -0.0239 -0.0919
0.0304 -0.00041 -0.00808
0.025955 -0.02225 -0.01693
0.0063 0.00299 0.01066
0.003435 -0.05425 -0.127815
0.00604 -0.052775 -0.128863
-0.015475 -0.0483 -0.086433
-0.01641 -0.04865 -0.089345
0.0 -0.00802 0.01187
-0.01658 0.0002 -0.13958
0.0318 -0.0251 -0.132225
0.0149 -0.02784 -0.005805
0.0012 -0.030365 -0.002908
0.007777 0.03 -0.04778
0.030887 -0.03435 -0.094912
0.0047 -0.028505 -0.001062
0.0266 -0.00265 -0.00249
0.004495 -0.051625 -0.095353
-0.017415 -0.0508 -0.101337
-0.00465 -0.032065 -0.006975
0.02935 0.008875 -0.07837
-0.016505 -0.0496 -0.095853
-0.00829 -0.051675 -0.099385
0.016028 0.026525 -0.052165
-0.0012 -0.032593 -0.007232
0.009352 -0.0384 -0.025725
0.03397 -0.0155 -0.068395
-0.01315 -0.054975 -0.123585
-0.0402 -0.0288 -0.11407
0.032325 -0.030875 -0.110453
0.030915 -0.03365 -0.090915
0.03272 -0.00055 -0.02086
0.022435 0.0121 -0.0901
-0.00752 -0.0521 -0.10306
-0.01928 -0.05355 -0.121825
0.00555 -0.033915 -0.011845
0.00592 -0.050525 -0.088955
0.031358 -0.00745 -0.118738
0.0116 0.02812 -0.02118
0.0 -0.03481 -0.02746
0.00854 0.01802 -0.0852
0.006483 -0.053825 -0.128053
-0.03637 -0.0307 -0.07161
-0.00272 0.0132 -0.10721
0.019933 -0.0482 -0.129508
-0.021415 -0.053225 -0.12738
0.0304 0.00975 -0.02273
0.02825 0.004755 -0.006528
0.012065 0.028825 -0.050343
-0.003765 -0.0546 -0.128265
0.0126 -0.03257 -0.01506
0.015912 -0.03715 -0.03375
0.02926 0.00735 -0.08437
0.015575 -0.029205 -0.009117
0.0006 -0.033312 -0.008553
0.00175 -0.028398 -0.00047
0.01465 -0.05065 -0.129055
-0.015405 -0.044075 -0.062867
0.033235 0.002775 -0.070257
-0.03744 -0.0089 -0.12681
0.031815 -0.024775 -0.065307
-0.00261 -0.0514 -0.09539
0.0101 -0.01755 0.006967
0.017875 0.000537 0.006103
0.019012 0.004475 -0.120875
0.019193 0.0032 -0.12432
0.019925 0.019573 -0.007458
0.021713 0.0041 -0.117098
0.022155 -0.0462 -0.129548
-0.03767 -0.0078 -0.02685
0.03244 -0.006855 -0.01972
0.00485 -0.035145 -0.018632
-0.002375 -0.05445 -0.11477
-0.03987 -0.0223 -0.08787
-0.010465 -0.0514 -0.100935
-0.013852 -0.04985 -0.092788
0.017162 0.0149 -0.092627
-0.03508 -0.0125 -0.13749
-0.0018 -0.032615 -0.007355
-0.010955 -0.049725 -0.088345
0.026218 -0.0091 -0.137397
0.0062 -0.024113 0.003275
0.0058 -0.01291 0.00958
-4e-05 0.0309 -0.04971
-0.0264 -0.0487 -0.10899
0.027925 0.012695 -0.014417
-0.004075 -0.03417 -0.01241
-0.002637 -0.055175 -0.126882
0.0156 0.024053 -0.009543
0.01604 0.027 -0.05268
-0.015775 -0.05175 -0.10481
0.027395 -0.035 -0.069755
0.028292 -0.00215 -0.119292
0.019777 0.01305 -0.092785
0.01725 -0.02868 -0.010433
0.009665 -0.0493 -0.090857
0.007768 -0.05355 -0.11699
0.015805 -0.043825 -0.069005
-0.004905 -0.045875 -0.06273
-0.0116 0.01475 0.00492
0.025825 -0.019257 -0.009473
0.024637 0.00615 -0.10513
-0.005115 -0.04725 -0.07092
-0.00485 -0.033725 -0.010815
-0.00445 -0.05315 -0.105998
0.028625 6.7e-05 -0.005448
0.01884 -0.038525 -0.043185
0.031485 -0.01845 -0.1337
-0.010025 -0.054175 -0.114355
-0.002852 -0.054175 -0.112668
-0.010212 -0.055075 -0.121897
0.027275 -0.016402 -0.009708
0.00805 -0.03267 -0.01032
-0.0233 -0.00681 -0.04341
0.0169 0.02556 -0.01848
0.011325 0.016027 0.003977
-0.008127 -0.053975 -0.11233
0.0309 -0.0341 -0.09358
0.015995 0.026675 -0.052428
-0.008625 -0.0547 -0.128285
0.00539 0.0304 -0.046785
0.0097 -0.05355 -0.12758
-0.002855 -0.0521 -0.09928
0.021192 -0.003475 -0.137632
-0.002525 -0.0552 -0.12221
-0.005695 -0.050325 -0.089588
0.01745 0.017795 -0.002258
0.021805 -0.04535 -0.094605
0.0244 -0.041575 -0.089343
0.029195 0.011675 -0.07218
0.029275 -0.039825 -0.127782
-0.00826 -0.054575 -0.116567
0.0334 -0.025875 -0.101122
-0.02943 -0.0281 -0.02342
0.03145 -0.034425 -0.11315
-0.0006 -0.0469 -0.068275
0.0 -0.01578 0.00974
0.01505 -0.00234 0.008173
0.033965 -0.0121 -0.092625
0.02254 -0.0427 -0.080335
-0.01025 -0.031345 -0.00832
-0.011582 -0.048475 -0.08166
0.0016 -0.034883 -0.014645
-0.003258 -0.054075 -0.129057
-0.0012 -0.02838 -0.000373
0.03432 -0.013275 -0.078397
0.021955 0.0006 -0.12733
0.0 -0.02266 0.005553
0.01235 -0.032355 -0.01388
0.0289 -0.017855 -0.017725
0.01245 0.00587 0.008615
0.0165 0.0232 -0.0085
0.010395 -0.050575 -0.10079
0.020095 -0.0485 -0.129195
0.01647 -0.0023 -0.13871
0.00995 -0.026955 -0.000935
-0.002547 -0.0553 -0.12386
0.01729 0.0176 -0.0841
-0.015843 -0.053725 -0.128865
-0.006675 -0.02167 0.005273
0.01105 0.017305 0.003035
0.031595 -0.024675 -0.064875
0.03425 -0.011375 -0.0697
0.030765 0.0052 -0.080943
-0.003975 -0.033567 -0.009955
0.030025 0.006818 -0.012823
0.017225 -0.021295 0.000325
0.03245 -0.029925 -0.121515
0.007375 -0.028727 -0.002292
-0.0056 -0.032968 -0.0093
0.012325 -0.02597 -0.00124
-0.01118 -0.0519 -0.102305
0.008513 -0.0504 -0.097078
0.02901 0.004525 -0.095005
0.019025 -0.010925 0.004545
0.034337 -0.0213 -0.0953
0.028978 0.00415 -0.096358
-0.03039 -0.027 -0.02363
0.02945 -0.008315 -0.007135
-0.01205 -0.0546 -0.128275
0.032895 -0.02215 -0.06775
0.003165 0.03035 -0.045318
-0.014102 -0.051125 -0.10051
0.03215 -0.003677 -0.01717
0.0 -0.00319 0.01244
0.03015 0.002715 -0.0088
0.020155 0.01765 -0.07779
-0.00623 -0.05185 -0.0985
0.028063 0.01455 -0.06892
-0.012882 -0.0508 -0.099053
0.031922 -0.002 -0.098278
0.0058 -0.009835 0.01055
0.028205 -0.003375 -0.122908
-0.00345 -0.033505 -0.00961
0.0035 -0.02846 -0.000815
-0.01221 0.0043 -0.13352
0.032412 -0.0285 -0.129945
0.030785 -0.010625 -0.129258
-0.002503 -0.0551 -0.12056
0.01105 -0.033037 -0.014975
0.023225 -0.005 -0.13763
0.009375 -0.000318 0.010345
0.010875 -0.028108 -0.003088
0.0024 0.03018 -0.02043
0.0116 0.01475 0.00492
0.013135 -0.052425 -0.121815
-0.004125 -0.032003 -0.00663
-0.000895 -0.055025 -0.12056
-0.00615 -0.034225 -0.01354
0.028465 -0.03245 -0.06161
-0.02149 -0.05325 -0.12674
0.02624 -0.0405 -0.098185
0.00875 -0.03414 -0.01843
0.028595 -0.0312 -0.0595
0.00748 0.030075 -0.050443
0.0031 0.03055 -0.045563
0.01645 0.02017 -0.004163
0.022875 0.018783 -0.011837
0.008113 -0.053825 -0.127595
-0.011835 -0.05405 -0.11423
-0.00263 -0.054275 -0.128645
-0.01613 -0.05 -0.09816
0.01795 0.024622 -0.02364
-0.04002 -0.0251 -0.09907
-0.008877 -0.05185 -0.101333
0.00946 0.0069 -0.12273
0.033662 -0.0155 -0.106688
0.0 -0.00211 -0.0534
0.027845 0.011025 -0.081797
-0.010337 -0.05465 -0.12828
-0.00485 0.0018 -0.13887
0.0194 0.01881 -0.00465
0.02105 -0.0494 -0.12555
0.030343 -0.038 -0.116108
0.01785 0.023455 -0.01284
0.01245 -0.0444 -0.062822
0.01677 0.010675 -0.105848
0.01924 -0.0391 -0.048518
-0.01708 -0.048675 -0.090752
-0.01853 -0.0469 -0.083155
0.016875 -0.03035 -0.015465
0.004425 -0.034902 -0.016465
0.02641 -0.0044 -0.13403
0.03354 -0.0038 -0.09388
0.0221 -0.01465 -4e-05
-0.0059 0.02956 -0.02388
0.01694 -0.00035 -0.137167
-0.010922 -0.05 -0.090057
0.006695 -0.05425 -0.1269
0.030795 -0.035675 -0.102297
0.03366 -0.0219 -0.082412
0.031923 -0.024975 -0.06587
0.001725 -0.035198 -0.01723
-0.02849 -0.0036 -0.13894
0.01914 -0.047575 -0.101045
-0.01692 -0.0538 -0.11819
0.02855 -0.015468 -0.012543
0.024305 -0.04185 -0.090775
0.01165 -0.0465 -0.074473
0.01505 0.02785 -0.05254
0.006335 -0.053475 -0.128323
0.009088 -0.05235 -0.1291
-0.004523 -0.036225 -0.021837
0.0126 0.00277 0.00943
0.018065 -0.04575 -0.088588
-0.03018 -0.0259 -0.02294
0.01715 0.0007 -0.13509
0.018675 0.019908 -0.005613
-0.00445 -0.02159 0.005715
0.008475 -0.031825 -0.00831
-0.0165 0.01477 -0.08461
-0.009425 -0.05035 -0.090405
0.01692 0.0121 -0.1014
0.029243 -0.034175 -0.132075
0.025057 -0.03835 -0.072203
-0.008935 -0.0518 -0.101665
-0.014605 -0.04735 -0.080095
-0.007462 -0.05215 -0.102728
0.029923 -0.030525 -0.063925
0.01105 -0.013095 0.00855
0.033 -0.00265 -0.02048
0.0297 0.009288 -0.016573
0.03289 -0.0101 -0.11846
0.022795 0.02025 -0.05947
-0.011922 -0.043475 -0.053315
0.0334 -0.01105 -0.067965
0.00979 0.0296 -0.05215
-0.011922 -0.054375 -0.11638
-0.01281 -0.05215 -0.104143
0.031725 -0.031525 -0.096982
0.02272 -0.0417 -0.07465
-0.01285 -0.0505 -0.096355
0.03236 0.004575 -0.071515
0.02645 0.012253 -0.008875
0.020175 -0.004573 0.004845
0.0018 -0.033358 -0.008798
0.01477 -0.0462 -0.082237
-0.00804 -0.05365 -0.11018
0.029988 -0.0299 -0.06287
0.026725 -0.001052 -0.002653
0.018207 -0.02948 -0.015623
-0.0323 -0.00895 -0.01934
-0.004465 -0.054175 -0.112518
0.0 0.00321 0.01189
0.0089 -0.02175 0.00483
0.00052 -0.05235 -0.10006
0.00645 -0.027575 -0.00014
-0.0116 -0.051 -0.098313
0.033105 -0.018525 -0.067078
0.00285 -0.033918 -0.011035
0.009 -0.033075 -0.01253
0.034002 -0.011525 -0.089913
-0.012825 -0.05085 -0.09872
0.032855 0.002825 -0.069383
0.024232 -0.035375 -0.048303
0.02995 -0.012725 -0.134878
0.023905 -0.003775 -0.13576
-0.00345 -0.035365 -0.01984
0.027562 0.008025 -0.092717
0.012375 0.00742 0.008207
0.010175 -0.032285 -0.010845
0.024215 -0.0439 -0.1299
0.012925 -0.030875 -0.009932
0.012438 -0.038975 -0.032068
0.002625 -0.015873 0.009225
0.007575 -0.03429 -0.016575
-0.0041 -0.053375 -0.107138
0.019055 -0.036875 -0.037845
0.034255 -0.012075 -0.072768
0.032275 -0.0212 -0.13073
0.013175 -0.032568 -0.019275
0.0109 -0.030327 -0.006903
-0.0215 -0.01888 -0.03939
0.01403 0.02775 -0.051385
-0.04005 -0.0313 -0.12291
-0.00626 -0.053025 -0.105872
0.0087 -0.009938 0.009985
-0.015605 -0.0537 -0.116125
0.01023 0.0293 -0.04825
0.00445 -0.02159 0.005715
-0.015967 -0.054175 -0.128275
-0.010103 -0.05135 -0.09866
0.01775 0.022865 -0.010345
0.0183 -0.02961 -0.0156
0.00931 -0.049575 -0.092455
0.002277 -0.054775 -0.122195
-0.006318 -0.0541 -0.112455
0.020377 0.022925 -0.05647
0.01425 -0.03214 -0.02113
-0.013355 -0.05065 -0.09988
0.02453 0.004675 -0.109977
-0.008333 -0.055 -0.120307
0.009157 -0.0396 -0.028055
0.01657 -0.0019 -0.138498
0.00912 -0.04115 -0.034395
0.00295 -0.03452 -0.01349
0.028633 -0.037525 -0.09712
0.0329 -0.00265 -0.02048
-0.0026 -0.03504 -0.016367
0.032118 -0.026575 -0.07256
-0.008992 -0.05175 -0.101997
-0.009635 -0.04705 -0.070283
0.032058 -0.0213 -0.131485
0.02954 -0.013175 -0.13583
0.03113 -0.03515 -0.116643
0.030868 -0.025525 -0.133587
0.02699 -0.008275 -0.13673
0.034353 -0.013875 -0.081212
-0.0194 -0.02412 -0.03631
0.0215 -0.02399 -0.00757
0.00485 -0.05135 -0.093755
-0.012837 -0.050675 -0.097538
-0.011588 -0.051175 -0.099495
0.01879 -0.0437 -0.077022
-0.018835 -0.05385 -0.12672
0.02542 0.014525 -0.075775
0.014425 0.011567 0.004738
0.01667 -0.0015 -0.138285
0.028638 -0.032025 -0.061118
0.0299 0.00584 -0.00952
0.0196 -0.04175 -0.067185
-0.02012 -0.0478 -0.0919
0.01595 -0.025318 -0.00339
0.015275 0.002452 0.007685
0.02635 0.006775 -0.004355
0.022975 -0.023157 -0.009983
0.020975 0.021097 -0.013073
0.03192 -0.014 -0.13227
0.029583 -0.03155 -0.132942
0.024 -0.00345 -0.135027
-0.0126 0.00277 0.00943
-0.001725 -0.034268 -0.012115
0.0205 0.00337 0.003785
-0.013963 -0.054025 -0.12877
-0.018378 -0.051875 -0.108865
0.028385 -0.0012 -0.11582
0.014813 -0.05095 -0.128743
0.025225 -0.015487 -0.004665
0.0 0.02501 -0.0383
0.003565 -0.04825 -0.075842
0.01377 -0.0478 -0.091155
-0.01204 0.005 -0.1314
-0.00377 -0.0531 -0.105323
0.0192 0.02067 -0.00842
0.02718 -0.03395 -0.058803
0.004625 -0.04105 -0.034017
0.023588 -0.04615 -0.118605
0.0095 -0.033505 -0.01489
0.014125 -0.023645 0.000115
0.00953 -0.0534 -0.12829
-0.005563 -0.038875 -0.025803
0.03216 0.00365 -0.02162
-0.003775 -0.054875 -0.12783
0.030708 0.003775 -0.086672
-0.011703 -0.051075 -0.10016
-0.007065 -0.052175 -0.102058
0.004685 -0.042 -0.039192
0.02858 0.00289 -0.08246
-0.01368 0.0257 -0.06494
-0.00409 -0.053625 -0.108615
0.029075 0.011665 -0.020128
0.031682 -0.018075 -0.132978
-0.007405 -0.0522 -0.102395
-0.0366 -0.0262 -0.05387
-0.018915 -0.0484 -0.093217
0.024593 -0.040575 -0.083735
0.01985 0.009492 0.001963
-0.03264 -0.0451 -0.13115
0.02495 -0.04445 -0.12781
0.0109 0.02536 -0.008075
-0.002323 -0.054175 -0.1127
0.03224 -0.02155 -0.06576
0.026673 -0.000725 -0.123185
0.022177 0.009325 -0.099743
0.00483 -0.03915 -0.024848
0.01432 -0.046975 -0.086685
0.031222 -0.0304 -0.07449
-0.020932 -0.051025 -0.108695
0.003375 -0.03398 -0.01138
0.02515 -0.0352 -0.051902
0.03188 -0.01106 -0.01896
0.028878 -0.035325 -0.08485
0.017535 -0.049875 -0.128813
-0.00512 -0.0467 -0.067638
-0.0086 0.0301 -0.04137
0.032453 -0.0248 -0.12996
0.0121 -0.032995 -0.01742
0.030418 0.0007 -0.09867
-0.017815 -0.054075 -0.123677
0.033 -0.01335 -0.07952
0.02381 -0.0041 -0.136492
0.03176 -0.0288 -0.13221
0.0123 -0.00362 0.01008
-0.003095 -0.055225 -0.122143
-0.01441 0.0205 -0.08172
0.0108 -0.03325 -0.016155
0.024667 -0.0364 -0.05297
0.0191 0.02312 -0.014685
0.00315 0.0015 0.011412
0.0192 -0.02618 -0.00814
0.026725 0.002108 -0.003175
0.025925 -0.021492 -0.014807
0.03031 -0.00035 -0.10271
-0.00555 -0.034955 -0.017598
0.00285 -0.03525 -0.018362
0.029127 0.012725 -0.0681
0.00485 -0.02019 0.006427
0.032855 -0.02455 -0.07888
0.0228 0.00771 0.00081
0.018207 0.02418 -0.025337
-0.007 -0.03263 -0.03223
0.010165 0.0296 -0.048775
0.033325 -0.018625 -0.06751
0.029388 -0.0318 -0.067998
0.00068 0.0311 -0.04483
-0.003213 -0.05485 -0.127803
0.00225 -0.035135 -0.016885
0.004565 -0.044625 -0.05419
-0.01176 -0.051025 -0.100492
-0.00295 -0.02745 0.00055
0.033935 -0.003425 -0.073647
-0.0016 -0.034883 -0.014645
-0.00979 -0.05295 -0.10673
0.026805 -0.042175 -0.128895
0.01712 0.014 -0.09547
-0.006275 -0.034545 -0.01531
0.00873 0.014 -0.10179
0.015925 -0.029515 -0.01084
0.03391 -0.0255 -0.11522
0.020625 0.001817 0.004195
0.019532 0.010525 -0.101248
0.013425 -0.02084 0.002835
-0.004132 -0.055125 -0.120428
0.014503 -0.0503 -0.129325
0.030025 -0.005172 -0.00745
0.02495 0.002585 -0.000543
0.02825 -0.004705 -0.004865
-0.006768 -0.05495 -0.127867
0.034088 -0.01745 -0.097263
0.024377 -0.0442 -0.129588
-0.03188 -0.00494 -0.08104
0.00112 -0.051375 -0.094572
-0.02941 -0.0025 -0.13797
-0.03073 -0.029 -0.03145
0.033325 -0.00565 -0.101895
0.021925 0.01994 -0.012455
0.0326 -0.0058 -0.01991
0.0 -0.031805 -0.005545
0.0 -0.03288 -0.0336
0.00392 -0.0471 -0.068913
0.00445 -0.02405 0.00362
0.0147 -0.024985 -0.001545
0.034133 -0.00905 -0.07909
0.00785 -0.029823 -0.004125
0.0156 -0.023823 -0.000868
0.00329 -0.03975 -0.027723
0.030055 -0.0386 -0.119755
-0.0024 -0.03338 -0.00892
0.02867 -0.036775 -0.093122
-0.000595 -0.04745 -0.071558
-0.0048 0.0032 -0.13596
0.019565 0.0109 -0.099895
-0.003435 -0.05445 -0.114705
0.029767 -0.0392 -0.123402
-0.003075 -0.03484 -0.01526
0.02152 -0.00285 -0.136717
-0.00853 -0.0417 -0.038735
0.0089 0.02411 -0.00348
0.02944 -0.0312 -0.065247
0.033045 0.0028 -0.06982
-0.001238 -0.0377 -0.022838
0.03085 -0.034125 -0.128853
0.00295 -0.034945 -0.01585
-0.02555 -0.0516 -0.1284
0.031723 -0.014375 -0.132993
0.00736 -0.0491 -0.080493
-0.008425 -0.022962 0.00388
0.01795 0.002135 0.00594
0.008875 -0.008333 0.01015
0.022317 -0.0465 -0.129235
0.02723 0.0043 -0.1062
0.03339 -0.005 -0.09922
0.031225 0.005718 -0.018872
0.0 -0.033725 -0.009977
0.016725 0.01272 0.002395
0.015725 0.021267 -0.005125
0.01425 0.02684 -0.01983
-0.01856 -0.05335 -0.12859
0.004875 0.03025 -0.05093
0.00315 -0.0017 0.011687
0.010925 -0.031527 -0.00933
-0.015905 -0.05395 -0.12857
0.03111 -0.03155 -0.079993
0.0192 0.012427 0.000772
-0.003973 -0.05445 -0.114655
0.028657 -0.037025 -0.094455
0.02427 -0.000675 -0.127065
-0.004675 -0.03448 -0.014105
0.0278 -0.007875 -0.0047
0.0274 -0.02066 -0.01722
-0.0059 -0.02855 -0.00131
0.00525 -0.026538 0.001375
0.027435 0.00655 -0.098085
0.0156 -0.0394 -0.040255
0.033915 -0.006075 -0.085245
0.032595 -0.020475 -0.127237
-0.0048 -0.034588 -0.014695
0.033698 -0.021325 -0.0797
-0.02888 -0.0272 -0.02243
0.009225 -0.003513 0.01067
0.020465 0.0198 -0.07072
0.02548 -0.044175 -0.12264
0.01245 -0.000425 0.009755
-0.008515 -0.05525 -0.126295
-0.0153 -0.0502 -0.09717
-0.015715 -0.0501 -0.097665
0.021685 -0.002175 -0.135293
0.028703 -0.0314 -0.060062
0.03095 -0.0278 -0.06399
0.01921 -0.048025 -0.104408
0.01288 -0.04275 -0.053007
0.016575 0.008 -0.11432
-0.010112 -0.0545 -0.116505
0.008475 -0.026778 4.8e-05
0.031825 0.005168 -0.021897
0.031643 -0.021775 -0.132962
0.028645 -0.037275 -0.095787
0.033775 0.0009 -0.074088
0.00348 -0.0544 -0.1269
-0.002958 -0.054725 -0.116807
0.0026 -0.034425 -0.012975
0.028835 -0.036925 -0.131197
-0.0169 0.02556 -0.01848
0.024822 0.008125 -0.098237
0.03439 -0.0204 -0.09137
-0.02495 -0.0508 -0.12977
-0.009045 -0.0364 -0.021315
0.02435 0.018388 -0.014028
0.02925 -0.014015 -0.012525
0.030318 -0.0315 -0.132302
-0.013885 -0.049575 -0.091075
-0.021135 -0.043825 -0.071038
0.02948 -0.0398 -0.12705
-0.0006 -0.033312 -0.008553
0.02746 -0.0395 -0.1313
0.028875 0.0031 -0.100397
0.0254 -0.021025 -0.012225
-0.018133 -0.044675 -0.07078
0.03074 -0.03625 -0.105685
0.02388 -0.043775 -0.10121
0.029057 -0.033675 -0.076592
-0.014062 -0.050525 -0.097945
-0.03048 0.0211 -0.04253
0.01415 -0.019475 0.00335
0.030245 -0.001 -0.105385
0.0089 -0.03098 -0.0063
0.024805 -0.03605 -0.052887
0.02315 -0.01166 0.000485
0.0 -0.02047 -0.04815
-0.001245 -0.04975 -0.08556
0.0056 -0.032968 -0.0093
0.01672 -0.0497 -0.107993
0.0089 0.02567 -0.03466
-0.0024 0.03018 -0.02043
0.006022 -0.052075 -0.100662
-0.011352 -0.05085 -0.096703
-0.01958 -0.0523 -0.113585
0.016525 -0.030662 -0.017185
0.03393 -0.002725 -0.07058
0.001798 -0.05055 -0.089665
-0.00854 0.01802 -0.0852
0.000135 -0.03675 -0.022745
-0.013062 -0.053825 -0.114145
-0.012092 -0.05515 -0.123487
0.013 0.01832 0.000643
0.00781 0.02985 -0.047518
0.03032 0.0083 -0.06737
0.0047 -0.05325 -0.111215
0.02862 0.0007 -0.109135
0.01252 -0.032395 -0.015095
0.03377 0.0016 -0.07102
0.01861 -0.0447 -0.082707
-0.006408 -0.05465 -0.11663
0.00041 -0.05475 -0.12712
0.029255 0.00805 -0.081303
0.01929 -0.035925 -0.036598
-0.007 -0.0266 0.00103
0.0179 0.0259 -0.05398
0.022615 0.014725 -0.081482
-0.008512 -0.039125 -0.02722
0.02806 -0.0397 -0.13064
0.02235 0.01802 -0.00903
0.0 -0.00159 0.012302
0.029825 -0.0048 -0.119015
0.00414 -0.0519 -0.09695
0.0093 -0.001915 0.010507
0.0269 -0.010985 -0.00449
0.030775 -0.004145 -0.01076
0.0 0.0094 0.01016
-0.02333 0.00961 -0.08368
-0.03865 -0.0081 -0.02769
-0.010352 -0.0549 -0.127932
0.033293 -0.005975 -0.103233
0.0 -0.014243 0.010225
0.022875 0.016712 -0.00826
0.02701 -0.04215 -0.128163
0.0129 0.02201 -0.03806
0.00345 -0.033505 -0.00961
0.031737 -0.031275 -0.09565
-0.01565 -0.053325 -0.113815
-0.0105 -0.02517 -0.04211
0.01687 0.011625 -0.102883
0.021775 0.001875 -0.123885
-0.014055 -0.05475 -0.12778
-0.005725 -0.024095 0.003372
0.03188 -0.0177 -0.132255
0.034285 -0.0222 -0.099235
0.026315 -0.004725 -0.134762
0.0145 -0.031927 -0.01995
0.007475 -0.025387 0.00198
0.0139 0.026347 -0.014122
0.015575 0.0262 -0.019155
-0.010318 -0.055275 -0.125717
0.017825 0.003688 0.00553
0.0253 -0.02253 -0.02755
0.024585 -0.03765 -0.059625
0.013175 0.027265 -0.021685
-0.006775 -0.031522 -0.006637
0.0109 -0.029145 -0.0046
0.034215 -0.015675 -0.089285
-0.0018 -0.035375 -0.019052
-0.0299 -0.01114 -0.03144
0.00945 -0.0378 -0.02456
0.004075 -0.034998 -0.016982
0.00945 0.00288 0.010045
0.0192 0.02371 -0.01718
0.025323 -0.034775 -0.05141
0.022868 -0.005675 -0.138065
0.03093 -0.0332 -0.08825
0.01412 0.0284 -0.05189
0.03195 -0.032175 -0.117333
0.017445 0.018675 -0.080565
-0.006713 -0.055225 -0.126873
-0.02343 -0.039 -0.05074
0.010197 0.02945 -0.048513
-0.012355 -0.0502 -0.093135
0.01795 -0.0293 -0.013877
0.01012 -0.04875 -0.08782
0.030148 -0.01235 -0.134155
-0.00963 -0.0476 -0.073565
0.0146 0.023428 -0.007245
0.028738 0.00165 -0.105793
0.0 -0.00265 -0.02048
-0.00445 -0.018765 0.007285
0.01004 -0.05385 -0.12616
0.030922 -0.033425 -0.089582
0.012525 0.00432 0.009023
0.032155 0.000275 -0.08896
0.029135 0.0059 -0.089695
0.033507 -0.010425 -0.103893
0.016275 -0.029825 -0.012563
-0.002225 -0.020098 0.006942
0.02282 -0.03785 -0.051605
-0.006897 -0.0545 -0.128637
-0.003785 -0.05515 -0.127395
0.031752 -0.00365 -0.104978
-0.004333 -0.05525 -0.12687
0.01955 0.023398 -0.0189
0.010775 0.018583 0.002092
0.024967 0.0097 -0.09274
0.02663 -0.0389 -0.0898
0.025282 -0.037675 -0.069108
-0.000668 -0.0534 -0.10721
0.028125 0.006308 -0.006938
0.024503 -0.041075 -0.086578
0.031025 -0.02885 -0.13285
0.0 -0.03416 -0.011525
-0.012915 -0.05165 -0.101605
0.03429 -0.014525 -0.08386
-0.0012 -0.027387 0.000895
-0.00985 -0.053525 -0.110055
-0.0006 -0.031828 -0.005668
0.03246 -0.02165 -0.066193
0.029857 -0.037 -0.12905
0.0 -0.02143 0.0066
0.023703 -0.03775 -0.055615
0.03414 -0.01655 -0.093332
-0.0274 0.01535 -0.02374
-0.01535 -0.0495 -0.09244
-0.013177 -0.055125 -0.125237
-0.01166 -0.0534 -0.10993
0.013525 -0.0314 -0.012835
0.01605 -0.026745 -0.00552
0.0101 0.020923 -7e-06
-0.019655 -0.05145 -0.10878
0.025773 -0.005975 -0.137183
0.004805 -0.0439 -0.049543
0.029575 0.00831 -0.01327
0.03379 -0.01395 -0.10059
-0.00095 -0.0486 -0.078488
0.032017 -0.025 -0.13147
0.0182 -0.025915 -0.006687
-0.0228 0.00771 0.00081
0.02866 -0.0399 -0.12998
0.031818 -0.003 -0.102303
-0.01089 -0.050275 -0.09177
0.025285 0.017725 -0.063248
0.012278 -0.05075 -0.104502
-0.01425 0.0145 -0.10161
-0.0183 -0.02961 -0.0156
-0.003688 -0.05535 -0.123725
0.017432 -0.04685 -0.094478
-0.001277 -0.049475 -0.083848
0.02201 0.007625 -0.105412
0.002937 0.0311 -0.046315
0.00887 -0.04565 -0.059735
0.034002 -0.018675 -0.102537
0.019275 0.007625 -0.110543
0.00367 -0.05475 -0.126205
-0.0059 -0.03486 -0.01708
-0.00962 -0.0487 -0.08013
0.03163 -0.0329 -0.120825
-0.005592 -0.052525 -0.10312
0.024023 -0.042925 -0.096395
-0.004975 -0.054975 -0.127835
0.032015 0.005725 -0.07119
0.02257 -0.0353 -0.04061
0.031328 -0.0292 -0.06899
0.015225 0.018057 -0.000808
-0.00972 -0.052625 -0.104883
0.030455 0.001 -0.097335
0.002877 -0.049725 -0.08485
0.0029 -0.014345 0.00966
0.03071 -0.0222 -0.134325
0.031027 -0.00965 -0.125805
0.03309 -0.028475 -0.11453
0.03063 -0.0374 -0.11246
0.00552 0.03 -0.046295
0.000455 -0.0549 -0.126205
0.0036 -0.031197 -0.004845
0.020735 -0.00455 -0.13828
0.021622 0.0216 -0.024873
0.02717 -0.035675 -0.07285
0.00345 -0.035365 -0.01984
0.034177 -0.01625 -0.091998
0.026138 -0.0418 -0.13027
0.01209 -0.052025 -0.128672
0.030422 0.0083 -0.067892
0.0 -0.03558 -0.02102
0.01558 -0.0445 -0.0721
-0.02333 -0.02561 -0.01632
-0.013545 -0.04825 -0.08319
0.028545 -0.0378 -0.098548
0.01248 -0.042175 -0.047675
0.021925 0.0158 -0.0053
0.0266 0.00367 -0.003535
0.026185 -0.041075 -0.101572
0.03454 -0.0181 -0.08052
0.016775 -0.018337 0.00261
0.0281 0.01181 -0.01131
-0.005465 -0.04895 -0.081133
0.00615 -0.006625 0.01088
0.017225 0.022103 -0.007538
0.02759 -0.007175 -0.134313
0.018702 -0.003025 -0.138283
-0.0018 -0.03113 -0.004472
0.031635 -0.0046 -0.10832
0.0093 -0.02035 0.005542
0.0032 -0.034735 -0.01467
-0.03597 -0.0195 -0.02525
0.013415 -0.048075 -0.092753
-0.008605 -0.04265 -0.043573
0.019825 -0.041075 -0.06409
0.00455 -0.032843 -0.00861
-0.00405 -0.032785 -0.008292
0.004675 -0.03448 -0.014105
0.0123 0.00897 0.0078
0.025258 -0.006525 -0.137628
-0.0116 -0.02006 -0.04588
0.03327 -0.0068 -0.0684
0.021265 -0.048975 -0.12189
-0.01434 0.0161 -0.09656
0.01755 0.00834 0.004305
-0.02067 -0.052925 -0.120022
0.028865 -0.039875 -0.129248
0.000433 -0.054825 -0.126662
0.007075 -0.02027 0.005985
-0.02333 0.0005 -0.1383
-0.008455 -0.04075 -0.033898
0.024642 0.018628 -0.024335
0.0144 -0.008753 0.00784
0.024185 -0.037075 -0.054293
0.026415 -0.03995 -0.09533
0.01195 -0.00683 0.00975
0.004928 -0.03855 -0.023683
-0.014943 -0.050525 -0.099255
0.024125 0.008735 -0.00222
-0.014335 -0.053225 -0.11175
0.006275 -0.03315 -0.01031
0.027625 -0.01879 -0.01489
0.007475 -0.01887 0.006698
0.009875 -0.029025 -0.003938
-0.00485 -0.0555 -0.12524
0.01455 -0.018075 0.004062
-0.001932 -0.050575 -0.090483
0.012725 0.019598 -0.0003
0.023785 -0.0365 -0.04896
0.03308 0.0039 -0.07037
0.030875 -0.013525 -0.018507
-0.004665 -0.052325 -0.100835
0.0299 -0.01114 -0.03144
0.03268 -0.02175 -0.066625
0.0165 0.01477 -0.08461
-0.00225 -0.03433 -0.01246
0.021902 0.00615 -0.11026
0.0341 -0.00845 -0.076275
0.0094 -0.02793 -0.002105
0.0 -0.020018 0.007385
0.028125 -0.006292 -0.004655
0.026025 -0.007407 -0.002115
0.02965 -0.016452 -0.017978
-0.01701 -0.04845 -0.089275
-0.001475 -0.034775 -0.014055
-0.0141 -0.05 -0.094398
-0.01208 -0.0551 -0.12758
0.0094 -0.0009 -0.13906
-0.00525 -0.025307 0.002422
0.020875 -0.017598 -0.00032
0.004647 -0.053525 -0.113285
0.03353 -0.0153 -0.06753
0.024673 0.006525 -0.103777
-0.03104 -0.0249 -0.02311
0.01935 -0.009343 0.00459
-0.00343 -0.053075 -0.104985
-0.004575 -0.032848 -0.008637
0.0169 0.02306 -0.03225
0.02333 0.00961 -0.08368
0.028675 -0.013497 -0.009673
0.03184 -0.0214 -0.13224
0.0116 0.021757 -0.00242
7e-05 -0.044525 -0.053813
0.029073 0.005175 -0.092358
0.019862 0.01485 -0.0871
0.0048 -0.034588 -0.014695
0.022475 0.009178 0.000215
-0.01295 -0.0528 -0.107837
-0.02383 0.0014 -0.13621
0.03023 0.009665 -0.02271
0.0234 -0.02139 -0.00723
0.011575 -0.03051 -0.007912
0.01795 -0.01993 0.00084
0.03402 -0.018375 -0.101225
0.00772 -0.0485 -0.076845
0.0231 -0.019757 -0.005215
-0.013023 -0.054175 -0.128722
0.002225 -0.02274 0.00511
0.0089 0.01644 -0.04579
0.00316 -0.053 -0.129225
0.02252 0.0139 -0.084415
0.02215 0.010645 -0.00038
0.029282 0.0116 -0.067988
0.029165 -0.0092 -0.13315
-0.005828 -0.037525 -0.022123
-0.0116 -0.03171 -0.01034
0.006675 -0.02167 0.005273
0.001845 -0.038125 -0.02326
0.033855 -0.0133 -0.097915
0.0215 0.02186 -0.01588
0.017375 -0.00586 0.006425
0.01273 -0.037175 -0.028573
0.017755 0.020825 -0.073495
-0.0012 -0.029373 -0.00164
0.00233 -0.052125 -0.098505
0.032275 -0.00209 -0.01738
0.005975 -0.00823 0.010715
-0.0299 -0.00676 -0.00724
0.00225 -0.03433 -0.01246
0.00795 -0.033973 -0.014805
0.02045 0.016195 -0.00311
0.031325 0.008025 -0.07054
0.012632 -0.037775 -0.029738
0.029225 -0.0133 -0.13605
0.028435 -0.03895 -0.105322
-0.011747 -0.053725 -0.11208
0.01185 -0.031925 -0.01152
0.027688 0.009475 -0.087393
0.0273 0.00505 -0.103495
0.034123 -0.01685 -0.094642
-0.0233 -0.02558 -0.01633
-0.0323 0.00364 -0.02162
0.023825 0.017625 -0.01122
0.02858 -0.0106 -0.13606
0.012525 0.001172 0.009592
0.0193 -0.00125 -0.13625
-0.00485 -0.035145 -0.018632
-0.00129 -0.052575 -0.101615
0.03177 -0.030525 -0.091672
-0.016477 -0.050075 -0.09832
-0.01159 -0.053075 -0.108083
0.024095 -0.003125 -0.134295
0.03379 -0.0012 -0.08329
-0.00836 -0.05515 -0.12196
0.00872 0.0202 -0.08287
0.0164 0.01735 -0.04077
0.02159 -0.0025 -0.136025
0.01665 -0.04925 -0.10463
0.0 -0.00641 0.01206
-0.00504 -0.05475 -0.12822
-0.004675 -0.034692 -0.015285
0.01495 -0.016675 0.004775
0.01495 0.019335 -0.00175
0.01505 -0.02648 -0.004067
-0.006025 -0.034755 -0.01649
0.022997 0.01805 -0.07012
0.003075 -0.034628 -0.01408
-0.009555 -0.04925 -0.083555
0.00795 -0.024175 0.00293
0.00315 0.0031 0.011275
0.01292 -0.05285 -0.125475
0.025537 -0.0416 -0.13093
0.0093 0.023047 -0.002323
0.02553 0.0163 -0.06952
0.006625 -0.033245 -0.010825
-0.01098 -0.0517 -0.10207
0.018902 -0.002225 -0.137857
0.012125 0.010415 0.00708
0.033448 -0.025025 -0.097165
0.027417 -0.0329 -0.057255
-0.00415 -0.028487 -0.000965
-0.02369 -0.0454 -0.08704
0.0045 0.02833 -0.03067
0.029282 -0.033 -0.073498
-0.00426 0.0042 -0.13395
0.012375 -0.002023 0.009918
0.032885 -0.018425 -0.066645
0.00875 0.0121 -0.10715
0.0 0.01516 0.00719
0.016175 0.025672 -0.022055
0.031842 -0.03125 -0.128655
0.027225 0.009293 -0.007833
0.02055 0.00022 0.004358
0.027265 0.004675 -0.104848
0.0059 0.02956 -0.02388
0.021867 -0.000625 -0.130945
0.028108 0.01385 -0.07164
-0.002255 -0.051125 -0.093792
-0.0116 -0.01004 0.00942
0.033655 -0.02165 -0.11603
0.007375 -0.032487 -0.00931
-0.002685 -0.05335 -0.1069
-0.00428 -0.055475 -0.125308
0.0067 -0.032305 -0.0083
-0.0215 -0.01122 0.00292
0.029173 0.012025 -0.07082
0.01605 -0.019703 0.002095
0.0145 0.026625 -0.02101
0.028937 -0.034775 -0.082098
0.031762 -0.03075 -0.093005
0.022925 0.006157 0.00122
-0.004467 -0.05445 -0.128627
-0.015638 -0.050675 -0.099575
0.031445 -0.02215 -0.133685
0.03346 -0.006825 -0.068837
0.02333 -0.02561 -0.01632
0.000692 -0.05475 -0.120545
0.008875 -0.034035 -0.01784
-0.0194 0.01881 -0.00465
-0.01761 -0.04825 -0.089205
0.0323 0.00364 -0.02162
0.0157 0.024643 -0.012038
-0.00918 -0.0357 -0.02093
-0.004425 -0.034902 -0.016465
0.033427 -0.0047 -0.097885
0.01852 -0.0452 -0.08555
0.01355 0.015765 0.002528
0.022685 -0.046775 -0.12819
0.03065 -0.00941 -0.013185
-0.00444 -0.0534 -0.107475
0.031975 0.001055 -0.01795
0.022145 0.00895 -0.101095
0.02815 -0.019258 -0.017472
-0.02333 0.02031 -0.02464
0.02763 0.0149 -0.06547
0.01755 -0.004255 0.00659
0.017875 0.02405 -0.062225
0.027268 0.015263 -0.023725
0.007 -0.0266 0.00103
-0.0165 0.0232 -0.0085
0.020425 -0.001378 0.00452
0.02294 0.02055 -0.061025
0.0207 0.022473 -0.01825
0.032788 -0.02195 -0.067188
0.030625 0.003728 -0.012185
0.03275 -0.001077 -0.020765
0.0194 -0.02412 -0.03631
0.00525 -0.02753 0.000108
0.00025 -0.05405 -0.128283
0.00525 -0.01879 0.00714
-0.003487 -0.054725 -0.116775
0.019925 -0.015705 0.002133
0.003725 -0.034075 -0.011895
0.033315 -0.02655 -0.104462
0.03277 -0.0292 -0.118023
0.019675 -0.00776 0.004635
-0.003975 -0.022803 0.004765
0.033785 -0.0005 -0.080223
0.0176 0.01975 -0.07703
-0.00248 -0.055 -0.11891
0.02685 0.000545 -0.002815
-0.0123 -0.00168 -0.05104
-0.03749 -0.0069 -0.11873
-0.00402 -0.0399 -0.0291
0.003075 -0.006518 0.01147
0.025093 0.01115 -0.087415
0.030275 0.001153 -0.00844
0.028772 -0.036275 -0.090357
0.008655 -0.046475 -0.064643
0.032 -0.005253 -0.016885
0.00925 -0.03329 -0.01371
0.02575 0.013608 -0.0094
0.013575 -0.029857 -0.008515
-0.0116 0.0264 -0.03062
0.0119 -0.02941 -0.006052
0.00455 -0.034373 -0.013515
-0.0228 -0.0011 -0.13936
0.022902 -0.0366 -0.04495
0.024412 0.003725 -0.11332
-0.01694 -0.048225 -0.087798
0.006025 -0.034755 -0.01649
0.008425 -0.013002 0.009065
0.026645 -0.03845 -0.087135
0.004075 -0.03417 -0.01241
0.030395 -0.022325 -0.134545
0.013865 -0.051725 -0.11499
0.03378 0.0002 -0.077155
-0.00227 -0.0539 -0.11063
0.03314 -0.00255 -0.068835
0.0183 0.02431 -0.02536
0.02435 -0.02009 -0.00706
-0.02986 -0.0017 -0.13595
-0.005825 -0.03062 -0.004312
0.020287 0.023375 -0.057235
-0.008778 -0.037775 -0.02354
0.007942 -0.03805 -0.024268
-0.02333 -0.03631 -0.07536
0.01325 -0.014917 0.00649
0.019383 0.0091 -0.105695
0.03185 -0.006827 -0.0166
-0.00925 -0.0519 -0.102565
0.00854 -0.03402 -0.0148
0.027305 -0.00815 -0.13651
0.01923 -0.0016 -0.136943
0.029445 0.0097 -0.075438
0.020975 -0.012715 0.002658
0.03295 -0.027675 -0.125697
0.03196 -0.0017 -0.096942
0.031165 -0.0282 -0.065115
0.034475 -0.0169 -0.07489
-0.03793 -0.0334 -0.13364
0.023395 -0.039675 -0.065365
0.002325 -0.033855 -0.01069
-0.0248 -0.045 -0.08743
0.03038 0.0004 -0.100005
-0.009937 -0.05385 -0.112205
0.02215 -0.021057 -0.005385
0.021892 -0.045075 -0.093177
0.0116 -0.01004 0.00942
0.01545 -0.03109 -0.01533
0.02231 0.01065 -0.095425
0.024602 0.005775 -0.106483
-0.00861 -0.05445 -0.128632
0.03389 -0.0127 -0.095295
-0.02621 0.0091 -0.1058
0.009225 -0.005123 0.01048
-0.002905 -0.05445 -0.114737
0.012253 -0.052325 -0.12836
0.03289 0.003925 -0.069933
0.026945 -0.03635 -0.075945
0.0 0.02757 -0.00736
-0.0089 0.02411 -0.00348
0.030063 -0.036975 -0.128318
-0.008042 -0.051525 -0.097775
-0.003725 -0.035092 -0.0175
0.0105 0.01986 0.00115
0.031755 -0.030975 -0.094338
0.017698 -0.050175 -0.1285
0.03425 -0.0228 -0.10186
0.0228 -0.00042 -0.04406
0.03375 -0.020725 -0.07695
-0.00301 -0.055 -0.118878
0.007 -0.03263 -0.03223
0.019915 -0.02819 -0.015855
0.0149 -0.029022 -0.008108
0.03127 -0.008675 -0.122352
0.0 -0.02554 -0.04418
-0.00535 -0.029525 -0.00248
-0.0215 0.00591 -0.04388
0.020577 -0.049175 -0.127815
0.0047 -0.0401 -0.02918
-0.00805 -0.0534 -0.108703
0.023475 0.01167 -0.00341
-0.0024 -0.031895 -0.006037
0.01522 -0.0451 -0.075747
0.00924 -0.04305 -0.044745
-0.03717 -0.0108 -0.13393
0.026995 0.0024 -0.112885
0.03005 -0.008863 -0.01016
-0.0035 -0.026475 0.00172
0.007875 0.02965 -0.047273
0.015845 -0.051275 -0.12184
0.011775 0.013305 0.00564
0.024575 -0.005358 0.000515
-0.0126 -0.03257 -0.01506
-0.008305 -0.05485 -0.118655
0.0024 -0.03041 -0.003155
0.031302 0.008375 -0.06918
-0.010297 -0.055175 -0.126938
0.011425 -0.027132 -0.001917
0.02302 0.0177 -0.07148
0.030095 -0.0301 -0.063432
0.018602 -0.003425 -0.138495
0.0233 0.02027 -0.02463
-0.003223 -0.05335 -0.10685
0.02555 -0.0363 -0.05698
0.0199 0.023085 -0.02062
0.012423 -0.052475 -0.12765
-0.00107 -0.03965 -0.027682
0.02163 -0.0459 -0.09746
-0.005105 -0.054525 -0.128605
0.0253 -0.01879 -0.00689
0.028162 -0.040575 -0.11572
0.024832 -0.039025 -0.075297
0.01235 -0.032783 -0.01624
0.023177 -0.0359 -0.044785
-0.03637 -0.0117 -0.13676
0.01877 -0.0497 -0.118205
-0.0215 -0.02717 -0.02508
0.01878 -0.037575 -0.03801
-0.006698 -0.0553 -0.12632
0.00976 -0.049025 -0.089425
0.00055 0.0315 -0.04532
0.03029 -0.0289 -0.13349
0.03188 0.00575 -0.022
0.031825 0.002627 -0.018235
0.013525 -0.01339 0.006925
0.0116 0.0264 -0.03062
0.003975 -0.025263 0.00267
0.03021 -0.03435 -0.131095
0.027435 -0.0114 -0.136945
0.006275 -0.034332 -0.01413
-0.03599 0.0123 -0.04008
0.033413 -0.022625 -0.119483
-0.01775 -0.0487 -0.09216
0.01977 -0.0479 -0.12982
-0.008485 -0.0554 -0.12519
0.0248 -0.0121 -0.00195
0.02505 0.014962 -0.009925
0.030985 -0.031575 -0.131653
0.026575 -0.017855 -0.009725
-0.00175 -0.026413 0.002065
0.01495 -0.03066 -0.01297
-0.001045 -0.051875 -0.097725
-0.03514 0.0138 -0.03258
-0.004258 -0.055375 -0.123657
0.032097 -0.0176 -0.1315
0.005075 -0.032905 -0.008955
0.001725 -0.034268 -0.012115
0.023922 -0.03615 -0.048877
0.012593 -0.052625 -0.12694
0.031825 -0.010475 -0.019063
0.018985 -0.049275 -0.114545
-0.01211 -0.05525 -0.12575
0.0253 0.01723 -0.01341
0.032235 -0.0249 -0.130715
0.003288 -0.0539 -0.128085
0.0006 -0.034617 -0.013195
0.000727 -0.052625 -0.101925
-0.02645 0.0246 -0.04364
0.033755 -0.01455 -0.103215
0.00386 -0.0551 -0.12551
0.025075 0.001022 -0.000183
-0.02982 -0.0299 -0.03112
0.0123 -0.039325 -0.03215
0.02881 -0.0316 -0.060625
0.013775 -0.031615 -0.014015
0.02855 -0.011425 -0.006925
0.003925 -0.04765 -0.072195
0.0257 -0.00899 -0.00216
0.027403 0.006175 -0.099438
0.02877 -0.00995 -0.134595
0.0 -0.02389 0.004505
0.011943 -0.051675 -0.128942
0.004675 -0.034692 -0.015285
-0.0089 0.02567 -0.03466
0.0159 -0.028105 -0.007257
0.01211 0.02915 -0.050595
-0.00645 -0.027575 -0.00014
0.0 -0.012705 0.01071
-0.0047 -0.027513 0.000205
0.00615 -0.03465 -0.0159
0.019192 -0.036525 -0.037763
-0.03523 0.01 -0.03069
0.014075 0.014457 0.003298
-0.005985 -0.05115 -0.09461
-0.0077 -0.033758 -0.013625
0.014075 -0.010335 0.007795
-0.001965 -0.0503 -0.08877
-0.02248 -0.046 -0.08663
0.00685 -0.03074 -0.004975
-0.018995 -0.05395 -0.125495
0.017205 0.0158 -0.089785
-0.0035 -0.025245 0.002768
-0.014965 -0.0541 -0.128522
-0.0052 -0.03382 -0.01133
-0.020895 -0.05145 -0.111097
0.0 0.02799 -0.03254
0.000765 -0.05165 -0.09617
0.024178 0.001825 -0.120005
0.0 -0.00963 0.01168
0.00175 -0.02939 -0.001737
-0.0006 -0.034183 -0.011648
0.019552 0.00065 -0.13121
0.012885 -0.0489 -0.097205
0.026775 0.010785 -0.00828
0.01661 0.004525 -0.124755
-0.014075 -0.05035 -0.096763
0.01694 0.0266 -0.053585
0.018555 -0.050125 -0.121865
0.02333 0.02031 -0.02464
0.02988 -0.0297 -0.062307
0.01708 0.00035 -0.135782
0.0 -0.03329 -0.00843
0.031665 0.005 -0.06832
0.00111 -0.054125 -0.115062
-0.012065 -0.05485 -0.127928
0.020735 -0.04925 -0.12706
0.01566 -0.04035 -0.04543
0.02525 -0.010545 -0.002055
0.022625 -0.013155 0.000223
-0.003755 -0.0553 -0.12629
0.011925 -0.019212 0.004802
0.01816 -0.045475 -0.087155
-0.004788 -0.055375 -0.123625
0.016875 -0.009048 0.006215
0.015 0.022365 -0.006088
0.027625 0.00875 -0.090055
0.027495 -0.0075 -0.135045
0.009945 0.02975 -0.050725
0.0 -0.0048 0.01225
0.000108 0.03105 -0.048613
0.02479 0.00775 -0.09959
0.027587 -0.041775 -0.123015
0.0018 -0.033793 -0.010345
0.017175 0.019072 -0.0032
-0.03188 0.00575 -0.022
0.017857 0.025125 -0.058357
0.026043 -0.035725 -0.06194
0.00615 -0.003405 0.01126
0.02838 -0.039525 -0.10871
0.010775 -0.014623 0.008115
0.02603 -0.0057 -0.13696
0.023487 -0.035125 -0.04421
0.007845 -0.03865 -0.025433
0.0326 0.000495 -0.02105
-0.010157 -0.054775 -0.118593
-0.01825 -0.05305 -0.115887
0.003862 -0.0548 -0.123845
-0.0253 0.01348 -0.03407
0.02556 -0.0364 -0.063262
0.02215 -0.008055 0.00301
0.027732 0.0149 -0.065993
-0.003203 -0.054575 -0.128238
0.030488 0.001375 -0.095982
0.002275 -0.055075 -0.12386
0.015325 -0.021068 0.00158
0.030582 0.0024 -0.091982
-0.016635 -0.0542 -0.12186
0.0059 -0.02855 -0.00131
0.008132 -0.0532 -0.113577
-0.01771 -0.049 -0.094535
-0.002225 -0.02151 0.006157
0.00031 -0.0438 -0.049165
0.02333 -0.03631 -0.07536
0.0146 0.010123 0.005457
0.03008 -0.02245 -0.134765
0.0 -0.032547 -0.006988
0.0006 -0.033748 -0.0101
-0.0311 0.012 -0.07989
0.022865 0.016625 -0.075015
0.020835 -0.00415 -0.138067
0.003865 -0.0545 -0.12218
-0.003222 -0.055125 -0.127367
0.00415 -0.02948 -0.002232
0.017675 -0.002658 0.006428
0.03075 0.007245 -0.01915
-0.0123 -0.00362 0.01008
0.032417 -0.016875 -0.128008
0.034465 -0.01925 -0.085945
0.028085 0.0142 -0.07028
0.025183 0.017725 -0.062725
0.02421 -0.042125 -0.092208
0.03371 -0.002625 -0.070147
0.0108 -0.021977 0.003575
-0.02339 -0.0325 -0.02211
-0.0059 0.0287 -0.0286
0.0155 0.01678 0.000135
-0.0089 0.02885 -0.01714
0.02245 0.020702 -0.015262
0.02884 0.002725 -0.10175
0.022157 -0.03635 -0.040858
-0.006683 -0.055375 -0.125767
-0.02538 0.0257 -0.03732
0.019525 0.01096 0.001367
-0.01424 -0.0522 -0.105745
0.031778 -0.0303 -0.09034
-0.004725 -0.031282 -0.005313
-0.0116 0.00474 -0.05038
0.003 -0.031918 -0.006163
-0.00262 -0.054 -0.12908
0.02248 -0.0468 -0.128922
0.025515 -0.00625 -0.137405
-0.0304 -0.0049 -0.03288
0.025955 0.016945 -0.02403
0.030525 0.0083 -0.068415
0.01721 -0.049275 -0.129438
0.026328 -0.040225 -0.096758
0.0262 -0.0421 -0.108323
0.012 0.020695 -0.001263
-0.004095 -0.04085 -0.033937
0.034442 -0.0163 -0.072075
-0.003075 -0.034628 -0.01408
0.014925 0.008655 0.006052
-0.02471 -0.0438 -0.08141
0.03263 -0.0284 -0.12919
-0.00017 -0.04525 -0.05846
0.03037 0.009425 -0.068528
-0.02557 0.0064 -0.11821
-0.0105 -0.01615 0.00768
0.033485 -0.017125 -0.1135
0.00525 -0.017377 0.007925
-0.00222 0.0264 -0.06663
0.00019 -0.0419 -0.038815
-0.03805 -0.0019 -0.07887
0.0228 -0.01301 -0.04177
0.025507 0.01665 -0.06816
0.02849 -0.038375 -0.101935
0.024905 0.008975 -0.095402
0.03227 0.00305 -0.077515
-0.014415 -0.04915 -0.089528
-0.01731 -0.0513 -0.103875
0.008453 -0.054125 -0.126175
0.002225 -0.0252 0.003015
-0.0042 -0.03122 -0.004967
0.009383 -0.05305 -0.12856
-0.018205 -0.053425 -0.118198
0.0323 -0.00895 -0.01934
0.0176 -0.030235 -0.01904
-0.012642 -0.04565 -0.067258
0.018475 0.021768 -0.009383
0.0006 -0.034183 -0.011648
0.025895 -0.03545 -0.055995
0.01185 -0.033207 -0.0186
0.022735 0.02055 -0.05998
0.01655 -0.01063 0.00617
0.00924 0.025 -0.06823
-0.02696 -0.0453 -0.09366
0.01416 -0.050925 -0.108215
0.0184 0.024323 -0.01955
0.0165 0.02547 -0.02557
-0.0048 -0.03463 -0.02648
0.030645 0.00305 -0.089335
-0.00412 -0.052875 -0.104182
0.029855 -0.01305 -0.13561
0.000745 0.0309 -0.044585
0.02362 -0.039 -0.06227
0.02035 -0.025085 -0.007855
0.0215 -0.01122 0.00292
0.023925 -0.021858 -0.009813
0.02025 0.006475 0.002965
0.000667 -0.05515 -0.12386
0.032195 -0.0286 -0.1307
0.028875 -0.0342 -0.132395
0.020425 0.021225 -0.065492
0.028788 -0.035825 -0.087692
0.029725 -0.01249 -0.012802
0.0 0.01912 -0.0854
0.01793 0.02575 -0.053725
-0.0031 -0.0528 -0.10317
0.022958 0.019475 -0.064893
0.020975 0.014887 -0.00234
0.023157 -0.047 -0.125925
0.0 0.02443 -0.00171
0.02 -0.006177 0.00468
0.034055 -0.017775 -0.0986
-0.01959 -0.046 -0.08006
-0.004185 -0.0437 -0.048787
0.030345 -0.011975 -0.133433
0.0215 -0.01888 -0.03939
0.0048 0.02933 -0.01448
0.0305 -0.007307 -0.010265
0.027353 -0.033525 -0.05831
0.0241 0.01405 -0.006965
0.030625 0.006268 -0.015848
0.0089 0.02885 -0.01714
0.027215 -0.042125 -0.12743
0.030875 0.008222 -0.022452
0.027875 -0.041175 -0.119367
-0.022135 -0.05145 -0.113415
0.027835 0.0149 -0.066515
0.01306 -0.04835 -0.09435
0.019725 0.021433 -0.011227
-0.0067 -0.032305 -0.0083
0.02315 0.013137 -0.004005
0.00918 -0.0421 -0.03957
-0.011485 -0.0493 -0.086797
0.033545 -0.018725 -0.067943
0.0116 0.00474 -0.05038
0.007333 0.029925 -0.05154
-0.0313 0.0058 -0.10558
-0.01209 -0.05515 -0.12697
-0.014345 -0.0517 -0.103207
0.02305 -0.001695 0.002775
0.0024 -0.031152 -0.004597
0.00081 0.0307 -0.04434
-0.006477 -0.052 -0.10011
-0.010287 -0.055125 -0.127548
0.01053 -0.033207 -0.014948
0.01913 0.005425 -0.117533
0.0139 -0.027575 -0.004352
0.02198 -0.0448 -0.09175
-0.0054 -0.0495 -0.084558
0.02545 0.00976 -0.00525
0.027787 -0.0068 -0.13359
0.021595 0.00315 -0.12044
0.031615 -0.0327 -0.102987
-0.012367 -0.051375 -0.10121
0.032908 -0.02395 -0.07613
-0.0085 -0.055325 -0.125742
0.032618 -0.027625 -0.093763
0.031057 -0.028 -0.064553
0.00315 -0.053275 -0.12879
-0.0281 -0.01712 -0.02965
0.032093 -0.000375 -0.091608
0.027575 0.014465 -0.020632
0.0187 -0.021692 -0.001865
0.02845 -0.039975 -0.112072
0.02804 0.0149 -0.06756
-0.015165 -0.04335 -0.05822
0.030908 -0.033875 -0.092248
-0.002325 -0.035312 -0.018707
0.03403 -0.011275 -0.069268
0.021622 -0.0269 -0.016087
-0.03583 -0.0373 -0.09582
-0.010407 -0.05145 -0.100603
0.0305 -0.02555 -0.133907
-0.013512 -0.048525 -0.084902
0.007905 -0.05225 -0.104375
0.01646 -0.0415 -0.056095
0.005205 -0.051075 -0.092157
0.0215 0.01358 -0.00157
-0.017593 -0.054225 -0.126125
0.00914 0.0024 -0.13502
0.029975 -0.019225 -0.135403
0.01185 0.027905 -0.02236
0.030685 -0.031475 -0.131983
-0.0215 -0.02399 -0.00757
0.032275 0.00235 -0.080582
0.03203 -0.001025 -0.094255
0.0059 -0.03486 -0.01708
-0.00383 -0.054375 -0.12865
-0.017205 -0.0518 -0.106413
0.02794 0.01185 -0.078865
-0.00285 -0.033918 -0.011035
0.03239 0.0062 -0.06972
0.026878 0.00145 -0.116228
0.000645 -0.05525 -0.12551
0.02622 -0.00505 -0.135495
0.019483 0.01005 -0.10273
0.002063 -0.054825 -0.126205
0.0045 -0.03524 -0.01915
-0.01202 -0.0541 -0.12897
-0.009112 -0.03605 -0.021123
-0.002593 -0.055325 -0.125968
0.02965 0.01115 -0.022983
0.0116 -0.03342 -0.01978
-0.005662 -0.0506 -0.0913
0.01672 0.0102 -0.10733
0.02145 -0.0032 -0.13741
0.00957 0.0006 -0.13847
0.022478 0.013 -0.087258
-0.004913 -0.052475 -0.102445
-0.0045 -0.03363 -0.0103
-0.001125 -0.035083 -0.015752
-0.00451 -0.05445 -0.114605
0.027675 0.0078 -0.007385
-0.01648 -0.048875 -0.090823
-0.02839 -0.039 -0.07045
0.008955 -0.04985 -0.094053
0.0191 0.023697 -0.02299
0.031342 -0.0335 -0.124472
-0.00525 -0.026538 0.001375
-0.016778 -0.054 -0.120025
-0.014465 -0.05425 -0.11836
-0.02858 0.01358 -0.02342
0.03357 -0.01645 -0.11016
0.008875 -0.029943 -0.004788
0.007 -0.0497 -0.08414
0.01937 -0.0009 -0.135558
-0.012037 -0.05485 -0.120182
0.027008 -0.034375 -0.059295
0.0105 -0.02517 -0.04211
0.028653 -0.0137 -0.136493
0.01545 0.025785 -0.02563
0.00427 -0.03457 -0.0147
0.03255 -0.02895 -0.100385
-0.015937 -0.049475 -0.093553
0.0077 -0.034185 -0.015985
0.016275 -0.012157 0.005735
0.034105 -0.01715 -0.095952
0.000265 -0.04095 -0.033978
0.004792 -0.037275 -0.023653
0.021575 -0.016145 -0.000302
0.03244 0.00155 -0.02124
0.012925 -0.03278 -0.020455
-0.004388 -0.036925 -0.022223
0.025068 -0.036975 -0.058302
-0.01635 -0.0546 -0.12553
-0.0274 -0.02066 -0.01722
-0.02062 -0.04455 -0.074045
0.0177 -0.015442 0.003585
0.030127 -0.00195 -0.108727
0.0012 -0.03185 -0.005793
-0.002925 -0.035427 -0.020185
0.0 0.02982 -0.02636
0.00985 -0.024402 0.001675
0.014225 0.020432 -0.002713
0.0152 0.000855 0.007848
-0.0121 -0.0552 -0.12636
0.012535 -0.038375 -0.030903
0.027268 -0.02057 -0.017235
0.031025 -0.00097 -0.01118
0.027112 0.00335 -0.109543
-0.003162 -0.05535 -0.1259
0.0315 4.3e-05 -0.014565
0.0215 -0.02717 -0.02508
0.0296 -0.010418 -0.010055
0.017063 -0.048925 -0.129708
0.006175 -0.032242 -0.007955
0.009787 -0.052425 -0.108088
-0.0024 -0.03041 -0.003155
-0.00443 -0.05365 -0.108952
0.002225 -0.02397 0.004062
-0.00806 -0.05315 -0.107225
0.007745 0.03015 -0.048043
0.017345 -0.047125 -0.095905
0.0129 -0.02731 -0.0029
0.028118 -0.0046 -0.126522
0.034502 -0.018675 -0.083232
0.0029 -0.01127 0.01063
0.007712 0.0303 -0.048305
-0.00555 -0.033915 -0.011845
0.020875 0.018415 -0.00684
-0.004425 -0.034265 -0.012925
0.0305 -0.01575 -0.1356
-0.00175 -0.025183 0.003113
0.03275 -0.004225 -0.020195
0.02245 -0.0432 -0.083177
0.004595 -0.0538 -0.115355
0.02454 -0.0445 -0.129275
0.00445 -0.02282 0.004668
0.019615 0.011375 -0.098412
0.015035 0.027375 -0.052033
-0.0012 -0.030365 -0.002908
0.0 -0.034595 -0.013073
-0.033 -0.00265 -0.02048
-0.01152 -0.05275 -0.106235
0.03125 -0.00628 -0.013575
-0.00795 -0.02879 -0.002635
0.01691 0.02675 -0.05384
0.01175 -0.02463 0.00042
0.030275 -0.001997 -0.00787
0.02409 -0.045125 -0.111298
0.029125 0.009802 -0.013718
0.03142 -0.031375 -0.130142
-0.01438 -0.05285 -0.10944
0.03216 -0.008958 -0.01934
0.0212 -0.022357 -0.005555
0.0233 0.0015 0.00245
0.00556 -0.0508 -0.09056
0.02245 0.014493 -0.00453
0.0317 -0.032025 -0.099647
0.01679 -0.05015 -0.111355
0.030185 -0.025675 -0.134127
0.00625 -0.03146 -0.006292
0.026475 -0.004238 -0.00228
0.015145 -0.0514 -0.12772
-0.012035 -0.05435 -0.128623
-0.013122 -0.054825 -0.121932
-0.00685 -0.03074 -0.004975
0.0121 -0.03214 -0.0127
0.0131 0.022592 -0.004833
0.021695 -0.048125 -0.11457
0.02803 -0.005825 -0.130138
0.0084 -0.032765 -0.010835
-0.018647 -0.04395 -0.067773
0.0024 -0.03338 -0.00892
0.026437 -0.0419 -0.12994
0.019905 0.01575 -0.084257
0.0247 -0.00377 0.000305
0.02184 -0.04725 -0.107547
0.022945 -0.041025 -0.071555
0.0116 -0.02006 -0.04588
0.024642 -0.02393 -0.016625
0.02004 -0.04025 -0.059183
0.0311 -0.007855 -0.01329
0.011775 -0.008435 0.009585
0.00286 0.031025 -0.047027
0.02644 -0.03945 -0.092665
0.02961 -0.03415 -0.131755
0.030267 -0.03695 -0.127585
0.015 0.007105 0.00646
0.02035 0.022785 -0.01653
-0.0045 0.02993 -0.02181
-0.014215 -0.05485 -0.126555
0.03381 -0.011175 -0.068835
0.03228 0.00165 -0.08365
0.015825 -0.031287 -0.020625
-0.014615 -0.04625 -0.07353
0.031055 -0.0341 -0.12812
0.031203 -0.031475 -0.130897
-0.00295 -0.034945 -0.01585
0.002537 -0.0524 -0.10037
0.01242 -0.041225 -0.0425
0.0 0.01612 -0.04756
0.0176 -0.02899 -0.012155
0.032217 0.000925 -0.086313
0.031525 -0.01475 -0.133715
0.005278 -0.054675 -0.126205
0.009375 0.00443 0.009638
-0.0024 0.02808 -0.03204
-0.0024 -0.03549 -0.02053
0.00435 -0.04545 -0.059097
-0.02337 -0.035 -0.03015
-0.018685 -0.0538 -0.128
0.034373 -0.0207 -0.09268
0.031978 -0.0287 -0.131455
-0.00344 -0.052825 -0.103508
-0.02864 0.0078 -0.10596
-0.02447 0.0249 -0.03644
0.031767 0.005 -0.068843
0.005325 0.0307 -0.04731
0.002712 0.030875 -0.048125
0.0158 0.025233 -0.014532
0.005825 -0.03062 -0.004312
0.03359 -0.009475 -0.099905
0.010325 -0.02319 0.002625
-0.0314 -0.0263 -0.02382
0.03135 -0.012 -0.018785
-0.01149 0.0304 -0.04773
0.0045 0.02993 -0.02181
0.0077 -0.033758 -0.013625
-0.02468 0.0036 -0.12916
-0.0116 -0.03342 -0.01978
-0.0304 -0.01505 -0.01823
0.0116 -0.03171 -0.01034
-0.0123 0.00897 0.0078
0.01875 -0.012452 0.00411
0.02954 0.010525 -0.072505
0.024575 0.007242 -0.001772
0.0303 -0.013008 -0.015655
0.032125 -0.000517 -0.017665
0.024758 0.007375 -0.100943
0.0126 0.02726 -0.0259
0.025 -0.0068 -0.13785
0.02406 -0.0358 -0.048795
0.0127 -0.022205 0.00232
0.0194 -0.0172 0.00187
-0.00318 0.0167 -0.09683
0.01307 0.02845 -0.05099
0.034165 -0.00965 -0.081905
0.033145 -0.01395 -0.11765
0.030605 0.0087 -0.071685
0.01775 -0.022992 -0.002035
0.029652 -0.037025 -0.129782
0.020407 0.0223 -0.061625
0.0285 0.01218 -0.017272
0.031235 -0.0255 -0.133267
-0.016525 -0.04945 -0.094665
-0.01588 -0.05125 -0.102272
0.02877 0.001975 -0.104455
0.002417 0.030575 -0.05032
0.0148 0.025495 -0.01308
0.0274 -0.007825 -0.135778
-0.00623 -0.053775 -0.110305
0.0 0.00433 -0.05264
0.03113 -0.0155 -0.13516
-0.002478 -0.053625 -0.108765
0.011305 -0.05295 -0.115213
0.0317 0.00419 -0.018595
-0.0024 -0.028425 -0.00062
-0.002925 -0.033443 -0.009265
-0.03102 0.0022 -0.12089
0.03203 -0.025175 -0.066432
-0.003665 -0.05525 -0.122075
0.0048 -0.0305 -0.00365
-0.033 -0.01335 -0.07952
-0.0094 -0.045775 -0.062353
0.006225 -0.001808 0.011098
-0.03914 -0.0336 -0.13257
0.01707 0.013525 -0.096952
0.021692 -0.0458 -0.13019
0.031795 -0.03 -0.08903
0.014975 -0.05125 -0.12843
0.00765 -0.03985 -0.027763
0.030237 0.0102 -0.07
0.0024 -0.031895 -0.00604
-0.015313 -0.050025 -0.095987
-0.0006 -0.034617 -0.013195
0.02635 0.01629 -0.018575
0.031885 -0.0023 -0.099613
0.00455 -0.034797 -0.015875
0.026885 -0.0369 -0.078698
0.0012 -0.03526 -0.017575
-0.002428 -0.054725 -0.11684
0.031542 -0.00555 -0.111793
0.002253 -0.055175 -0.12551
0.01725 -0.030547 -0.02076
0.007875 -0.016057 0.008195
-0.01445 -0.0512 -0.10067
0.023615 -0.0437 -0.13056
0.029125 -0.015985 -0.015395
-0.00964 -0.0465 -0.067
0.0299 -0.00676 -0.00724
0.022765 0.0204 -0.059725
-0.00854 0.02871 -0.02616
0.010675 -0.032715 -0.013205
0.030428 -0.03425 -0.13034
0.0165 -0.02266 -0.00019
-0.018935 -0.04825 -0.09203
0.005088 -0.054325 -0.1269
0.030658 -0.028875 -0.13317
0.02815 0.01395 -0.023488
-0.01336 0.0087 -0.12072
0.013865 -0.047525 -0.089722
0.0209 -0.020725 -0.00354
-0.013755 -0.05105 -0.10035
0.007 0.0213 -0.04199
0.028265 -0.010725 -0.13628
-0.03608 -0.0342 -0.0846
0.013275 -0.031185 -0.011655
-0.03022 0.0095 -0.09405
0.019025 0.013873 5.3e-05
-0.0366 -0.0212 -0.03281
0.024825 -0.002172 0.000142
0.016648 0.0091 -0.110825
0.027982 -0.033125 -0.062932
0.002817 -0.053075 -0.107502
0.009255 -0.039 -0.02689
-0.015507 -0.05015 -0.097418
0.02031 0.018725 -0.074255
0.018802 -0.002625 -0.13807
0.00314 -0.05355 -0.128355
-0.00936 -0.0509 -0.09383
0.000402 0.03135 -0.046418
-0.0048 0.02933 -0.01448
0.0138 -0.011862 0.00736
-0.02726 -0.0399 -0.0698
-0.010303 -0.05535 -0.125165
0.02855 0.010318 -0.010862
-0.012065 -0.055 -0.121835
-0.0126 0.02726 -0.0259
0.022295 -0.036 -0.040775
0.02858 -0.01889 -0.01754
0.033602 -0.00315 -0.091233
0.0 -0.031063 -0.004103
-0.0165 0.02547 -0.02557
0.031328 -0.015125 -0.134438
0.0035 -0.027468 0.000453
0.01964 -0.039675 -0.05385
0.020375 0.004922 0.003375
0.026875 0.01582 -0.021157
-0.0129 0.02661 -0.01267
0.007575 -0.03365 -0.013035
0.0035 -0.026475 0.00172
-0.0012 -0.033335 -0.008675
0.00745 -0.034395 -0.017165
0.028675 -0.010275 -0.135328
0.013675 0.026835 -0.024045
0.011105 0.029525 -0.049948
-0.02953 0.022 -0.03575
0.015472 -0.051625 -0.126255
0.03156 -0.033275 -0.106375
-0.003375 -0.03398 -0.01138
0.015678 -0.0381 -0.034998
-0.00432 -0.037275 -0.022415
-0.01412 -0.050475 -0.098278
-0.02206 -0.0523 -0.11822
0.025695 -0.04375 -0.11898
0.0281 -0.01298 -0.00682
0.009825 -0.03219 -0.01033
0.02737 0.0058 -0.10079
0.007875 -0.01747 0.00741
0.026 -0.017337 -0.006872
-0.03974 -0.0333 -0.13033
0.014355 -0.04995 -0.129595
0.0126 -0.00807 -0.05039
-0.0215 0.01869 -0.03339
0.025553 0.01595 -0.07088
0.01468 -0.0467 -0.08508
-0.0006 -0.033748 -0.0101
0.0166 0.02379 -0.010995
0.003375 -0.035187 -0.018018
-0.006025 -0.034118 -0.01295
0.0138 0.025757 -0.011628
0.0099 -0.030063 -0.00545
-0.013038 -0.054425 -0.128375
0.016425 -0.0505 -0.114767
-0.0139 -0.0538 -0.129065
-0.003073 -0.055125 -0.120493
-0.00354 -0.055 -0.118845
0.018025 -0.0504 -0.127035
0.0 -0.029328 -0.001393
0.033585 -0.02305 -0.087838
0.033413 -0.025625 -0.09979
0.028325 0.013065 -0.02038
0.00525 -0.015965 0.00871
0.0018 -0.032615 -0.007358
0.01094 -0.0533 -0.118625
0.028805 0.00235 -0.103103
-0.009522 -0.049525 -0.085267
0.008425 -0.022962 0.00388
-0.0012 -0.03526 -0.017575
0.0 -0.02973 -0.03925
0.007925 -0.027753 -0.001123
0.025925 -0.014035 -0.004647
0.02304 -0.03625 -0.044868
0.002135 -0.034845 -0.01465
0.0026 -0.03504 -0.016367
0.032982 -0.00915 -0.114988
0.03352 -0.0026 -0.06971
0.0233 -0.02558 -0.01633
0.031998 -0.0014 -0.095607
0.033167 -0.00725 -0.108043
-0.0165 -0.04147 -0.07443
0.0063 0.00139 0.010797
0.0152 -0.030875 -0.01415
0.006975 -0.03334 -0.01134
-0.026 -0.0431 -0.08176
-0.012402 -0.044925 -0.06261
0.002325 -0.035312 -0.018707
0.029078 0.0116 -0.066942
0.03266 -0.0268 -0.08981
0.001125 -0.03468 -0.01354
0.030605 -0.018975 -0.134962
-0.011105 -0.0507 -0.095092
0.03327 -0.02695 -0.122205
0.025387 0.017725 -0.06377
0.0305 0.00529 -0.012545
0.0139 -0.028757 -0.006655
0.002845 -0.04945 -0.083138
0.023483 -0.004725 -0.137408
0.025135 0.01205 -0.084573
0.0024 -0.032637 -0.00748
0.0314 -0.004705 -0.01386
-0.00446 -0.0529 -0.10452
0.0334 -0.0178 -0.11684
-0.00442 -0.0539 -0.11043
-0.0209 -0.0523 -0.1294
0.02836 -0.0398 -0.13031
0.033853 -0.006725 -0.087893
-0.01431 -0.052525 -0.107593
0.000202 -0.0371 -0.022937
-0.01201 -0.0547 -0.11853
0.01235 0.027045 -0.02708
0.015075 0.005555 0.006868
0.03217 -0.025975 -0.06981
0.020443 0.02015 -0.06936
0.028675 0.011295 -0.014165
-0.0164 0.01735 -0.04077
0.030815 -0.015625 -0.13538
-0.01754 -0.048025 -0.087728
0.033622 -0.022475 -0.085125
0.012665 -0.043575 -0.057915
-0.03004 0.0072 -0.10459
-0.00491 -0.0552 -0.12745
0.021625 -0.01936 -0.003025
-0.03073 0.0002 -0.12885
0.03441 -0.0157 -0.06926
0.033465 -0.024725 -0.095853
0.0 0.01047 -0.0507
-0.014945 -0.048725 -0.08798
-0.01788 0.0028 -0.13633
0.0024 0.02808 -0.03204
0.00034 -0.04 -0.02914
0.02221 0.0097 -0.09839
-0.006725 -0.05215 -0.10172
0.005455 0.0302 -0.04654
-0.02683 0.0118 -0.09448
-0.0299 0.00145 -0.03372
0.00026 -0.053775 -0.128718
0.034095 -0.00775 -0.073208
0.022843 -0.04685 -0.127435
-0.01747 -0.0478 -0.08625
-0.012162 -0.0442 -0.057962
0.030875 -0.0346 -0.096245
-0.02875 0.0212 -0.03506
0.02705 0.014935 -0.01805
0.014925 -0.003938 0.008335
-0.016965 -0.053425 -0.11588
-0.03774 0.0027 -0.0605
-0.01578 -0.0535 -0.12916
-0.0126 -0.00807 -0.05039
0.017867 -0.050325 -0.12779
0.02915 -0.011973 -0.00995
0.0089 -0.03415 -0.02382
-0.009 -0.033075 -0.01253
0.01725 0.025247 -0.0202
-0.03945 -0.015 -0.05671
0.03167 0.006875 -0.070865
0.032163 -0.013025 -0.128817
0.03135 0.001615 -0.01485
0.0012 -0.034205 -0.01177
0.024295 0.002775 -0.116663
-0.01429 -0.0536 -0.11406
0.02375 -0.01509 -0.002475
0.02987 -0.016 -0.13604
0.031915 -0.0289 -0.083525
0.01425 0.013013 0.004018
0.015475 -0.01518 0.005037
0.015575 -0.0315 -0.021805
0.01679 0.00325 -0.1282
0.033465 -0.0044 -0.09655
-0.00131 -0.0492 -0.082135
0.029 -0.00987 -0.00703
0.028912 0.0034 -0.099063
0.02624 -0.0346 -0.05501
0.0012 -0.031108 -0.00435
0.0012 -0.03377 -0.010223
0.004135 -0.046275 -0.064005
0.00188 -0.0394 -0.026265
0.03085 -0.0351 -0.09891
0.0129 0.02661 -0.01267
-0.01949 -0.05305 -0.118205
0.030345 2.5e-05 -0.101358
0.01995 -0.022025 -0.00371
0.01025 -0.031345 -0.00832
0.025107 -0.044525 -0.127055
0.027937 0.0149 -0.067038
-0.0129 -0.03191 -0.02829
-0.015325 -0.04985 -0.094805
0.012098 0.028675 -0.05008
0.01554 -0.03845 -0.03508
-0.003192 -0.0543 -0.128672
-0.014025 -0.05425 -0.128475
0.002625 -0.02011 0.00687
0.03409 -0.00705 -0.07014
0.00906 -0.0402 -0.02922
0.01021 -0.054 -0.12545
0.015815 -0.03775 -0.034915
0.019433 0.009575 -0.104213
0.0108 0.023883 -0.004735
0.03065 -0.005732 -0.01055
0.026475 -0.008825 -0.137175
0.01601 -0.03655 -0.032585
0.0327 0.00395 -0.069495
0.005247 0.030625 -0.048023
-0.00543 -0.03955 -0.027642
0.03419 -0.0156 -0.068828
0.02411 -0.04265 -0.094967
-0.004348 -0.055175 -0.127423
0.003352 -0.037875 -0.023552
0.01055 -0.033463 -0.017335
-0.00875 -0.03286 -0.01135
-0.02858 -0.02958 -0.07658
0.00808 -0.0479 -0.073197
0.0078 -0.031643 -0.0073
0.02915 0.012375 -0.06946
0.011795 -0.051325 -0.129212
-0.01058 -0.0513 -0.1016
-0.03107 0.0161 -0.0622
0.020318 0.023225 -0.05698
0.028035 0.012675 -0.075933
-0.012975 -0.0535 -0.111995
0.0238 0.010203 -0.002815
0.02271 0.01555 -0.07855
0.0 -0.027343 0.001142
-0.0062 -0.022882 0.004322
-0.0129 0.02201 -0.03806
-0.006363 -0.054375 -0.114542
0.002625 -0.017285 0.00844
0.013815 0.0279 -0.05332
0.023302 -0.037175 -0.050283
0.017975 0.016487 -0.001488
-0.00945 -0.0521 -0.1028
0.03138 -0.0286 -0.06624
0.0302 -0.010965 -0.01308
0.025507 -0.037 -0.066013
0.02945 0.007333 -0.009968
0.0 0.02972 -0.02634
-0.014088 -0.050175 -0.09558
0.0234 0.015405 -0.00749
0.029773 -0.0295 -0.061745
0.0059 0.0287 -0.0286
0.0233 -0.00681 -0.04341
0.03333 -0.002575 -0.069272
0.0006 -0.035145 -0.016097
-0.0026 -0.034425 -0.012975
0.00183 -0.050825 -0.091377
0.003075 -0.003298 0.01185
0.031078 -0.022175 -0.134005
-0.011518 -0.049025 -0.085085
0.009575 -0.031163 -0.00731
-0.00266 -0.0551 -0.12734
0.0248 0.012695 -0.00644
0.03185 -0.002675 -0.100965
0.017247 0.0167 -0.086942
-0.006275 -0.034332 -0.01413
0.0036 -0.03194 -0.006285
0.00486 -0.037625 -0.023845
0.01797 -0.046025 -0.09002
-0.0045 -0.03524 -0.01915
-0.0012 -0.034205 -0.01177
0.01697 0.012575 -0.099918
0.004025 -0.03278 -0.008265
0.032265 0.00375 -0.074447
0.025213 0.017575 -0.06247
0.02907 -0.03985 -0.128515
-0.02707 -0.0426 -0.08206
-0.008215 -0.0543 -0.11448
-0.0036 -0.03194 -0.006285
-0.00295 0.0213 -0.08225
-0.001125 -0.03468 -0.01354
0.026525 0.015405 -0.015468
-0.01695 0.0019 -0.13848
-0.0012 -0.03377 -0.010223
0.00315 -0.0001 0.01155
0.028975 0.0116 -0.06642
-0.0233 0.0015 0.00245
0.02425 -0.00694 0.00047
0.02015 -0.018963 -0.000835
0.00987 -0.0537 -0.12687
0.027525 -0.0331 -0.057817
0.031273 -0.0284 -0.065677
0.00025 -0.04285 -0.04399
-0.02951 -0.0344 -0.05185
0.02039 0.023375 -0.057758
0.004625 -0.03206 -0.006947
0.025837 -0.0417 -0.1306
0.033995 -0.024825 -0.11188
0.012973 -0.048625 -0.095777
0.008623 -0.054275 -0.125465
0.022837 0.02055 -0.060502
-0.0048 -0.0305 -0.00365
0.002625 -0.018698 0.007655
-0.02248 -0.0473 -0.09286
-0.01619 -0.0545 -0.126755
-0.03184 -0.0281 -0.0316
0.0147 0.024905 -0.010585
-0.0036 -0.029463 -0.002135
0.0 -0.01471 -0.05112
0.02627 -0.04255 -0.111685
-0.009855 -0.0512 -0.09705
0.0129 -0.029675 -0.007505
0.029918 -0.00385 -0.115543
-0.001083 -0.05285 -0.10348
0.0045 -0.03363 -0.0103
-0.01655 -0.0491 -0.0923
-0.01295 -0.049225 -0.088162
0.02813 0.0135 -0.073
-0.01603 -0.0544 -0.12798
-0.018407 -0.043225 -0.063125
0.02178 -0.00185 -0.13456
0.0309 -0.002557 -0.01097
0.001475 -0.034775 -0.014055
0.033322 -0.012325 -0.110838
0.006303 -0.05275 -0.107795
-0.00059 -0.048 -0.07484
0.0317 -0.008403 -0.016315
0.01787 0.02605 -0.054235
-0.0035 -0.024015 0.003815
0.026535 -0.039175 -0.091233
0.006675 -0.0229 0.004225
0.01795 0.021005 -0.006575
0.016 -0.013685 0.0053
0.007037 -0.05425 -0.123815
0.0267 0.01452 -0.01236
0.00565 -0.03218 -0.00761
0.00885 -0.028905 -0.003275
-0.004865 -0.055425 -0.125793
0.0266 -0.0422 -0.129627
-0.005932 -0.05255 -0.103457
0.012925 0.02748 -0.020505
0.003075 -0.03484 -0.01526
0.0018 -0.035375 -0.019052
0.032915 -0.01975 -0.123745
0.0093 -0.044 -0.04992
0.00545 -0.054525 -0.12383
0.003075 -0.008128 0.01128
0.02918 0.0116 -0.067465
-0.016825 -0.05015 -0.09848
-0.02858 -0.01889 -0.01754
-0.006703 -0.055175 -0.127483
0.03015 0.007795 -0.016125
-0.015028 -0.054325 -0.128228
-0.00225 -0.035135 -0.016885
0.003 -0.03266 -0.007602
-0.002325 -0.033855 -0.01069
-0.004075 -0.034998 -0.016982
0.00854 -0.04471 -0.07384
0.025575 0.0156 -0.07224
0.003205 -0.04885 -0.07949
0.03227 -0.03145 -0.11384
0.024405 -0.03495 -0.04781
-0.010185 -0.054925 -0.120245
0.02495 -0.000575 -2e-05
-0.01234 0.0033 -0.13646
-0.014207 -0.0548 -0.123683
0.01423 -0.051375 -0.111577
-0.00795 -0.024175 0.00293
0.03099 -0.03265 -0.085497
0.027447 -0.0344 -0.067005
-0.011645 -0.051125 -0.099827
0.019348 0.008725 -0.107047
0.02402 -0.044675 -0.107935
0.0 1e-05 0.012165
0.033502 -0.0041 -0.095215
0.00295 -0.029435 -0.001985
-0.00417 -0.0418 -0.038775
-0.008495 -0.05515 -0.127515
-0.00891 -0.0371 -0.0217
0.00027 -0.0535 -0.129153
0.0151 -0.031402 -0.01705
-0.009625 -0.04815 -0.076848
0.03001 -0.0029 -0.11207
0.0168 0.02497 -0.015985
0.031505 -0.03385 -0.109762
-0.0169 -0.03086 -0.02248
-0.005695 -0.0382 -0.023963
0.033622 -0.00915 -0.098568
0.0178 -0.00106 0.006265
0.0064 -0.03444 -0.01472
0.014075 0.028075 -0.051638
-0.0264 0.0105 -0.10043
-0.00455 -0.034797 -0.015875
0.0123 -0.00168 -0.05104
0.031287 -0.018825 -0.134422
0.03023 -0.014975 -0.01825
0.01225 0.027365 -0.016925
-0.004665 -0.04515 -0.058082
-0.00265 -0.054825 -0.127775
0.024198 -0.042375 -0.09354
-0.0194 -0.0172 0.00187
-0.0183 0.02431 -0.02536
-0.005432 -0.049225 -0.082845
0.033945 -0.004825 -0.079783
-0.00455 -0.034373 -0.013515
0.0029 -0.012807 0.010145
-0.0233 0.02027 -0.02463
0.003458 -0.054325 -0.127358
0.0135 -0.052075 -0.118402
0.018182 -0.050475 -0.12628
-0.01035 -0.0515 -0.10027
0.01643 0.0058 -0.12131
-0.03057 -0.0335 -0.05205
0.005725 -0.025325 0.002325
0.033525 -0.010125 -0.10258
0.015315 -0.05155 -0.12701
0.0 -0.04582 -0.07364
0.0097 -0.01895 0.006255
0.01791 0.0219 -0.06996
0.015825 0.025985 -0.020335
0.0271 -0.018322 -0.012308
0.02991 -0.03425 -0.131425
0.013425 -0.032355 -0.018095
0.031392 -0.028825 -0.13253
-0.00371 -0.05545 -0.125375
0.0332 0.001675 -0.069707
0.027372 -0.0422 -0.126675
-0.0228 -0.01301 -0.04177
0.02523 0.012875 -0.08164
0.019465 -0.000575 -0.134825
-0.03352 -0.0455 -0.13005
-0.01288 -0.052475 -0.10599
0.01685 -0.024155 -0.002712
0.013225 -0.024807 -0.000563
0.033772 -0.01425 -0.101902
-0.02134 -0.0532 -0.12802
-0.01242 -0.04965 -0.08971
0.029825 0.010265 -0.019875
0.016245 -0.042325 -0.061003
0.0164 -0.0285 -0.03246
0.027693 -0.011125 -0.136723
0.006825 -0.029702 -0.003462
0.023925 -0.008522 0.000425
-0.003895 -0.05415 -0.129035
-0.00772 -0.0523 -0.103295
0.03391 -0.019625 -0.10601
0.02322 -0.038425 -0.056938
0.00485 -0.033725 -0.010815
0.0267 -0.015885 -0.006855
-0.0048 0.02519 -0.03731
0.027468 0.006925 -0.096732
-0.01182 0.0007 -0.13967
0.032405 -0.01205 -0.125365
0.0215 0.01869 -0.03339
0.03296 -0.02335 -0.07338
0.0135 0.02153 -0.003675
0.001475 -0.0511 -0.092975
0.016625 -0.030135 -0.014285
-0.00595 -0.033062 -0.009815
-0.00624 -0.053525 -0.108828
0.031225 0.003178 -0.01521
0.012325 -0.017812 0.005515
0.03408 -0.02415 -0.10854
-0.008538 -0.051825 -0.100995
0.024103 -0.038325 -0.060948
0.00844 -0.0473 -0.06955
0.034303 -0.0219 -0.097923
0.019373 0.001925 -0.127765
0.0048 -0.03463 -0.02648
0.01225 -0.030692 -0.008922
-0.00295 0.0149 -0.10201
-0.0304 -0.00041 -0.00808
0.00615 -0.034225 -0.01354
0.003035 0.03075 -0.045808
0.023 -0.046925 -0.12668
0.031785 -0.003325 -0.10364
0.0121 0.02769 -0.02354
0.024977 -0.035625 -0.052395
0.004425 -0.034265 -0.012925
0.0203 -0.002975 0.004682
-0.0281 0.01181 -0.01131
0.007035 -0.05455 -0.12548
-0.008978 -0.03675 -0.021508
0.03125 -0.009957 -0.01621
0.00925 -0.033717 -0.01607
0.0036 -0.030455 -0.003402
-0.00175 -0.022723 0.005207
0.00342 -0.0388 -0.02339
-0.014903 -0.053875 -0.128817
0.0187 -0.0442 -0.079865
0.0101 0.0299 -0.0493
0.014768 -0.049075 -0.100918
0.02775 0.01358 -0.017525
-0.015922 -0.05005 -0.097912
0.024275 -0.013595 -0.002212
0.034507 -0.0175 -0.077705
0.012762 -0.052775 -0.12623
0.0 -0.01335 -0.07952
-0.02941 -0.0386 -0.07076
-0.00965 -0.0523 -0.103035
0.007403 -0.0539 -0.120403
0.023935 -0.0432 -0.097823
-0.0036 -0.030455 -0.003402
0.01563 -0.0517 -0.1255
0.01486 -0.0457 -0.079395
0.033473 -0.0245 -0.09452
0.01834 -0.05055 -0.125525
0.024525 -0.01694 -0.004682
0.032927 -0.02275 -0.070565
0.008283 -0.053975 -0.126885
-0.00792 -0.0525 -0.10353
0.008185 -0.052925 -0.111507
0.017 0.0263 -0.053075
0.018917 -0.037225 -0.037928
0.019925 0.017502 -0.00388
0.03092 -0.01885 -0.134742
-0.003345 -0.0539 -0.11053
0.00664 -0.049975 -0.085745
0.009085 -0.044825 -0.054828
-0.00905 -0.0517 -0.10233
-0.0123 -0.01428 -0.04876
0.01606 -0.040925 -0.050763
0.026498 -0.003175 -0.130415
-0.0281 -0.01298 -0.00682
-0.00285 -0.03525 -0.018362
0.013115 0.028775 -0.051243
-0.01611 -0.05445 -0.127367
-0.00892 -0.044325 -0.053057
0.0138 -0.026147 -0.002223
-0.01595 -0.0493 -0.09237
0.026825 -0.03745 -0.08145
-0.0064 -0.03444 -0.01472
-0.014235 -0.05495 -0.125335
0.01935 -0.02482 -0.006402
0.032625 -0.0274 -0.09243
0.021993 -0.0459 -0.12986
0.024495 -0.0413 -0.08791
0.03278 -0.0257 -0.084305
-0.00511 -0.0478 -0.074203
-0.0089 -0.02175 0.00483
0.01085 -0.025793 -0.000258
0.03213 -0.03065 -0.125007
-0.009588 -0.048975 -0.081842
-0.0164 -0.0285 -0.03246
0.023803 -0.045725 -0.114945
0.0 -0.03032 -0.00266
0.01236 -0.040275 -0.037325
0.007325 -0.0345 -0.017755
0.03358 0.001625 -0.070582
0.0 -0.028335 -0.000125
0.0 0.00161 0.012028
-0.0006 -0.031085 -0.004225
-0.013095 -0.054675 -0.12028
0.0247 0.00569 -0.001363
-0.0074 -0.032495 -0.00933
0.02226 0.010175 -0.096907
-0.010522 -0.05135 -0.101268
0.03026 0.00985 -0.07136
0.00555 -0.034955 -0.017598
-0.00378 -0.05285 -0.103845
0.03339 0.00165 -0.070145
-0.01588 -0.049075 -0.090893
0.00069 -0.05505 -0.12221
-0.004895 -0.055275 -0.126898
0.014063 0.0276 -0.051123
0.00027 -0.03745 -0.02313
-0.0165 -0.03077 -0.01539
0.032545 0.005075 -0.069607
-0.02283 -0.0316 -0.02128
0.00894 -0.052 -0.12937
-0.0045 0.02833 -0.03067
0.009375 -0.033397 -0.0143
-0.03188 -0.02175 -0.078
-0.0253 -0.02253 -0.02755
0.03245 -0.007375 -0.019625
0.024772 -0.039575 -0.07805
0.02435 0.016317 -0.01045
0.003975 -0.035302 -0.019495
0.005448 -0.054825 -0.125495
0.001058 -0.0544 -0.117132
0.0228 -0.00489 0.0031
-0.004425 -0.044425 -0.053435
0.031275 -0.0298 -0.07174
0.022095 0.008475 -0.102578
-0.0046 -0.055 -0.11878
0.030185 -0.015875 -0.13582
0.025265 -0.0446 -0.1263
0.03076 0.0059 -0.077875
0.032563 -0.0287 -0.099052
-0.00949 -0.0498 -0.08698
0.010175 -0.03378 -0.019105
-0.0228 -0.00489 0.0031
0.028502 -0.00025 -0.112477
0.033358 -0.005325 -0.100558
-0.001475 -0.034988 -0.015235
0.001215 -0.053575 -0.110923
-0.005727 -0.05005 -0.087875
0.026067 -0.035025 -0.055502
0.01425 -0.03004 -0.009525
0.027975 -0.01495 -0.00969
0.003725 -0.035092 -0.0175
0.03326 -0.0063 -0.10457
-0.0006 -0.03257 -0.00711
-0.0024 -0.029417 -0.001888
0.0275 -0.0338 -0.064255
0.00423 -0.05415 -0.118767
0.03261 -0.02785 -0.095095
0.006865 -0.0544 -0.12619
0.0185 0.01518 -0.000717
0.02374 -0.00445 -0.137185
-0.0169 -0.02837 -0.00871
0.0 -0.017193 0.008955
-0.002893 -0.053075 -0.105035
0.0304 -0.01505 -0.01823
0.0274 -0.014432 -0.006837
0.017225 0.009808 0.00371
-0.019865 -0.05045 -0.103705
0.00854 0.02871 -0.02616
-0.00854 -0.03402 -0.0148
0.0064 0.02913 -0.02624
-0.008595 -0.0542 -0.12898
-0.00563 -0.050875 -0.093012
0.02676 0.0005 -0.11957
-0.00488 0.0006 -0.13953
-0.002745 -0.03795 -0.022545
-0.015508 -0.048025 -0.08472
0.033157 -0.018775 -0.120292
0.02878 -0.03605 -0.089025
-0.01418 -0.05465 -0.12203
-0.00619 -0.0527 -0.104025
0.0 -0.011168 0.011195
-0.001725 -0.035198 -0.01723
0.030275 0.008772 -0.019428
0.007875 -0.03086 -0.005637
0.025325 0.0137 -0.078708
0.0058 -0.011373 0.010065
0.029737 -0.006025 -0.12263
0.028535 -0.036825 -0.131527
0.002517 -0.05 -0.086455
0.0274 0.01535 -0.02374
0.02235 -0.017995 -0.00251
0.014025 -0.03183 -0.015195
0.0165 -0.04147 -0.07443
0.011955 0.029 -0.05202
0.021975 0.00725 -0.106765
0.00628 -0.05025 -0.08735
-0.00442 -0.051625 -0.096945
0.01093 -0.0477 -0.081767
-0.0089 -0.02941 -0.03748
0.033558 -0.0098 -0.101243
-0.00856 -0.054925 -0.1279
0.0119 -0.028228 -0.00375
-0.00575 -0.031402 -0.005975
-0.00599 -0.0525 -0.10379
0.006405 -0.034295 -0.01475
0.020348 0.023075 -0.056725
-0.01752 -0.0503 -0.0988
0.002225 -0.02151 0.006157
0.03272 -0.02625 -0.087058
-0.008505 -0.0552 -0.126905
0.01048 -0.048475 -0.086215
0.024358 0.00055 -0.12345
-0.02185 -0.0528 -0.12184
0.00517 0.03055 -0.048735
0.01784 0.0262 -0.05449
0.031855 -0.02945 -0.086277
0.0281 0.00768 -0.03414
-0.005105 -0.04835 -0.077485
-0.00376 -0.05335 -0.1068
0.00024 -0.054325 -0.127847
0.019375 -0.042425 -0.07028
0.02236 -0.0437 -0.08602
0.033715 -0.00825 -0.094588
0.024682 -0.040075 -0.080893
0.032592 -0.02815 -0.096408
-0.00314 -0.055425 -0.125443
0.025982 -0.04315 -0.115332
0.01235 0.027475 -0.02472
0.019 -0.023325 -0.00388
0.0087 -0.011475 0.0095
-0.007575 -0.03365 -0.013035
0.022372 0.011375 -0.092763
0.031525 -0.003117 -0.01407
0.024707 0.0069 -0.102425
0.030543 -0.0116 -0.13271
0.003075 -0.004907 0.01166
0.019915 0.02289 -0.025105
0.023175 -9.8e-05 0.002612
-0.0299 0.00584 -0.00952
0.034165 -0.023475 -0.1052
0.03364 -0.00885 -0.097257
0.032817 -0.025125 -0.081593
0.0052 -0.03382 -0.01133
0.01935 -0.048925 -0.111133
0.034355 -0.021 -0.09399
-0.015985 -0.05075 -0.099735
0.023373 -0.046575 -0.122265
-0.0215 0.02186 -0.01588
0.0215 0.00591 -0.04388
0.01606 -0.05085 -0.11818
0.029197 0.006625 -0.087033
0.009 -0.03393 -0.01725
-0.000962 -0.055325 -0.12551
-0.0018 -0.033793 -0.010345
0.02785 -0.01692 -0.01256
-0.015407 -0.054425 -0.121945
0.026638 -0.038675 -0.088468
0.006025 -0.034118 -0.01295
-0.00411 -0.053125 -0.10566
0.002925 -0.035427 -0.020185
-0.012602 -0.05035 -0.094745
0.005525 -0.014438 0.009145
0.0052 -0.03505 -0.018115
0.02858 -0.02958 -0.07658
0.0234 0.019545 -0.014645
-0.01529 -0.0506 -0.099415
-0.03188 -0.01106 -0.01896
-0.017055 -0.052675 -0.11126
0.0 -0.02635 0.00241
0.03245 0.002068 -0.021335
-0.012567 -0.051575 -0.101445
0.012235 -0.045225 -0.06773
-0.0018 -0.033358 -0.008798
-0.00264 -0.05455 -0.12821
0.033145 -0.0279 -0.111143
0.032642 -0.0271 -0.09112
0.013675 -0.032142 -0.016915
-0.0089 -0.03415 -0.02382
0.01475 -0.005542 0.00817
0.0012 -0.032592 -0.007235
0.029407 -0.008225 -0.129698
-0.03538 -0.0414 -0.11093
0.014095 0.02745 -0.05086
0.011648 -0.050975 -0.129483
-0.000385 -0.046075 -0.063368
0.02045 0.020335 -0.010265
0.029435 -0.037125 -0.130537
-0.01803 0.0058 -0.12721
-0.0105 0.01986 0.00115
0.0012 -0.033335 -0.008675
0.02042 -0.0491 -0.12857
-0.03731 -0.0033 -0.10333
-0.00094 -0.055225 -0.12386
-0.006832 -0.054725 -0.128252
0.017373 -0.049575 -0.129125
0.010425 -0.0325 -0.012025
0.01515 0.004005 0.007275
-0.00838 -0.0398 -0.02906
0.022967 -0.005275 -0.137852
0.0 -0.03503 -0.01462
0.0103 -0.033675 -0.018515
0.019715 0.012325 -0.095447
-0.004455 -0.036575 -0.02203
-0.02626 -0.0506 -0.11874
0.01682 0.01115 -0.104365
0.033652 -0.018925 -0.068505
0.02635 -0.019725 -0.012055
0.01795 -0.029923 -0.01732
0.02305 -0.016542 -0.002492
0.0089 -0.02941 -0.03748
0.02183 0.00505 -0.113755
-0.003375 -0.035187 -0.018018
0.00605 -0.0525 -0.129297
-0.004245 -0.04275 -0.043612
0.030277 -0.000675 -0.104048
0.030875 0.000603 -0.011465
0.0253 0.01348 -0.03407
0.03105 -0.0321 -0.082745
-0.005675 -0.032185 -0.007637
-0.02221 -0.0506 -0.10861
0.00535 -0.029525 -0.00248
-0.004195 -0.05525 -0.122042
0.03188 -0.02175 -0.078
0.03117 -0.031 -0.07724
0.01601 0.02715 -0.052935
0.033425 0.00275 -0.070695
0.0172 -0.02565 -0.005235
0.024825 0.004138 -0.000953
0.012225 -0.023417 0.00137
0.034038 -0.018075 -0.099913
0.006435 -0.0383 -0.023975
0.020935 -0.00375 -0.137855
0.03359 -0.026225 -0.118712
0.033928 -0.0124 -0.09396
0.026475 0.005223 -0.003945
0.026733 -0.00855 -0.136953
0.010132 0.02975 -0.049038
0.033978 -0.005425 -0.082598
0.033677 -0.00855 -0.095922
0.026585 -0.00195 -0.1268
0.02245 -0.02269 -0.0074
-0.01574 -0.052575 -0.109195
-0.01415 0.013 -0.10666
0.0236 -0.010105 0.00038
0.028375 -0.003117 -0.005075
-0.00625 -0.053275 -0.10735
0.02891 -0.013425 -0.13627
-0.00986 -0.053275 -0.108578
0.007 0.02732 -0.00874
0.02995 -0.031525 -0.132622
0.030843 -0.03575 -0.12029
-0.0105 0.01084 -0.04864
0.01805 0.024635 -0.01783
0.013425 0.02705 -0.022865
0.0159 0.025823 -0.017027
-0.01701 -0.05305 -0.11357
0.032065 -0.027175 -0.07531
0.01875 0.02401 -0.02127
-0.0304 0.00975 -0.02273
0.020175 0.008025 0.002558
-0.0006 -0.035145 -0.016097
0.03374 -0.020975 -0.11269
0.028997 -0.034225 -0.079345
-0.01024 -0.055225 -0.12355
0.031975 -0.02835 -0.080773
0.033665 -0.0025 -0.088585
0.034268 -0.0225 -0.100547
0.006505 -0.0539 -0.127595
0.028765 -0.0365 -0.09169
0.017625 0.00679 0.004712
0.026735 -0.03795 -0.084293
0.01129 -0.0471 -0.07812
0.0127 0.023655 -0.00599
0.02735 -0.00943 -0.004595
-0.0032 -0.034735 -0.01467
0.020257 -0.0488 -0.128882
0.005022 0.0304 -0.049833
0.02305 0.004605 0.00163
0.01167 -0.0526 -0.1118
0.0 -0.02512 0.003458
0.02202 -0.0367 -0.04094
-0.0012 -0.03185 -0.00579
-0.0215 0.01358 -0.00157
0.02025 -0.023658 -0.005725
-0.004337 -0.0549 -0.127858
0.0169 -0.02837 -0.00871
-0.002615 -0.05525 -0.126425
0.029 0.008825 -0.010415
-0.0194 0.0119 -0.04283
0.010925 -0.03293 -0.014385
0.022475 -0.006473 0.003055
0.017175 -0.016937 0.003322
0.029825 -0.014532 -0.015378
0.0259 0.008267 -0.004802
0.03075 0.002165 -0.011825
0.02 0.016575 -0.081325
-0.00488 -0.05535 -0.126345
-0.004725 -0.05525 -0.12201
-0.01212 -0.0553 -0.12514
0.014575 0.026463 -0.017702
-0.009457 -0.050075 -0.088693
-0.007 0.0213 -0.04199
-0.004403 -0.054675 -0.128242
-0.01296 -0.05395 -0.129018
0.02965 -0.00725 -0.126245
0.0149 0.026085 -0.015575
0.012725 -0.016413 0.006227
0.01213 0.028525 -0.049818
0.033728 -0.00185 -0.085938
0.00871 0.0157 -0.09642
0.026875 -0.020193 -0.014638
0.029135 -0.037025 -0.130867
0.018675 -0.018565 0.001355
0.005358 0.03055 -0.047048
0.033525 -0.0236 -0.09059
-0.0129 -0.02731 -0.0029
0.025722 -0.035875 -0.056488
0.02925 0.01078 -0.01702
-0.015645 -0.0448 -0.067515
0.01916 -0.00195 -0.137635
-0.003117 -0.055325 -0.123792
0.00175 -0.026413 0.002065
0.02217 -0.04425 -0.088885
0.026125 -0.005375 -0.136228
-0.001605 -0.050025 -0.087165
-0.0089 -0.03098 -0.0063
-0.01145 -0.052425 -0.104387
-0.015695 -0.05295 -0.111505
0.034102 -0.0103 -0.084552
0.02776 -0.0396 -0.13097
-0.00175 -0.023952 0.00416
0.022045 0.008 -0.10406
0.011325 -0.011567 0.008985
0.031713 -0.031775 -0.098315
0.007275 -0.03158 -0.006955
-0.02705 0.0197 -0.06303
-0.006543 -0.0552 -0.121985
0.0169 -0.03086 -0.02248
0.0289 0.01255 -0.023235
0.033415 -0.011375 -0.107365
0.0 -0.00852 -0.05285
0.0129 -0.028492 -0.005203
0.000615 0.0313 -0.045075
0.012125 -0.005225 0.009915
0.006188 -0.053125 -0.128592
0.021825 0.012113 -0.000975
0.0181 -0.024487 -0.004557
0.019665 0.01185 -0.09693
-0.01302 -0.053125 -0.109685
0.00624 -0.0395 -0.026305
0.032773 -0.024075 -0.126467
-0.020105 -0.045275 -0.077053
-0.03417 -0.0453 -0.12757
0.0 -0.03512 -0.0146
0.01508 0.0277 -0.052285
0.02191 -0.0477 -0.11091
0.016502 0.0069 -0.117815
0.033822 -0.013625 -0.099253
0.0 -0.018605 0.00817
0.002925 -0.033443 -0.009265
0.030025 0.004278 -0.00916
-0.01348 -0.0488 -0.086615
0.03029 -0.0191 -0.135182
0.024855 0.0085 -0.096885
0.0217 -0.04635 -0.100823
-0.02127 -0.0474 -0.09237
-0.00517 -0.0543 -0.12899
0.0105 0.01084 -0.04864
-0.03707 -0.0007 -0.092
0.031603 -0.025475 -0.132948
0.03301 0.0017 -0.06927
-0.00615 -0.03465 -0.0159
0.0097 0.021985 -0.001165
0.016025 0.015472 0.000905
-0.0052 -0.03505 -0.018115
0.03349 -0.0242 -0.09321
-0.02304 0.0075 -0.11748
0.028375 -0.017388 -0.015143
-0.0059 -0.03401 -0.01236
0.02613 -0.04165 -0.10496
-0.00944 0.031 -0.04237
-0.00295 -0.03452 -0.01349
0.00615 -0.005015 0.01107
0.01701 0.0 -0.136475
-0.018483 -0.051375 -0.106327
-0.03157 -0.0327 -0.0522
0.0146 -0.03035 -0.011247
0.006275 -0.034545 -0.01531
0.024183 -0.0019 -0.13068
0.0146 -0.022432 0.001065
0.027225 0.01405 -0.014942
0.027335 0.005425 -0.102142
-0.003 -0.031175 -0.00472
0.030685 -0.036825 -0.109072
-0.00854 -0.04471 -0.07384
0.01915 -0.0431 -0.073375
0.02858 0.01358 -0.02342
0.031638 -0.031275 -0.129387
0.03077 0.0045 -0.08401
0.022265 -0.043975 -0.087453
0.02645 -0.01254 -0.004385
0.033075 -0.0082 -0.111515
0.009235 -0.0527 -0.12883
0.019425 -0.020328 -0.00135
-0.013167 -0.055075 -0.125848
0.033092 -0.02335 -0.122975
0.01201 -0.0459 -0.070825
-0.003725 -0.034075 -0.011895
0.012163 0.028375 -0.049555
-0.02589 -0.0516 -0.126
0.030555 -0.03635 -0.123938
-0.01294 -0.05075 -0.099385
0.01702 0.01305 -0.098435
0.02317 -0.04035 -0.06846
0.0059 -0.03401 -0.01236
-0.003975 -0.035302 -0.019495
-0.005253 -0.0525 -0.102783
0.032137 -0.025375 -0.066995
0.034287 -0.012675 -0.075583
0.018225 -0.013947 0.003847
-0.01138 -0.0521 -0.10254
0.03432 -0.0216 -0.09661
0.032575 -0.02845 -0.09772
0.0274 0.013165 -0.011835
0.00047 -0.03905 -0.024808
0.0137 0.02428 -0.008288
-0.009607 -0.05105 -0.09544
-0.0329 -0.00265 -0.02048
0.01084 -0.0482 -0.08461
0.0 0.02024 0.00322
0.01603 -0.04315 -0.06591
0.0024 -0.03549 -0.02053
0.0 0.02951 -0.0135
0.01396 -0.04725 -0.08829
0.022075 -0.044525 -0.090318
0.0304 -0.0049 -0.03288
0.001125 -0.035083 -0.015752
0.03387 -0.00695 -0.069707
0.01705 -0.02701 -0.006972
0.006338 -0.0389 -0.02514
-0.02476 -0.0464 -0.09324
0.03272 -0.004752 -0.0201
0.0167 0.02438 -0.01349
0.02148 -0.04855 -0.11823
0.03238 -0.0303 -0.107065
0.032735 0.00505 -0.070045
0.03323 -0.027225 -0.107802
0.030855 0.006725 -0.074942
0.003975 -0.033567 -0.009955
0.0121 0.02683 -0.02826
0.02242 -0.037275 -0.046273
0.007825 -0.033865 -0.014215
0.026 0.015875 -0.012885
0.0299 0.00145 -0.03372
0.014575 -0.007148 0.008005
-0.017173 -0.050225 -0.09864
0.000388 -0.054675 -0.127578
0.0177 0.00524 0.00512
0.023915 -0.0438 -0.13023
0.03404 -0.01095 -0.0872
0.030215 0.01055 -0.06864
0.019 0.02253 -0.01219
0.0169 0.011275 0.003115
-0.00799 -0.052825 -0.105378
0.00875 -0.03286 -0.01135
-0.0169 0.02306 -0.03225
0.01598 0.0273 -0.05319
0.02263 -0.0422 -0.077492
-0.010308 -0.05415 -0.128975
0.02503 0.010425 -0.090078
0.0029 -0.009732 0.011115
0.034253 -0.0151 -0.086572
-0.02731 0.015 -0.08064
0.000337 -0.038375 -0.022968
-0.000875 -0.053125 -0.105345
0.015125 -0.000743 0.00801
0.001162 -0.05385 -0.112992
0.0 0.03027 -0.01994
-0.03495 -0.0437 -0.12006
0.00615 0.00609 0.009845
0.03343 -0.025325 -0.098477
-0.006882 -0.05425 -0.128985
0.007747 -0.03925 -0.026597
0.000255 0.0312 -0.047515
-0.007795 -0.051375 -0.096165
0.0285 -0.00153 -0.005285
0.032647 -0.011075 -0.121912
0.03095 0.00755 -0.07201
-0.00248 -0.0393 -0.026225
-0.00257 -0.0554 -0.12551
0.025125 0.011227 -0.005845
-0.008645 -0.03845 -0.02538
0.01475 -0.031715 -0.01877
0.01195 0.01186 0.00636
0.023175 0.003053 0.00204
0.03165 -0.00153 -0.01428
0.00945 0.00128 0.010182
0.01687 -0.0007 -0.13786
0.0214 0.019178 -0.009647
0.0194 0.0119 -0.04283
0.02445 -0.022325 -0.012395
0.022975 0.0184 -0.06876
0.0048 0.02519 -0.03731
0.03359 -0.011075 -0.068402
0.03145 -0.0065 -0.115265
-0.03967 -0.0192 -0.07472
0.021717 -0.045625 -0.096033
0.03394 -0.004125 -0.076715
0.0112 0.02282 -0.003578
0.03052 0.00175 -0.09463
0.00297 0.03095 -0.046053
0.033825 -0.0203 -0.10935
0.01697 0.02645 -0.05333
0.019203 0.006525 -0.114037
0.002158 -0.050275 -0.08806
-0.004532 -0.054225 -0.129012
-0.012388 -0.049925 -0.091422
0.01928 -0.048475 -0.10777
0.026525 -0.03505 -0.060617
0.03379 -0.007375 -0.09054
-0.007475 -0.025387 0.00198
-0.0253 -0.01879 -0.00689
0.0285 0.00163 -0.005808
0.00175 -0.027405 0.000798
0.033717 -0.020125 -0.074135
0.02045 -0.01421 0.002395
-0.002612 -0.038625 -0.024385
0.031613 0.006125 -0.068955
0.03015 -0.003585 -0.00766
0.033873 -0.013 -0.096605
-0.0064 0.02913 -0.02624
0.002565 0.030725 -0.049222
-0.01929 0.0052 -0.12893
0.011525 -0.020613 0.00409
-0.02858 0.00289 -0.08246
-0.0165 -0.02266 -0.00019
0.000935 -0.0529 -0.10379
-0.02165 -0.0431 -0.06803
0.007325 -0.033435 -0.011855
-0.018795 -0.0478 -0.089075
0.025825 0.01676 -0.015992
-0.03517 -0.0187 -0.02447
0.017893 0.022975 -0.066092
0.0214 0.017107 -0.00607
0.00905 -0.006728 0.010315
-0.01078 -0.0515 -0.101835
0.016175 -0.030975 -0.018905
0.022432 -0.03565 -0.040693
0.0176 0.024935 -0.02192
0.0 0.02105 -0.04337
-0.02164 -0.0533 -0.12546
0.02635 -0.005825 -0.00207
-0.01567 -0.05225 -0.107348
-0.015338 -0.049675 -0.093623
0.03266 -0.0159 -0.124555
0.028168 -0.03685 -0.131848
-0.01484 -0.05365 -0.129113
0.00815 -0.01453 0.00863
0.01805 -0.027275 -0.008425
0.005225 -0.03134 -0.00563
0.02775 0.0102 -0.08473
0.017875 -0.0463 -0.091453
-0.0253 0.01723 -0.01341
0.020893 -0.049325 -0.126305
0.024875 -0.020557 -0.009643
0.009375 -0.025615 0.000725
0.0123 -0.01428 -0.04876
0.022925 -0.003293 0.002937
-0.0019 -0.05085 -0.092195
-0.007 0.02732 -0.00874
0.034428 -0.019825 -0.088657
0.010575 -0.05365 -0.122038
0.01495 0.025355 -0.02799
