561
0.0129 -0.03191 -0.02829
-0.00891 -0.0371 -0.0217
0.0253 -0.02253 -0.02755
0.0215 -0.01888 -0.03939
0.03188 -0.00494 -0.08104
0.0105 -0.01615 0.00768
0.0048 0.02933 -0.01448
0.0275 0.0073 -0.09538
-0.0299 -0.01114 -0.03144
0.00945 -0.0378 -0.02456
-0.01207 0.0024 -0.1384
0.0089 0.02885 -0.01714
-0.0169 -0.03086 -0.02248
-0.0116 0.02812 -0.02118
0.03093 -0.0332 -0.08825
0.01412 0.0284 -0.05189
0.0064 -0.03444 -0.01472
-0.0264 0.0105 -0.10043
-0.0171 -0.0523 -0.10895
-0.0089 0.01644 -0.04579
0.0123 -0.00168 -0.05104
-0.00253 0.0087 -0.12108
-0.02343 -0.039 -0.05074
-0.0194 -0.0172 0.00187
-0.0183 0.02431 -0.02536
0.0165 -0.03077 -0.01539
-0.00868 -0.0436 -0.04841
0.0116 0.00474 -0.05038
-0.0233 0.02027 -0.02463
-0.0313 0.0058 -0.10558
-0.01035 -0.0515 -0.10027
0.0 -0.00265 -0.02048
0.01643 0.0058 -0.12131
-0.03057 -0.0335 -0.05205
0.00081 0.0307 -0.04434
-0.03911 -0.0094 -0.03506
0.0 -0.04582 -0.07364
0.01796 0.0256 -0.05347
0.01791 0.0219 -0.06996
-0.0228 -0.00042 -0.04406
0.02198 -0.0448 -0.09175
-0.0228 -0.01301 -0.04177
-0.03352 -0.0455 -0.13005
-0.0281 -0.01712 -0.02965
-0.0281 0.00768 -0.03414
-0.02134 -0.0532 -0.12802
0.02804 0.0149 -0.06756
0.0164 -0.0285 -0.03246
0.0 -0.02143 0.0066
-0.03583 -0.0373 -0.09582
-0.0274 0.01535 -0.02374
-0.01535 -0.0495 -0.09244
0.0215 0.01358 -0.00157
-0.01166 -0.0534 -0.10993
0.0281 -0.01712 -0.02965
-0.0048 0.02519 -0.03731
-0.01182 0.0007 -0.13967
0.00914 0.0024 -0.13502
0.0215 0.01869 -0.03339
-0.0215 -0.02399 -0.00757
-0.0228 0.00771 0.00081
0.0059 -0.03486 -0.01708
0.02866 -0.0399 -0.12998
0.03239 0.0062 -0.06972
0.0304 -0.00041 -0.00808
-0.01425 0.0145 -0.10161
0.0045 -0.03524 -0.01915
-0.01202 -0.0541 -0.12897
-0.0183 -0.02961 -0.0156
0.0116 -0.03342 -0.01978
0.01672 0.0102 -0.10733
0.00957 0.0006 -0.13847
0.00844 -0.0473 -0.06955
-0.01658 0.0002 -0.13958
-0.0045 -0.03363 -0.0103
-0.0059 -0.03486 -0.01708
-0.00962 -0.0487 -0.08013
-0.02839 -0.039 -0.07045
0.0048 -0.03463 -0.02648
-0.00295 0.0149 -0.10201
-0.0304 -0.00041 -0.00808
0.02257 -0.0353 -0.04061
-0.02858 0.01358 -0.02342
0.007 -0.0497 -0.08414
-0.0402 -0.0288 -0.11407
0.03063 -0.0374 -0.11246
-0.0281 0.01181 -0.01131
0.0105 -0.02517 -0.04211
0.0 -0.03558 -0.02102
-0.02333 -0.02561 -0.01632
0.00342 -0.0388 -0.02339
0.0116 0.02812 -0.02118
0.0 -0.03481 -0.02746
0.00854 0.01802 -0.0852
-0.03637 -0.0307 -0.07161
0.0101 0.0299 -0.0493
0.03454 -0.0181 -0.08052
-0.00272 0.0132 -0.10721
-0.01635 -0.0546 -0.12553
-0.0274 -0.02066 -0.01722
0.0281 0.01181 -0.01131
0.0304 0.00975 -0.02273
0.0126 -0.03257 -0.01506
0.0 -0.01335 -0.07952
0.0 0.02982 -0.02636
-0.02941 -0.0386 -0.07076
-0.03597 -0.0195 -0.02525
-0.03744 -0.0089 -0.12681
0.0215 -0.02717 -0.02508
0.0123 0.00897 0.0078
-0.0116 -0.02006 -0.04588
-0.01434 0.0161 -0.09656
-0.02333 0.0005 -0.1383
-0.03767 -0.0078 -0.02685
-0.03987 -0.0223 -0.08787
0.0129 -0.02731 -0.0029
-0.03508 -0.0125 -0.13749
-0.0123 -0.01428 -0.04876
-4e-05 0.0309 -0.04971
-0.0264 -0.0487 -0.10899
-0.0281 -0.01298 -0.00682
-0.00485 -0.0555 -0.12524
-0.033 -0.00265 -0.02048
-0.0064 -0.03444 -0.01472
0.0299 -0.01114 -0.03144
0.0165 0.01477 -0.08461
-0.0116 0.01475 0.00492
-0.0089 -0.02175 0.00483
0.0233 0.0015 0.00245
0.00556 -0.0508 -0.09056
-0.0164 -0.0285 -0.03246
0.0 -0.03032 -0.00266
-0.01208 -0.0551 -0.12758
-0.0233 -0.00681 -0.04341
0.0169 0.02556 -0.01848
0.0094 -0.0009 -0.13906
0.0309 -0.0341 -0.09358
0.03353 -0.0153 -0.06753
-0.03104 -0.0249 -0.02311
0.0024 -0.03338 -0.00892
0.0116 -0.02006 -0.04588
0.0169 0.02306 -0.03225
0.02333 0.00961 -0.08368
-0.0165 -0.03077 -0.01539
-0.02283 -0.0316 -0.02128
-0.02943 -0.0281 -0.02342
0.00894 -0.052 -0.12937
-0.0045 0.02833 -0.03067
-0.03188 -0.02175 -0.078
-0.02383 0.0014 -0.13621
0.0 -0.01578 0.00974
-0.0253 -0.02253 -0.02755
0.0089 0.01644 -0.04579
-0.0045 0.02993 -0.02181
0.0165 0.0232 -0.0085
-0.0116 -0.03171 -0.01034
0.0228 -0.00489 0.0031
0.01647 -0.0023 -0.13871
0.01729 0.0176 -0.0841
-0.0046 -0.055 -0.11878
0.0215 0.02186 -0.01588
-0.00949 -0.0498 -0.08698
0.0 0.01612 -0.04756
-0.0299 -0.00676 -0.00724
-0.0228 -0.00489 0.0031
-0.0024 0.02808 -0.03204
-0.0024 -0.03549 -0.02053
-0.02337 -0.035 -0.03015
0.03326 -0.0063 -0.10457
-0.02864 0.0078 -0.10596
-0.0233 -0.02558 -0.01633
-0.0323 0.00364 -0.02162
-0.02447 0.0249 -0.03644
-0.03039 -0.027 -0.02363
-0.0169 -0.02837 -0.00871
0.0304 -0.01505 -0.01823
0.00854 0.02871 -0.02616
-0.00854 -0.03402 -0.0148
0.0 -0.00319 0.01244
0.0064 0.02913 -0.02624
0.02676 0.0005 -0.11957
-0.0314 -0.0263 -0.02382
-0.00488 0.0006 -0.13953
-0.01149 0.0304 -0.04773
-0.01221 0.0043 -0.13352
0.0045 0.02993 -0.02181
0.03379 -0.0012 -0.08329
-0.02468 0.0036 -0.12916
0.00872 0.0202 -0.08287
-0.0116 -0.03342 -0.01978
0.0164 0.01735 -0.04077
-0.0304 -0.01505 -0.01823
0.0116 -0.03171 -0.01034
-0.0123 0.00897 0.0078
0.0274 0.01535 -0.02374
0.0165 -0.04147 -0.07443
0.0024 0.03018 -0.02043
0.0116 0.01475 0.00492
0.0126 0.02726 -0.0259
0.025 -0.0068 -0.13785
-0.0089 -0.02941 -0.03748
0.0194 -0.0172 0.00187
-0.00318 0.0167 -0.09683
-0.02369 -0.0454 -0.08704
-0.01752 -0.0503 -0.0988
0.0045 0.02833 -0.03067
-0.00426 0.0042 -0.13395
-0.01613 -0.05 -0.09816
0.03113 -0.0155 -0.13516
0.01784 0.0262 -0.05449
0.0 0.00433 -0.05264
-0.04002 -0.0251 -0.09907
0.00946 0.0069 -0.12273
0.00875 0.0121 -0.10715
-0.03102 0.0022 -0.12089
0.0281 0.00768 -0.03414
0.0 0.01516 0.00719
0.0048 -0.0305 -0.00365
0.0 -0.00211 -0.0534
-0.033 -0.01335 -0.07952
0.02236 -0.0437 -0.08602
-0.00485 0.0018 -0.13887
0.0059 0.02956 -0.02388
-0.03914 -0.0336 -0.13257
0.0194 0.01881 -0.00465
0.02105 -0.0494 -0.12555
-0.0116 -0.01004 0.00942
-0.0215 -0.01122 0.00292
0.02641 -0.0044 -0.13403
0.03354 -0.0038 -0.09388
-0.0299 0.00584 -0.00952
-0.0059 0.02956 -0.02388
0.02333 -0.02561 -0.01632
-0.02849 -0.0036 -0.13894
-0.0194 0.01881 -0.00465
-0.01692 -0.0538 -0.11819
0.0323 0.00364 -0.02162
0.0215 0.00591 -0.04388
-0.00964 -0.0465 -0.067
-0.0215 0.02186 -0.01588
-0.00918 -0.0357 -0.02093
0.0299 -0.00676 -0.00724
-0.00854 0.02871 -0.02616
0.0126 0.00277 0.00943
-0.03018 -0.0259 -0.02294
0.01715 0.0007 -0.13509
0.0165 -0.02266 -0.00019
-0.0165 0.01477 -0.08461
-0.01336 0.0087 -0.12072
0.02858 -0.02958 -0.07658
-0.02333 0.02031 -0.02464
0.02763 0.0149 -0.06547
-0.03188 -0.01106 -0.01896
0.01692 0.0121 -0.1014
0.0 -0.02635 0.00241
-0.03608 -0.0342 -0.0846
0.007 -0.0266 0.00103
0.007 0.0213 -0.04199
-0.03022 0.0095 -0.09405
0.033 -0.00265 -0.02048
-0.0165 0.0232 -0.0085
0.03289 -0.0101 -0.11846
-0.0366 -0.0212 -0.03281
0.00979 0.0296 -0.05215
-0.0089 -0.03415 -0.02382
-0.03538 -0.0414 -0.11093
0.02272 -0.0417 -0.07465
0.0194 -0.02412 -0.03631
-0.00936 -0.0509 -0.09383
-0.01803 0.0058 -0.12721
-0.0105 0.01986 0.00115
-0.0323 -0.00895 -0.01934
0.02042 -0.0491 -0.12857
-0.03731 -0.0033 -0.10333
0.0 0.00321 0.01189
0.0089 -0.02175 0.00483
-0.0048 0.02933 -0.01448
-0.02726 -0.0399 -0.0698
-0.00838 -0.0398 -0.02906
-0.00248 -0.055 -0.11891
-0.0123 -0.00168 -0.05104
-0.0126 0.02726 -0.0259
-0.03749 -0.0069 -0.11873
0.02858 -0.01889 -0.01754
0.0 -0.03503 -0.01462
-0.0165 0.02547 -0.02557
-0.02626 -0.0506 -0.11874
-0.0116 0.0264 -0.03062
0.0089 -0.02941 -0.03748
-0.0129 0.02661 -0.01267
-0.0228 -0.0011 -0.13936
0.0253 0.01348 -0.03407
-0.02953 0.022 -0.03575
-0.02221 -0.0506 -0.10861
-0.00227 -0.0539 -0.11063
0.0183 0.02431 -0.02536
0.03188 -0.02175 -0.078
-0.02986 -0.0017 -0.13595
0.03117 -0.031 -0.07724
-0.0215 -0.01888 -0.03939
-0.02333 -0.03631 -0.07536
-0.04005 -0.0313 -0.12291
0.00854 -0.03402 -0.0148
0.01023 0.0293 -0.04825
-0.02206 -0.0523 -0.11822
-0.03793 -0.0334 -0.13364
0.0183 -0.02961 -0.0156
-0.0248 -0.045 -0.08743
0.0281 -0.01298 -0.00682
0.02737 0.0058 -0.10079
-0.03974 -0.0333 -0.13033
-0.01415 0.013 -0.10666
0.0329 -0.00265 -0.02048
0.0126 -0.00807 -0.05039
0.0116 -0.01004 0.00942
-0.0215 0.01869 -0.03339
0.007 0.02732 -0.00874
-0.0105 0.01084 -0.04864
-0.02621 0.0091 -0.1058
-0.0194 -0.02412 -0.03631
0.0215 -0.02399 -0.00757
-0.0304 0.00975 -0.02273
0.0 0.02757 -0.00736
-0.0089 0.02411 -0.00348
0.0299 0.00584 -0.00952
0.0105 0.01986 0.00115
-0.02012 -0.0478 -0.0919
0.03425 -0.0228 -0.10186
0.0228 -0.00042 -0.04406
0.0 -0.02973 -0.03925
0.03192 -0.014 -0.13227
0.007 -0.03263 -0.03223
-0.0126 0.00277 0.00943
0.0 -0.02554 -0.04418
-0.0215 0.00591 -0.04388
0.01167 -0.0526 -0.1118
0.02202 -0.0367 -0.04094
0.0233 -0.02558 -0.01633
-0.0215 0.01358 -0.00157
-0.0165 -0.04147 -0.07443
0.0 0.02501 -0.0383
-0.03717 -0.0108 -0.13393
-0.01204 0.005 -0.1314
-0.026 -0.0431 -0.08176
0.0169 -0.02837 -0.00871
-0.0194 0.0119 -0.04283
0.00953 -0.0534 -0.12829
-0.01212 -0.0553 -0.12514
-0.0126 -0.03257 -0.01506
-0.007 0.0213 -0.04199
0.0233 0.02027 -0.02463
0.02858 0.00289 -0.08246
-0.01368 0.0257 -0.06494
-0.00446 -0.0529 -0.10452
0.02555 -0.0363 -0.05698
-0.00442 -0.0539 -0.11043
-0.0209 -0.0523 -0.1294
-0.01201 -0.0547 -0.11853
0.02163 -0.0459 -0.09746
0.00871 0.0157 -0.09642
-0.0366 -0.0262 -0.05387
0.0253 -0.01879 -0.00689
-0.0164 0.01735 -0.04077
-0.0129 -0.02731 -0.0029
-0.03264 -0.0451 -0.13115
-0.03637 -0.0117 -0.13676
-0.03004 0.0072 -0.10459
-0.0215 -0.02717 -0.02508
-0.00491 -0.0552 -0.12745
-0.03073 0.0002 -0.12885
0.03441 -0.0157 -0.06926
0.03188 -0.01106 -0.01896
0.00055 0.0315 -0.04532
0.03188 0.00575 -0.022
0.03029 -0.0289 -0.13349
-0.0086 0.0301 -0.04137
-0.0089 -0.03098 -0.0063
0.0116 0.0264 -0.03062
0.0 0.01047 -0.0507
-0.03599 0.0123 -0.04008
0.033 -0.01335 -0.07952
-0.01788 0.0028 -0.13633
0.0024 0.02808 -0.03204
0.03176 -0.0288 -0.13221
0.0123 -0.00362 0.01008
-0.01441 0.0205 -0.08172
-0.02705 0.0197 -0.06303
-0.01775 -0.0487 -0.09216
0.01977 -0.0479 -0.12982
-0.02683 0.0118 -0.09448
0.0169 -0.03086 -0.02248
-0.0299 0.00145 -0.03372
0.0 -0.00852 -0.05285
-0.03514 0.0138 -0.03258
-0.01747 -0.0478 -0.08625
-0.02875 0.0212 -0.03506
-0.03774 0.0027 -0.0605
-0.01578 -0.0535 -0.12916
0.0253 0.01723 -0.01341
0.0228 0.00771 0.00081
-0.03417 -0.0453 -0.12757
0.0 -0.03512 -0.0146
-0.007 -0.03263 -0.03223
0.02191 -0.0477 -0.11091
-0.0126 -0.00807 -0.05039
-0.02645 0.0246 -0.04364
0.0089 -0.03415 -0.02382
0.00386 -0.0551 -0.12551
-0.03945 -0.015 -0.05671
-0.02982 -0.0299 -0.03112
-0.02127 -0.0474 -0.09237
-0.00517 -0.0543 -0.12899
0.0105 0.01084 -0.04864
-0.03707 -0.0007 -0.092
0.03301 0.0017 -0.06927
0.02987 -0.016 -0.13604
-0.0089 0.02567 -0.03466
-0.02304 0.0075 -0.11748
-0.0059 -0.03401 -0.01236
-0.00944 0.031 -0.04237
0.01712 0.014 -0.09547
-0.03523 0.01 -0.03069
-0.03157 -0.0327 -0.0522
0.00873 0.014 -0.10179
0.02624 -0.0346 -0.05501
0.03391 -0.0255 -0.11522
-0.00854 -0.04471 -0.07384
0.03085 -0.0351 -0.09891
0.0129 0.02661 -0.01267
-0.02248 -0.046 -0.08663
0.02858 0.01358 -0.02342
0.0 0.02799 -0.03254
0.0 -0.00963 0.01168
-0.0129 -0.03191 -0.02829
-0.03188 -0.00494 -0.08104
-0.02941 -0.0025 -0.13797
-0.03073 -0.029 -0.03145
0.02333 0.02031 -0.02464
0.0 -0.03329 -0.00843
0.00906 -0.0402 -0.02922
0.01021 -0.054 -0.12545
0.0 -0.03288 -0.0336
-0.02589 -0.0516 -0.126
-0.0024 -0.03338 -0.00892
0.0059 -0.03401 -0.01236
-0.0048 0.0032 -0.13596
-0.01138 -0.0521 -0.10254
-0.02858 -0.02958 -0.07658
0.03432 -0.0216 -0.09661
-0.03188 0.00575 -0.022
-0.0329 -0.00265 -0.02048
0.0 0.02024 0.00322
0.0089 0.02411 -0.00348
-0.01058 -0.0513 -0.1016
0.02603 -0.0057 -0.13696
-0.03107 0.0161 -0.0622
0.0024 -0.03549 -0.02053
0.0 0.02951 -0.0135
0.0304 -0.0049 -0.03288
-0.02555 -0.0516 -0.1284
-0.0253 0.01348 -0.03407
-0.02476 -0.0464 -0.09324
0.02723 0.0043 -0.1062
0.03339 -0.005 -0.09922
-0.0129 0.02201 -0.03806
0.0299 0.00145 -0.03372
0.03138 -0.0286 -0.06624
0.0 0.02972 -0.02634
0.02333 -0.03631 -0.07536
-0.0311 0.012 -0.07989
0.0274 -0.02066 -0.01722
0.0059 0.0287 -0.0286
0.0233 -0.00681 -0.04341
-0.02888 -0.0272 -0.02243
-0.0123 -0.00362 0.01008
-0.00266 -0.0551 -0.12734
-0.0169 0.02306 -0.03225
-0.02339 -0.0325 -0.02211
-0.0153 -0.0502 -0.09717
-0.0059 0.0287 -0.0286
-0.02731 0.015 -0.08064
-0.0089 0.02885 -0.01714
0.03095 -0.0278 -0.06399
-0.02538 0.0257 -0.03732
0.0 0.03027 -0.01994
-0.03495 -0.0437 -0.12006
-0.02707 -0.0426 -0.08206
-0.00295 0.0213 -0.08225
-0.01695 0.0019 -0.13848
-0.00257 -0.0554 -0.12551
-0.0116 0.00474 -0.05038
-0.00262 -0.054 -0.12908
-0.0169 0.02556 -0.01848
0.03439 -0.0204 -0.09137
-0.02495 -0.0508 -0.12977
-0.0233 0.0015 0.00245
-0.0304 -0.0049 -0.03288
0.01687 -0.0007 -0.13786
-0.02951 -0.0344 -0.05185
0.0194 0.0119 -0.04283
0.0048 0.02519 -0.03731
-0.02471 -0.0438 -0.08141
0.03263 -0.0284 -0.12919
0.02948 -0.0398 -0.12705
-0.03967 -0.0192 -0.07472
-0.02557 0.0064 -0.11821
-0.0105 -0.01615 0.00768
-0.0048 -0.0305 -0.00365
0.02746 -0.0395 -0.1313
-0.02248 -0.0473 -0.09286
-0.00222 0.0264 -0.06663
-0.03184 -0.0281 -0.0316
0.0 -0.01471 -0.05112
-0.03805 -0.0019 -0.07887
0.0228 -0.01301 -0.04177
-0.0253 -0.01879 -0.00689
-0.03048 0.0211 -0.04253
0.0045 -0.03363 -0.0103
0.02813 0.0135 -0.073
-0.01603 -0.0544 -0.12798
0.0089 -0.03098 -0.0063
0.0 -0.02047 -0.04815
0.0089 0.02567 -0.03466
-0.0024 0.03018 -0.02043
-0.0064 0.02913 -0.02624
0.0323 -0.00895 -0.01934
-0.00854 0.01802 -0.0852
-0.01929 0.0052 -0.12893
-0.02858 0.00289 -0.08246
-0.0165 -0.02266 -0.00019
0.0093 -0.044 -0.04992
-0.02165 -0.0431 -0.06803
0.00924 0.025 -0.06823
-0.02858 -0.01889 -0.01754
-0.03517 -0.0187 -0.02447
-0.02696 -0.0453 -0.09366
0.03377 0.0016 -0.07102
0.0165 0.02547 -0.02557
-0.0048 -0.03463 -0.02648
0.00854 -0.04471 -0.07384
-0.007 -0.0266 0.00103
0.0 0.02105 -0.04337
-0.02164 -0.0533 -0.12546
0.02362 -0.039 -0.06227
0.0215 -0.01122 0.00292
0.00414 -0.0519 -0.09695
0.0 0.0094 0.01016
-0.02333 0.00961 -0.08368
-0.03865 -0.0081 -0.02769
0.02775 0.0102 -0.08473
-0.0253 0.01723 -0.01341
-0.01234 0.0033 -0.13646
0.0123 -0.01428 -0.04876
0.0 0.01912 -0.0854
0.0129 0.02201 -0.03806
-0.0031 -0.0528 -0.10317
-0.0105 -0.02517 -0.04211
-0.007 0.02732 -0.00874
0.0 0.02443 -0.00171
-0.01959 -0.046 -0.08006
-0.0045 -0.03524 -0.01915
