2982
0.003537 0.068374 -0.055219
0.027789 0.070062 -0.279768
-0.055184 0.025567 0.012419
0.028718 0.068556 -0.267596
0.040448 0.067074 -0.31479
0.00308 0.06078 0.00495
0.015423 -0.065184 0.020998
0.031084 -0.031375 -0.275743
0.050438 0.037868 -0.118423
0.05742 0.026992 -0.156948
0.05978 -0.01222 -0.098262
0.061543 0.009838 -0.327083
0.056657 0.036311 -0.246048
-0.004896 0.070613 -0.086424
0.057494 0.025886 -0.352439
0.019643 0.063662 -0.06021
-0.05792 -0.0641 -0.03652
0.031963 -0.057745 -0.071315
0.05945 -0.0139 -0.11519
0.049977 -0.038837 -0.062939
0.05797 -0.015055 -0.167725
-0.06393 -0.007082 0.012447
0.02446 -0.065708 -0.019943
0.059154 -0.000674 -0.251384
0.026616 0.069639 -0.27136
0.004129 0.070949 -0.113532
0.043439 0.049915 -0.132899
0.058972 0.003638 -0.295547
0.033902 -0.030727 -0.269658
0.04718 0.0575 -0.29097
0.029698 -0.053537 -0.118242
0.03409 0.0697 -0.30009
0.017268 -0.066507 0.008569
0.032542 0.066085 -0.259438
-0.00703 0.071363 -0.100895
0.055429 0.026571 -0.357313
-0.06947 0.0211 -0.19166
0.05305 0.003783 -0.359683
0.00075 -0.0711 -0.04251
0.011958 -0.022881 0.012234
0.018752 -0.066175 0.007085
0.041594 -0.025892 -0.329078
0.033385 0.063461 -0.361314
0.042512 0.063084 -0.294893
0.042622 0.065613 -0.31813
0.049447 0.053285 -0.280263
0.016738 0.069495 -0.206456
0.04604 -0.01384 -0.355469
0.041235 0.045011 -0.064343
-0.047512 -0.067979 0.009134
0.018437 0.001305 0.012213
0.030785 -0.050206 -0.140729
0.016089 0.072673 -0.348425
0.05177 -0.0005 -0.35955
0.045621 -0.023833 -0.261123
0.036675 0.061751 -0.227148
0.032235 -0.053452 -0.106083
0.055157 0.013313 -0.070801
0.02152 -0.064474 0.013979
0.029537 0.073404 -0.323275
-0.004099 -0.072109 0.001787
0.058908 0.020772 -0.349094
0.04832 -0.041931 -0.060535
0.02567 0.061103 -0.080143
-0.07304 -0.0506 -0.06524
-0.04258 0.013536 0.012202
0.035908 0.068575 -0.298827
0.060169 0.00138 -0.233553
0.017634 0.065192 -0.078423
0.02714 0.0689 -0.35633
-0.045876 -0.011503 0.012221
0.000534 -0.068394 0.024111
0.046189 -0.021112 -0.334521
0.009768 0.066028 -0.038181
-0.063294 -0.01191 0.012449
0.050083 0.053804 -0.349183
-0.046396 0.035254 0.012411
0.034908 0.064298 -0.257878
0.057098 -0.022367 -0.120139
0.059789 0.003337 -0.255099
0.01178 -0.0547 -0.15297
0.037118 0.049622 -0.057906
-0.013313 0.066181 -0.01137
0.047578 0.037943 -0.082984
-0.01154 0.0708 -0.08787
0.056274 0.022756 -0.113002
0.055121 0.042922 -0.347838
0.062295 0.022663 -0.323413
0.046474 -0.01955 -0.341933
0.04099 -0.0104 -0.36663
-0.045538 -0.068032 0.012581
0.014508 0.074506 -0.332406
0.039031 0.067626 -0.309471
0.050276 -0.039241 -0.078804
0.008288 0.06825 -0.079418
0.029848 0.05853 -0.086359
0.024636 0.075025 -0.319339
0.051835 0.055117 -0.338345
-0.03108 -0.06672 0.00505
-0.0402 -0.0699 0.00897
0.050919 0.02764 -0.365334
0.040776 0.053223 -0.367523
0.060636 -0.007171 -0.132535
0.03503 0.068959 -0.297811
0.03672 0.068548 -0.303138
0.042838 0.044678 -0.370951
0.055509 0.009372 -0.067939
0.055787 0.03521 -0.185755
0.028344 -0.06231 0.002224
-0.033872 0.067922 -0.13358
0.018924 0.074734 -0.310232
0.028895 -0.049869 -0.151065
0.023798 -0.050873 -0.15856
0.041224 0.060617 -0.267751
0.013749 0.074031 -0.338097
0.045436 -0.016763 -0.351642
-0.036383 -0.066888 0.024124
0.052765 -0.01214 -0.295663
0.050538 0.009568 -0.365728
0.043327 0.065927 -0.33386
-0.008561 -0.068693 0.026791
0.0577 0.013305 -0.098215
0.030131 0.072575 -0.312398
0.018043 0.06223 -0.029682
0.041252 -0.026123 -0.270956
0.062087 0.023186 -0.328515
0.06012 -0.003395 -0.098614
0.042464 -0.016326 -0.357183
-0.01884 -0.0346 -0.2605
0.055878 -0.008411 -0.059109
0.052812 0.037464 -0.148017
0.057446 -0.002005 -0.339059
-0.064352 -0.002965 0.012505
-0.057499 -0.063026 0.012918
0.018409 0.072951 -0.286329
0.06047 0.005808 -0.2442
-0.005066 -0.071834 0.00744
0.04975 -0.02005 0.00501
0.013494 -0.035551 -0.284152
-0.00483 -0.0353 -0.28081
-0.00542 0.062205 0.005232
0.016936 -0.036931 -0.26493
0.057328 0.042231 -0.310124
-0.079175 -0.011549 0.005287
0.018711 0.065356 -0.092725
0.041777 -0.024484 -0.315813
0.03755 -0.0277 -0.28075
0.02341 -0.033 -0.29422
0.043306 0.044835 -0.081992
0.032696 -0.032563 -0.258849
0.0321 0.0681 -0.27581
0.042249 0.066705 -0.32888
0.019788 0.066623 -0.121148
0.046163 -0.018872 -0.345107
0.060777 0.013514 -0.24793
-0.04053 0.0519 -0.22662
0.022617 -0.057787 0.005347
0.05165 -0.036045 -0.092742
0.000524 -0.070063 0.016141
-0.00377 0.068861 -0.042938
0.05482 0.027 -0.11283
0.025025 0.058806 -0.041639
0.030495 -0.032878 -0.264282
-0.058556 -0.06365 0.007352
0.050167 0.00016 -0.362639
0.030465 0.072207 -0.338045
0.030658 0.061796 -0.138379
0.05185 -0.019647 -0.230574
0.023625 0.062961 -0.094386
-0.027697 0.067344 -0.044987
0.058939 -0.000954 -0.082528
0.048875 0.051427 -0.354935
-0.043499 -0.067875 0.015983
0.045881 0.062914 -0.340367
0.053308 0.043877 -0.242179
0.002899 0.044199 0.012406
0.044192 0.064973 -0.330421
-0.06067 -0.04964 0.00504
0.054823 0.041754 -0.272353
0.055238 -0.017105 -0.20272
-0.00619 0.0682 -0.02858
0.049718 -0.006586 -0.357903
0.058636 0.008913 -0.098425
0.00608 0.074074 -0.291425
0.053707 0.0431 -0.244478
0.053409 0.044662 -0.266008
0.05791 0.032591 -0.244673
0.046913 0.022199 -0.065529
0.032066 -0.032214 -0.264109
-0.038912 -0.06581 0.024714
0.023748 0.073285 -0.302857
0.05757 0.033063 -0.275121
0.04576 0.062047 -0.311623
0.037677 0.057971 -0.364992
0.057813 -0.022806 -0.090142
0.033629 -0.057583 -0.063926
0.025315 0.064393 -0.129752
0.060066 -0.005862 -0.184893
-0.002557 0.072186 -0.134005
0.061272 0.019319 -0.302078
-0.039176 0.040645 0.012468
0.012328 -0.068593 0.004072
0.046499 0.051642 -0.359371
0.010461 -0.063286 -0.095198
0.02021 -0.06479 0.015835
0.029326 0.046421 0.005081
0.052821 0.029728 -0.100497
0.007235 0.067033 -0.041694
0.03523 -0.05731 -0.056519
0.060322 0.006605 -0.251499
0.05917 -0.015513 -0.089895
0.041491 -0.039595 -0.167946
0.051276 -0.00698 -0.35396
0.056869 -0.022018 -0.129619
-0.04106 -0.0682 0.01735
-0.026521 0.027263 0.012191
0.024945 0.059451 -0.04726
0.020285 0.070121 -0.254673
-0.034634 0.06287 -0.00562
-0.015884 0.071499 -0.160956
0.041909 -0.028129 -0.251191
0.013375 0.074206 -0.335273
0.053389 0.052977 -0.319547
-0.073027 0.026147 0.005186
0.037157 -0.057015 -0.01488
0.040059 0.052307 -0.119329
0.04501 -0.021386 -0.339723
0.031928 -0.061329 -0.037465
0.024398 -0.053041 -0.141789
0.036102 0.057761 -0.137691
0.03843 0.0568 -0.36568
0.03637 0.069286 -0.343604
-0.001103 -0.061701 -0.117977
-0.038316 -0.069695 0.013679
0.059552 0.010988 -0.279654
0.05232 0.046096 -0.247161
-0.01866 0.0658 -0.26148
-0.006992 -0.070689 0.019956
0.053049 0.045881 -0.272184
0.026478 -0.06305 0.005709
-0.037335 -0.026299 0.012237
0.049356 -0.012895 -0.349617
0.008186 0.066323 -0.036477
0.019884 -0.050609 -0.168859
0.052341 -0.020263 -0.220258
0.046173 0.054328 -0.254385
0.060772 0.001166 -0.123284
0.036094 0.060231 -0.363567
0.037757 0.063308 -0.265452
0.041404 -0.045588 -0.114065
0.03687 -0.02801 -0.292432
0.019412 0.075559 -0.322153
0.033353 0.069289 -0.347896
0.059975 0.006471 -0.337685
0.046892 -0.041098 -0.103458
0.044897 0.039804 -0.068459
0.011072 -0.035565 -0.28682
0.037105 0.0598 -0.187635
0.037643 0.069476 -0.31985
0.061869 0.027519 -0.326756
-0.038756 -0.067665 0.020779
0.038764 0.050391 -0.080767
0.059803 0.017769 -0.276493
-0.017584 0.069533 -0.064578
0.057573 0.030685 -0.190176
0.05816 -0.0031 -0.32577
-0.003856 0.069081 -0.04891
0.054346 0.03386 -0.146147
0.026104 -0.064489 -0.013827
0.022812 -0.056899 -0.117026
0.031055 0.060789 -0.129032
0.021966 -0.066097 -0.04273
0.054154 0.044656 -0.283746
0.047407 -0.019636 -0.294693
0.03197 -0.0606 -0.00475
0.055016 0.021351 -0.091243
0.056038 -0.007837 -0.326213
0.039987 -0.044725 -0.134223
0.022822 0.069573 -0.25704
0.052769 0.052554 -0.310487
-0.016889 0.065519 -0.007709
0.060147 -0.006412 -0.098405
0.056882 0.040802 -0.298994
0.025383 -0.053297 -0.136629
0.053478 0.047541 -0.293756
0.018319 0.070615 -0.264599
-0.029941 -0.007195 0.008644
0.060255 0.004391 -0.314594
-0.015105 0.064856 -0.0047
-0.07116 -0.03603 -0.06497
0.043807 -0.024096 -0.271712
0.056415 -0.018554 -0.06192
0.05532 0.037183 -0.195743
0.030423 -0.025542 -0.35175
-0.05524 -0.064384 0.012687
0.02457 -0.0637 0.00919
0.025898 0.073178 -0.306992
0.058329 0.020652 -0.13814
0.014449 0.075013 -0.321465
-0.006068 0.064811 -0.00562
0.058387 0.001031 -0.077505
0.05445 0.026506 -0.105741
-0.010023 0.07015 -0.192617
0.027393 0.072099 -0.298174
-0.044605 -0.069061 0.0063
0.036815 -0.053358 -0.080444
-0.019642 -0.043979 0.012296
0.034766 0.066221 -0.269206
0.021693 0.061528 -0.047991
0.05458 0.036 -0.35491
-0.003213 0.069922 -0.074765
0.04316 -0.03603 -0.06497
-0.035147 0.059356 0.00516
0.045539 0.023676 -0.374771
0.031832 0.058799 -0.11239
0.055397 -0.00804 -0.30615
0.050671 -0.017335 -0.263685
-0.046396 -0.041182 0.012478
0.059771 0.014249 -0.277174
0.036557 -0.054013 -0.076614
0.050578 0.052465 -0.349796
0.047681 0.061385 -0.331248
-0.014 0.030035 0.012192
0.002641 -0.069357 0.01475
0.039656 -0.050626 -0.084811
0.017976 0.068602 -0.15127
0.05624 -0.005018 -0.33902
0.057593 0.038399 -0.343956
0.000213 0.069861 -0.080648
-0.003404 0.070703 -0.090764
0.052 -0.00297 0.005
-0.05826 0.0564 -0.10239
0.061133 0.008698 -0.313551
0.059751 0.00771 -0.268285
0.05319 0.030216 -0.107588
0.059618 -0.012662 -0.132661
0.061301 0.015275 -0.336775
0.009462 0.075477 -0.297888
0.055542 0.048057 -0.313609
0.028938 0.071311 -0.295406
-0.060825 -0.062204 0.007204
0.033921 0.066916 -0.271406
-0.003278 -0.067729 0.027665
0.05581 -0.0145 -0.05795
-0.03372 -0.065363 0.029051
0.009565 -0.04575 -0.21526
0.038955 -0.025954 -0.335861
0.06173 0.023842 -0.333486
0.059248 0.007039 -0.34274
0.052859 -0.011789 -0.28476
0.045578 -0.020508 -0.341704
-0.033803 -0.067099 0.025377
0.039718 -0.024654 -0.341914
0.041001 -0.041333 -0.156716
0.010016 0.066782 -0.050014
0.062396 0.01501 -0.030011
0.054172 0.017415 -0.071148
0.062086 0.014274 -0.326637
0.050112 0.037401 -0.111328
0.027395 -0.057851 -0.091775
0.000344 0.072165 -0.162803
0.044395 0.03273 -0.373987
-0.046056 -0.066757 0.01664
0.051052 0.046279 -0.216495
-0.04895 -0.068 0.00361
0.00904 -0.067302 0.017878
0.056759 0.042059 -0.342791
0.045657 0.041758 -0.086828
0.061125 -0.002504 -0.149794
0.030145 0.067032 -0.257857
0.05678 -0.0034 -0.28573
0.06106 0.01552 -0.233384
0.058594 0.028626 -0.276523
-0.06658 0.0495 -0.04992
0.021577 0.073303 -0.298731
0.059045 0.039361 -0.318349
0.041788 0.066423 -0.320118
0.057961 0.019559 -0.125662
0.060774 0.005205 -0.323671
0.054974 -0.008077 -0.296141
-0.011713 0.069146 -0.042328
0.060641 0.009897 -0.247896
-0.04035 -0.0363 -0.21527
0.060952 0.012709 -0.240643
0.060593 0.014317 -0.255213
0.061042 0.0062 -0.144106
-0.03114 -0.0673 -0.07675
0.042531 -0.024245 -0.304101
0.042873 0.047578 -0.105278
0.058668 0.028523 -0.268967
0.022257 0.073898 -0.30271
0.045187 -0.040689 -0.124916
0.028209 -0.031684 -0.312169
0.053465 0.013646 -0.06328
-0.006495 0.070477 -0.278876
0.042857 0.054468 -0.362589
-0.006733 0.068772 -0.221337
0.026718 0.070967 -0.285229
0.042224 0.063814 -0.348396
0.055173 -0.008366 -0.334498
0.023398 0.070415 -0.270942
-0.000344 -0.066695 0.02909
0.025696 -0.035481 -0.258212
-0.08 -0.00297 0.005
0.060331 -0.008381 -0.115069
0.040349 -0.051211 -0.074223
0.059884 0.010791 -0.126066
-0.0305 0.025616 0.012192
0.060243 0.029176 -0.341228
0.034793 -0.032022 -0.2551
0.052761 -0.010312 -0.343233
0.054907 0.00954 -0.065426
0.041723 -0.026459 -0.33064
-0.002048 -0.065843 0.031722
0.003808 0.068873 -0.070533
-0.08179 0.0258 -0.10461
0.03034 -0.0298 -0.33273
0.03112 -0.061922 -0.029186
0.05619 0.017147 -0.090933
0.046024 -0.040879 -0.114185
0.013614 0.074929 -0.300037
0.052377 0.035337 -0.01105
-0.06951 -0.0322 -0.15403
-0.05503 -0.0503 -0.1382
-0.055185 -0.031494 0.01247
0.0451 0.026184 0.005285
0.052957 -0.034866 -0.080373
0.040088 0.068071 -0.325916
0.038412 0.067329 -0.302169
0.056719 0.046942 -0.323071
0.015057 0.065141 -0.050216
0.042014 0.056694 -0.207493
-0.012473 0.068434 -0.028738
0.050255 -0.016004 -0.295185
0.05642 -0.026435 -0.101062
-0.01153 0.065503 -0.008362
0.020362 0.065914 -0.113817
0.010111 0.070723 -0.25936
0.017403 0.074806 -0.31035
0.055436 0.021864 -0.098327
0.045549 -0.044318 -0.089522
-0.05368 -0.064187 0.016274
-0.003918 -0.071529 0.010819
0.044626 0.060568 -0.350569
0.058826 0.028436 -0.261416
-0.014415 -0.066677 0.031137
0.012262 0.06489 -0.034681
-0.021136 0.065388 -0.007378
-0.00973 0.029473 0.012191
0.016211 0.074236 -0.334722
0.032803 -0.055874 -0.082782
0.058595 -0.005725 -0.226808
0.025171 0.071739 -0.287995
0.055601 -0.018165 -0.056054
-0.062607 -0.061268 0.005102
0.04987 0.0585 -0.32711
0.003118 -0.054225 -0.164583
0.030776 -0.032094 -0.270009
-0.03004 -0.0461 -0.20013
0.043833 0.055967 -0.240067
0.032663 0.072322 -0.324831
0.039182 0.068967 -0.32935
0.04208 -0.01445 -0.360409
0.033021 0.067529 -0.273606
-0.03275 0.0676 -0.15725
0.005046 0.068333 -0.061679
0.043406 -0.019141 -0.350873
0.025371 0.070379 -0.275787
0.02498 -0.057351 -0.105165
0.031478 0.063512 -0.189346
-0.03595 -0.0071 -0.24525
0.054266 0.051584 -0.319925
-0.014 -0.06897 0.00505
0.043982 -0.02765 -0.242736
0.013323 0.069966 -0.205259
0.046115 -0.021236 -0.3345
0.050231 -0.039044 -0.043091
0.029058 0.073356 -0.319224
0.058176 0.002732 -0.343119
0.05682 -0.005804 -0.330144
0.053706 0.051155 -0.310848
0.039499 -0.026491 -0.304107
0.038548 0.06834 -0.313046
0.014746 0.066117 -0.073863
0.048349 -0.006197 -0.360695
0.059777 -0.006701 -0.090234
0.048408 0.040625 -0.113152
-0.006698 -0.071168 0.016868
-0.012474 0.070312 -0.076209
-0.02403 -0.0658 -0.09134
-0.001202 0.068699 -0.045367
0.059494 -0.002202 -0.230187
-0.05613 0.0573 -0.12344
0.037486 0.066026 -0.283791
0.0286 -0.0581 -0.08508
0.056157 0.037103 -0.224915
0.053328 0.022325 -0.362415
0.038758 0.067924 -0.310768
0.023733 -0.06588 -0.035948
0.040739 0.06724 -0.319395
0.0233 0.060842 -0.050437
0.047404 0.049444 -0.18471
0.04064 0.049626 -0.097542
0.043165 -0.013006 -0.360935
0.052725 0.045757 -0.25794
0.031385 0.059717 -0.119706
0.050132 -0.025617 -0.206
-0.014663 -0.069481 0.025372
0.027185 -0.031494 0.01247
0.05754 -0.015277 -0.069675
0.047256 -0.019471 -0.338453
-0.00919 -0.0695 0.02471
-0.002447 0.064939 -0.007616
-0.02728 -0.07131 0.012045
0.011505 0.070625 -0.153052
0.040731 -0.039529 0.005244
0.059867 0.018884 -0.166562
0.058196 0.002544 -0.077614
-0.009751 0.068051 -0.024853
0.025963 0.06924 -0.265387
0.050254 -0.016402 -0.306092
0.043095 0.053181 -0.164835
0.056447 0.036725 -0.235482
0.00813 0.06719 -0.048468
0.061357 0.03112 -0.320025
0.059314 0.001714 -0.333636
-0.022541 0.02891 0.012191
0.05819 -0.0046 -0.24765
0.0493 0.043495 -0.14682
-0.022 -0.0707 0.01869
0.002654 0.068293 -0.048444
0.05904 0.040366 -0.332554
0.054623 -0.025439 -0.052263
0.052976 0.031867 -0.360239
0.037338 0.068489 -0.306439
-0.050559 -0.057701 0.005259
-0.0475 -0.0687 -0.00376
-0.005603 -0.067797 0.028265
0.01657 0.0646 -0.05193
0.061312 0.003885 -0.153135
-0.049416 -0.067715 0.005661
0.005447 0.068095 -0.05676
0.03267 0.04364 -0.06504
0.037449 0.053526 -0.104422
0.004555 -0.07073 0.002744
-0.0538 0.059 -0.07791
-0.02729 0.0665 -0.02603
0.031694 0.066784 -0.261637
0.035377 -0.024909 -0.349647
0.04316 -0.03597 0.00503
0.018438 -0.007234 0.012219
0.011156 0.057765 0.005232
0.058339 -0.00498 -0.240703
0.031374 0.017923 0.012132
0.0613 0.031813 -0.324983
-0.003737 0.072449 -0.148251
0.045425 -0.046269 -0.06688
0.015271 -0.0669 0.011345
0.049678 0.049058 -0.23108
0.060323 0.022105 -0.292386
0.060223 0.011875 -0.138544
0.022894 0.068744 -0.249424
0.053982 0.0417 -0.225313
0.010998 0.074347 -0.320666
0.054764 0.039112 -0.205735
0.051145 0.04053 -0.147412
-0.012509 -0.065716 0.032799
-0.016871 -0.07102 0.017415
0.05711 -0.022935 -0.073787
0.003112 0.074371 -0.318543
0.00832 -0.0711 -0.01091
0.04998 -0.009883 -0.352997
-0.045875 0.005576 0.01221
0.05116 0.028343 -0.074399
0.045325 -0.036252 -0.166331
0.045627 -0.023128 -0.266659
-0.04253 -0.044148 0.012481
-0.003687 0.068575 -0.036965
0.056602 -0.026846 -0.081813
0.029385 0.068946 -0.273578
0.06021 0.017854 -0.263217
0.036897 0.070148 -0.326395
0.009119 -0.06548 0.026558
0.06094 0.0083 -0.23333
0.015117 0.056057 0.00516
0.060148 0.007405 -0.258786
0.048035 0.027938 -0.36991
-0.001552 -0.068024 -0.071277
0.059703 -0.003695 -0.090453
0.042179 0.060962 -0.275241
0.03606 0.070589 -0.324365
0.054889 -0.00445 -0.34673
-0.049605 0.032641 0.012474
0.04717 0.0372 -0.07433
0.047855 -0.022637 -0.251276
0.038194 0.06095 -0.241816
0.021418 0.068422 -0.228543
0.05056 0.055863 -0.343164
0.029898 -0.034372 -0.254529
0.0327 -0.0294 -0.3301
0.053537 0.0307 -0.114679
0.061603 0.009479 -0.32261
0.060583 0.004302 -0.12294
0.01318 0.064057 -0.029479
0.04618 0.052228 -0.206684
0.034558 0.068602 -0.291736
0.042643 -0.024009 -0.293182
0.056845 0.035893 -0.256615
0.0603 0.0227 -0.23343
-0.031152 -0.066321 0.028411
0.051425 0.004453 -0.362769
0.022463 0.070792 -0.272684
-0.00728 -0.0323 -0.2901
0.044989 0.061706 -0.302594
0.011859 0.070895 -0.254854
0.032305 0.057912 -0.105074
0.00756 0.0747 -0.31301
0.039906 0.061237 -0.263948
0.00505 -0.0327 -0.30867
0.03023 -0.0337 -0.25856
0.00275 0.0206 -0.33044
-0.040825 -0.070121 0.004499
-0.00996 0.0683 -0.22307
0.007795 0.069053 -0.09409
0.050664 0.04407 -0.357586
0.022947 0.07212 -0.346922
0.054602 0.035382 -0.161887
-0.025701 -0.014617 0.008566
0.046713 -0.020926 -0.331002
0.047246 0.033455 -0.064084
0.03548 -0.046373 0.005248
-0.01153 0.067214 -0.0181
0.058562 -0.006622 -0.076179
0.015324 -0.068014 0.001113
0.048221 -0.031584 -0.179012
0.050262 -0.035838 -0.114258
0.048614 0.0343 -0.074339
0.015409 0.070889 -0.256075
0.055212 0.008044 -0.065299
0.055813 0.007765 -0.355415
0.04523 0.006503 -0.372501
0.01381 -0.0336 -0.30496
0.051676 0.001326 0.005208
0.048253 -0.01265 -0.352802
0.001935 0.068564 -0.053522
0.05914 -0.004 -0.0823
0.01121 0.066723 -0.056638
0.053594 0.042485 -0.223009
0.047924 0.060368 -0.319359
0.006493 -0.071514 -0.018821
0.05215 0.0285 -0.086252
0.04918 -0.035273 -0.134488
0.060385 0.020827 -0.250221
0.060982 -0.001151 -0.132314
0.025958 -0.034643 -0.263933
0.011297 0.07344 -0.344676
0.029443 0.022117 0.011613
0.059377 0.016285 -0.138338
-0.001922 0.06894 -0.050447
0.059595 0.007197 -0.295452
0.013087 0.070857 -0.259848
0.044843 -0.019075 -0.34802
-0.08328 -0.0351 -0.02798
-0.045918 -0.067483 0.014598
0.010586 -0.04686 0.012333
0.045009 -0.01532 -0.354979
0.042357 0.066776 -0.337345
0.009335 -0.026299 0.012237
0.053933 0.039857 -0.353876
0.051467 0.040242 -0.358674
0.044622 0.039533 -0.065867
-0.01052 0.072309 -0.14359
0.05861 0.003611 -0.285559
0.026777 0.025888 0.012124
0.053502 -0.012366 -0.32665
0.059625 0.001003 -0.324722
0.030444 -0.061742 -0.044889
0.05035 0.0253 -0.06451
0.011127 -0.067232 0.015759
0.042081 -0.048087 -0.087897
0.032803 0.068903 -0.286421
-0.026517 -0.033189 0.012443
0.023979 -0.064736 -0.000763
0.031816 0.056354 -0.07211
0.034 -0.02495 -0.25
0.043706 0.050983 -0.146161
0.034636 -0.015993 0.012512
0.039882 0.066851 -0.307481
0.060056 0.02111 -0.260722
0.048014 0.057882 -0.299989
0.046835 -0.005725 -0.363398
0.01355 0.0692 -0.12193
-0.035705 -0.070407 0.012038
0.002644 0.066458 -0.023943
-0.043117 0.056057 0.00516
-0.023577 0.064437 -0.004039
0.05466 0.0425 -0.27714
0.03916 0.06284 -0.269262
0.046735 -0.028125 0.005302
0.05664 -0.02167 -0.139098
-0.011205 0.071474 -0.106438
0.03238 0.072449 -0.33031
0.052775 0.04769 -0.284561
0.007147 0.059356 0.00516
0.04573 0.0191 -0.37493
0.011608 0.064384 -0.027771
0.042179 -0.030345 -0.233296
-0.07174 0.0439 -0.10198
-0.0597 -0.022 -0.20092
0.038196 0.069791 -0.332808
0.039608 0.067507 -0.312778
0.060512 0.02038 -0.245459
0.03528 -0.0494 -0.12459
0.052121 -0.03403 -0.056641
0.045633 -0.011928 -0.358689
0.022484 -0.064889 -0.052903
-0.03866 -0.0539 -0.15232
0.047311 -0.043424 -0.077223
-0.004326 -0.069165 0.024485
0.038764 0.065826 -0.291096
0.060058 0.001747 -0.240492
-0.06695 -0.0581 0.00478
0.05939 0.024676 -0.267587
0.015423 0.062921 -0.026077
0.040183 0.067385 -0.316085
0.028317 0.06017 -0.09606
0.056047 0.048902 -0.329773
0.059022 -0.013008 -0.081664
0.060152 0.034161 -0.311752
-0.036301 -0.067822 0.022159
0.046482 0.036946 -0.368905
0.051943 0.028591 -0.083741
0.057401 0.008335 -0.080698
0.054339 0.042427 -0.260812
0.034665 -0.033925 -0.242142
0.012023 0.07425 -0.291433
-0.014 0.06303 0.00495
-0.079676 0.001326 0.005208
0.051964 0.052019 -0.301451
0.045047 -0.004988 -0.366373
0.01047 0.0709 -0.25747
-0.013603 0.070657 -0.085705
0.031656 -0.05572 -0.089492
-0.04955 0.0598 -0.03165
0.016777 0.073643 -0.341169
0.061339 0.002444 -0.170593
0.050317 -0.013047 -0.346381
-0.029122 0.065222 -0.013086
-0.08523 0.0216 -0.05908
0.05049 0.05719 -0.318431
-0.06348 0.040433 0.005173
0.0541 0.021151 -0.079076
-0.009883 0.046966 0.012407
-0.017931 0.068618 -0.036548
0.06054 0.0158 -0.3418
0.055127 0.03131 -0.356165
0.058112 -0.002806 -0.330214
-0.016889 0.067294 -0.017447
0.011593 0.066414 -0.051717
0.051352 -0.019041 -0.240886
0.049014 0.058533 -0.342133
-0.06067 0.04364 -0.06504
0.035757 -0.053305 -0.087178
0.044555 0.059761 -0.284943
0.028641 -0.038771 -0.227991
0.04909 0.035076 -0.082991
0.031043 -0.042797 -0.194477
-0.000615 -0.070526 0.012792
0.017073 0.074782 -0.330263
0.048387 0.000883 -0.365614
0.059575 0.016083 -0.34627
0.051667 -0.014858 -0.331006
-0.012553 -0.035965 0.012081
0.05762 0.0081 -0.08327
0.050668 -0.018033 -0.258147
0.029366 -0.055409 -0.102916
0.02359 0.074805 -0.310968
0.058318 -3.6e-05 -0.2704
-0.018674 0.066134 -0.010729
0.006232 0.074225 -0.324968
0.036674 -0.056848 -0.049096
0.032054 -0.033959 -0.250796
0.05284 -0.02171 -0.202837
0.03757 -0.056673 -0.023745
0.047906 -0.019272 -0.334951
0.015287 0.065487 -0.060883
-0.04527 -0.0399 -0.19608
-0.04454 -0.0272 -0.22419
0.05097 0.048492 -0.252705
0.056433 0.039488 -0.286606
0.027316 -0.053731 -0.126304
0.003361 0.067946 -0.04337
0.050254 0.028363 -0.06941
0.02093 0.0705 -0.26698
0.049724 0.047837 -0.356446
0.053549 -0.013057 -0.26021
0.017876 -0.011503 0.012221
0.04123 0.045542 -0.067043
0.037293 -0.031794 -0.246417
0.04828 0.056065 -0.291322
0.049946 0.031346 -0.074361
0.04838 -0.023274 -0.240962
0.030666 0.072754 -0.316445
0.060695 0.004647 -0.229974
0.060444 -0.000944 -0.205698
0.056737 -0.014891 -0.063803
0.023544 0.070545 -0.353767
-0.021384 0.063739 -0.001401
0.056866 0.007509 -0.072876
0.020596 -0.064811 -0.059655
-0.014 0.047388 0.012467
0.052437 0.029229 -0.09341
0.027048 -0.061979 -0.05967
0.031745 -0.034684 -0.246772
0.0509 -0.018464 -0.251203
0.052998 -0.029888 -0.134561
0.037859 -0.054332 -0.065377
0.034 -0.02495 -0.35
0.061117 0.012601 -0.180963
0.057962 0.043915 -0.331357
-0.03662 0.0544 -0.23386
0.055731 0.045827 -0.341618
0.05948 0.007544 -0.274015
-0.014 -0.06903 -0.06495
0.037115 0.067443 -0.29507
0.055645 -0.004518 -0.34341
-0.049105 -0.064881 0.01923
0.014762 0.072322 -0.279048
0.027031 0.059305 -0.058825
-0.039175 -0.046572 0.012543
-0.003612 0.06817 -0.030999
0.01594 -0.066786 0.010421
0.037601 -0.049015 -0.112367
0.013349 0.070876 -0.26419
0.057634 0.028498 -0.172691
0.035876 0.07093 -0.329834
0.05195 0.0486 -0.27877
0.009839 -0.039519 -0.255331
0.029352 0.067334 -0.358089
0.05427 0.0097 -0.06292
0.03976 -0.0285 -0.25964
0.048922 -0.016438 -0.34255
0.05682 -0.0015 -0.34344
-0.051717 -0.064513 0.017813
0.044328 -0.048282 -0.049294
0.049436 0.051983 -0.268387
0.016191 0.071954 -0.276184
0.043202 -0.004216 -0.369304
-0.02373 -0.0394 -0.23675
-0.028264 0.069411 -0.134819
0.034848 -0.035109 -0.233207
-0.062635 0.010067 0.012496
0.047312 -0.020329 -0.316557
0.003428 0.071436 -0.123921
0.034504 0.054686 -0.083549
0.023594 0.072399 -0.290775
0.044557 0.03896 -0.063181
0.059384 -0.014996 -0.098327
-0.001117 0.06842 -0.039394
0.061687 0.01303 -0.312497
0.020598 -0.065834 0.0042
0.003746 -0.068745 0.018078
0.052878 0.054233 -0.333496
0.022067 -0.065381 0.002715
0.051885 0.054139 -0.310117
-0.0311 -0.0654 0.03022
0.054035 0.013669 -0.065749
0.060578 0.020557 -0.215947
0.011654 -0.068705 0.004994
0.050464 -0.015216 -0.33924
0.055757 0.016631 -0.08385
0.036406 -0.057742 -0.029239
0.026025 0.072371 -0.342714
0.06063 -0.0028 -0.11495
0.056515 0.036715 -0.268954
0.033286 0.069266 -0.292495
0.03936 0.0471 -0.06088
0.056561 -0.02032 -0.156566
0.012357 0.07466 -0.308705
0.022089 0.07514 -0.311097
-0.014 -0.00303 -0.065
0.002544 -0.068889 -0.060035
0.021199 0.03303 0.012418
0.008037 -0.066632 0.023295
0.051856 0.048119 -0.270294
0.047714 0.038277 -0.087316
0.044799 -0.040206 -0.13437
0.03697 -0.0158 -0.36279
0.021455 0.0608 -0.035341
0.060256 -0.007175 -0.167458
-0.05727 0.0127 -0.22231
0.049353 0.036677 -0.364338
0.059674 0.002886 -0.097925
0.051368 0.050768 -0.289001
-0.0195 0.0664 -0.22217
0.042981 0.041767 -0.062403
0.060301 0.024832 -0.342962
0.048715 0.031073 -0.066789
0.025641 0.059658 -0.052983
0.05332 -0.0303 -0.12509
-0.001403 0.071761 -0.119773
0.05532 0.045 -0.30193
0.024768 0.061282 -0.067327
0.039625 -0.035438 -0.210273
0.056953 -0.010974 -0.220013
-0.014 0.06297 -0.06505
0.051119 0.032653 -0.095197
0.039241 0.066525 -0.300182
0.054353 0.051531 -0.334531
0.053145 0.044989 -0.260238
0.00116 0.0649 -0.00964
-0.052218 0.029432 0.012416
0.011176 0.040645 0.012468
0.046031 0.058038 -0.351895
0.054615 0.013496 -0.068268
-0.00652 0.0693 -0.05246
0.006807 -0.071339 -0.009443
0.022243 0.073278 -0.299674
-0.059327 -0.062307 0.01121
0.053071 0.052524 -0.339634
-0.076326 -0.024116 0.005225
0.025094 -0.060779 -0.076952
0.038485 0.069047 -0.321866
0.049532 -0.035713 -0.125023
-0.02495 -0.0093 -0.26318
0.040085 0.063629 -0.280258
0.041236 0.04608 -0.069753
0.048501 0.023385 -0.37024
-0.033917 -0.028922 0.012239
0.044975 0.058859 -0.281252
0.05934 0.0249 -0.2827
-0.08095 0.0267 -0.11127
0.056246 0.03664 -0.220155
0.027979 -0.034632 -0.258391
0.005795 -0.062547 -0.106278
0.047537 0.061 -0.340777
0.044978 -0.023667 -0.328599
0.058301 -0.015916 -0.153353
-0.03922 0.0485 -0.23692
-0.07252 -0.0541 -0.03864
0.04419 0.064898 -0.338879
0.053462 0.043188 -0.232593
0.01409 0.0632 -0.02428
0.046513 -0.015292 -0.35215
0.057467 -0.007491 -0.067625
0.02085 -0.032396 -0.324508
0.049695 -0.015354 -0.342742
-0.063435 -0.060027 0.00898
-0.031854 -0.071117 0.010217
0.008427 -0.058185 -0.133784
0.020458 0.070656 -0.267852
0.013349 -0.065254 0.023106
-0.0859 -0.01 -0.10115
-0.04699 -0.0499 -0.15751
-0.08605 -0.0229 -0.066
0.028763 -0.063168 -0.016941
0.037598 0.065714 -0.351274
0.015416 0.069746 -0.185541
0.0414 0.0519 -0.36805
0.060921 0.002691 -0.209063
0.016611 -0.066661 0.009495
0.057939 -0.003104 -0.07127
0.034987 0.069354 -0.301102
0.020233 0.074083 -0.335605
-0.007833 0.072303 -0.1337
0.0074 0.042336 0.012407
-0.030499 -0.031544 0.012241
0.050677 0.018047 -0.367225
0.046324 0.03638 -0.066559
0.042201 -0.007382 -0.368051
-0.004277 0.065853 -0.012339
0.047002 0.060213 -0.345966
0.02786 -0.0289 -0.34379
0.02314 0.069753 -0.26319
-0.028245 0.005289 0.008766
0.059499 -0.012724 -0.08983
-0.023575 -0.066531 0.03016
0.025657 0.073834 -0.332007
0.04761 -0.019992 -0.331224
0.035293 0.066858 -0.278693
0.017894 0.075556 -0.322252
0.052259 0.051918 -0.345067
0.06061 0.0331 -0.33489
-0.02045 0.0666 -0.01378
0.045468 -0.046958 -0.040546
0.045774 0.057011 -0.273869
0.03218 -0.060819 -0.01422
-0.02944 0.0577 -0.25209
0.055229 -0.021824 -0.054172
0.00062 0.0529 -0.32738
-0.049864 -0.067377 0.007709
0.061397 0.007782 -0.194964
-0.07116 0.02997 -0.06503
0.026785 0.06181 -0.105761
0.043171 0.048846 -0.119636
0.061311 0.011175 -0.19842
0.05113 0.04946 -0.269654
0.019048 -0.063589 -0.074414
0.054081 0.026011 -0.098653
-0.047 -0.06019 -0.06495
0.054823 -0.007959 -0.338934
0.038034 -0.027792 -0.275462
0.059572 0.001308 -0.329173
0.039731 0.055615 -0.151253
0.022774 -0.064161 0.012086
0.06075 -0.006336 -0.141222
-0.043629 -0.067119 0.018016
0.041585 -0.012476 -0.363562
0.054393 -0.015141 -0.230463
0.05626 0.012843 -0.078411
0.057725 0.004286 -0.07518
-0.042531 0.038221 0.012409
-0.07449 -0.0283 -0.14249
0.032774 0.071135 -0.341056
-0.000717 0.068993 -0.057064
0.048106 0.010111 -0.369603
0.049424 0.058434 -0.318055
0.044622 -0.024353 -0.332481
0.042308 0.066233 -0.323431
0.057265 0.007446 -0.351036
0.058745 0.037845 -0.308457
0.061229 0.007267 -0.156591
0.034427 -0.059393 -0.026458
0.039386 0.063778 -0.352799
-0.007295 -0.069977 0.022976
-0.07775 -0.02011 -0.06499
-0.005404 -0.070356 0.021215
-0.037922 0.064044 -0.02916
0.02975 0.071049 -0.345349
0.059786 0.026279 -0.290794
0.057273 0.002867 -0.347265
0.033107 -0.049914 -0.132665
-0.054019 0.049185 0.005237
0.04462 -0.0214 -0.34146
-0.01885 -0.0367 -0.2539
0.025737 0.063425 -0.120408
0.053979 -0.023648 -0.174134
0.056902 0.016685 -0.355013
0.021454 0.062597 -0.057003
-0.005962 0.069583 -0.062204
-0.01469 -0.0489 -0.20027
0.058728 -0.018659 -0.09846
0.05951 -0.000549 -0.090105
0.034199 0.055229 -0.088064
-0.03814 0.0648 -0.04585
0.010811 0.066984 -0.061558
-0.019217 -0.067377 0.029345
-0.068731 0.033589 0.005178
0.053825 0.040332 -0.195132
0.045174 0.040076 -0.071062
0.05526 0.039982 -0.247424
0.053558 0.052967 -0.334149
0.05711 0.041452 -0.305185
0.03737 -0.0426 -0.16952
0.035896 -0.041288 -0.186926
-0.047939 -0.067569 0.011179
0.057544 0.018453 -0.113187
-0.057852 -0.062298 0.014833
0.06127 0.009221 -0.177505
0.030296 -0.045181 -0.18089
0.052475 0.03591 -0.132277
-0.00434 0.067516 -0.023826
0.05095 0.044458 -0.183932
0.045404 0.040322 -0.073663
0.059186 -0.010007 -0.081868
0.04356 0.0372 -0.37344
0.059608 0.024588 -0.260034
0.045795 -0.021271 -0.336251
0.019028 0.063631 -0.054464
0.029607 0.063407 -0.158105
0.030255 -0.051896 -0.129488
0.018664 0.068106 -0.140878
0.045886 -0.001709 -0.367529
0.01127 -0.0653 0.02521
0.043818 0.061721 -0.349856
0.037467 -0.029961 -0.259389
0.029561 0.070319 -0.288354
-0.044228 -0.015483 0.012226
0.007699 0.064402 -0.016936
0.045311 0.055987 -0.262221
-0.022538 -0.03484 0.012241
-0.068731 -0.039529 0.005244
0.059971 -0.000249 -0.098265
0.049438 0.035314 -0.089837
-0.009701 0.071738 -0.110777
0.033926 -0.059626 -0.017593
-0.016672 0.071484 -0.123787
0.01904 0.0711 -0.27047
-0.02721 0.069235 -0.158501
0.056689 0.006207 -0.070212
0.025575 0.074277 -0.327666
0.05813 0.001261 -0.07496
0.051042 -0.010109 -0.349792
-0.05794 0.0564 -0.06988
0.059624 0.02127 -0.275813
0.059717 -0.009722 -0.090029
-0.08688 -0.0099 -0.08837
0.052818 -0.034666 -0.072458
0.051809 0.047663 -0.261817
0.012919 0.069832 -0.1323
0.056947 -0.003632 -0.276202
-0.054037 -0.063433 0.018182
-0.016 0.06305 -0.25
-0.0723 -0.0545 -0.00207
0.034923 -0.018566 -0.361108
-0.009157 0.069295 -0.050384
0.048341 0.057699 -0.347276
0.026278 0.067943 -0.250626
0.024231 0.06593 -0.149486
-0.06477 0.0488 -0.03263
0.021827 -0.056633 -0.122183
0.051537 0.055896 -0.318803
0.043373 0.058155 -0.356349
0.048838 -0.032591 -0.164671
-0.028313 -0.011183 0.008604
0.050735 0.028363 -0.071902
0.043917 -0.034073 -0.194981
-0.01978 0.07 -0.07922
0.041462 -0.025328 -0.327516
0.059311 -0.008776 -0.184998
0.050979 -0.035944 -0.103509
0.062307 0.02213 -0.318307
0.0567 0.0474 -0.33015
0.005564 0.071653 -0.16312
0.024218 -0.03536 0.012473
0.053501 0.046188 -0.284152
-0.044094 -0.064528 0.023934
0.041369 -0.024099 -0.33938
0.048861 -0.015305 -0.346021
0.006653 -0.070578 0.000461
0.057156 0.030689 -0.351306
0.003793 -0.060302 -0.123238
0.031962 0.065162 -0.243624
-0.08776 0.0067 -0.06366
0.043605 -0.01495 -0.357737
-0.06435 -0.0613 -0.0116
0.048678 0.048433 -0.195301
0.054461 0.045892 -0.296141
0.021474 -0.066381 -0.007242
0.033165 -0.01986 0.012456
-0.01332 0.067743 -0.021143
-0.01343 -0.0697 -0.06359
0.00258 -0.0656 0.03049
-0.06965 -0.0579 -0.01685
0.011349 -0.070546 -0.013836
-0.009349 0.072218 -0.129355
0.006946 0.068004 -0.063223
0.004754 0.069498 -0.089538
0.05784 0.035156 -0.287987
0.025817 0.072744 -0.300954
0.060423 -0.003097 -0.106781
0.003359 0.067037 -0.031116
-0.03161 -0.0294 -0.24565
0.012505 -0.06968 -0.005836
0.056111 0.00638 -0.067689
0.055048 -0.030046 -0.074036
0.014422 -0.044313 0.012675
0.019139 0.06439 -0.0732
-0.034949 -0.06925 0.018902
0.060236 0.036333 -0.32662
0.060566 0.000341 -0.114602
0.028787 -0.061937 -0.052294
0.048415 -0.034344 -0.153412
0.006593 0.073624 -0.339256
0.04181 -0.026335 -0.265681
0.03992 0.0677 -0.31738
0.028034 -0.059332 -0.077449
0.060602 0.005011 -0.236912
0.036486 0.063601 -0.357096
0.030182 0.06267 -0.147722
-0.016 -0.02495 -0.25
-0.013596 0.071936 -0.133693
0.010484 0.074527 -0.315765
0.014581 -0.019462 0.012231
0.059095 0.00018 -0.315637
0.057942 -0.003228 -0.315756
0.042101 0.065441 -0.310817
0.022935 0.070618 -0.271811
0.047341 -0.021305 -0.267128
0.053406 0.045596 -0.277951
0.021913 0.063202 -0.077768
0.01038 0.0664 -0.0451
0.056106 -0.009286 -0.251174
-0.052988 -0.065516 0.012245
0.042243 0.048344 -0.369574
0.059969 0.014424 -0.27144
0.047889 0.03404 -0.069248
0.038159 0.068012 -0.307464
-0.02661 0.0154 -0.26016
0.058524 0.037179 -0.302262
0.047305 0.060157 -0.310315
0.058615 0.014097 -0.113383
-0.000969 0.045671 0.012466
-0.007218 0.069983 -0.071055
-0.043124 -0.068445 0.01397
0.014693 0.065503 -0.055137
-0.024712 -0.065533 0.031508
0.005178 0.06546 -0.020435
0.050735 0.013792 -0.366554
0.025834 0.070171 -0.274918
0.045033 -0.022215 -0.30486
-0.0662 -0.0239 -0.18064
-0.043117 -0.061997 0.005261
0.047316 -0.018541 -0.342146
0.001565 -0.067034 0.027314
-0.009068 0.069207 -0.044406
0.029262 -0.035781 -0.246475
-0.07775 -0.02005 0.00501
0.058261 -0.017852 -0.127148
0.017128 0.063065 -0.034881
0.039164 -0.028232 -0.26491
0.060795 0.019122 -0.233408
-0.0602 -0.0634 -0.02823
0.014613 0.070117 -0.249674
0.053818 0.051039 -0.340023
0.036492 0.068934 -0.305419
0.040581 0.058139 -0.360701
0.019514 0.070959 -0.269597
-0.057608 0.022213 0.012483
0.041312 0.063385 -0.287579
0.04004 0.065681 -0.298199
-0.025716 -0.069156 0.024451
-0.032497 0.064911 -0.019248
0.048296 0.060415 -0.326692
0.049653 0.036004 -0.097001
-0.074735 -0.028125 0.005302
0.047545 -0.030528 -0.193345
0.02712 -0.064374 -0.023042
0.040012 -0.025921 -0.292424
0.043007 0.042318 -0.065097
0.031175 0.072879 -0.320493
0.048073 -0.016382 -0.345825
0.041233 -0.026956 -0.331452
0.047958 0.044384 -0.362272
0.012448 0.06802 -0.098262
0.038199 0.06155 -0.358566
0.058953 0.030747 -0.289383
0.03525 0.0613 -0.36282
0.00349 -0.0373 -0.274
0.032368 -0.033246 -0.25482
0.054389 0.038397 -0.185138
0.043022 0.048212 -0.112457
0.049538 0.044517 -0.160078
-0.000669 0.065819 -0.014362
0.017167 -0.068892 -0.019864
0.045647 0.010659 -0.37346
0.047409 0.03759 -0.078654
-0.042673 -0.069276 0.00976
0.060412 0.015062 -0.293744
0.048719 0.040552 -0.363341
0.036906 0.059123 -0.364291
0.05227 0.0253 -0.07445
0.02538 -0.0654 -0.02915
0.028378 0.058937 -0.069713
-0.02888 0.0637 -0.21195
0.058718 -0.000343 -0.260899
0.054822 -0.015704 -0.220147
0.053281 0.027122 -0.361382
0.033225 0.069625 -0.29579
-0.001479 0.027263 0.012191
-0.04143 -0.0647 0.02529
-0.016 0.06305 -0.35
0.018212 0.068994 -0.177248
-0.040453 -0.069628 0.011089
0.024806 -0.063501 -0.056295
0.060067 0.003186 -0.10609
0.043512 -0.044964 -0.101812
-0.059301 -0.024361 0.012463
0.061283 0.010338 -0.332169
-0.00075 0.0727 -0.32427
-0.06081 0.0429 -0.18617
0.055278 0.04031 -0.262778
-0.002501 0.066704 -0.019088
0.029646 0.057734 -0.064503
-0.01252 0.0668 -0.28615
0.02409 0.0745 -0.32777
-0.061163 0.013935 0.012432
0.059961 -0.011152 -0.11513
0.059539 -0.010097 -0.167565
-0.040682 -0.069247 0.013195
0.044906 0.064032 -0.325861
0.052676 -0.029476 -0.144033
-0.022145 -0.071675 0.010766
-0.016059 0.068096 -0.02503
0.026019 -0.055125 0.005328
0.057681 -0.019283 -0.073676
0.022397 -0.061523 -0.080257
0.032754 -0.044492 -0.177125
0.036236 0.070075 -0.315519
0.033514 0.068185 -0.282888
0.057081 -0.003313 -0.295742
-0.05969 -0.0616 0.01313
0.04906 0.054215 -0.28395
-0.05001 0.061 -0.13038
0.040605 -0.050554 -0.078059
0.05616 0.0332 -0.17577
0.043281 0.043127 -0.070399
0.051738 0.033853 -0.109449
0.040753 -0.038467 -0.182266
0.048326 -0.024116 0.005225
0.054547 0.040682 -0.226294
0.039241 0.048621 -0.069029
0.048336 0.018181 0.005189
0.046839 0.04834 -0.159743
0.024321 -0.064794 -0.046131
0.034 0.06305 -0.25
0.057763 0.032332 -0.270344
0.056522 0.012613 -0.080984
0.03267 -0.0497 -0.06496
-0.009841 0.069552 -0.059145
-0.046789 -0.06857 0.004957
-0.01307 -0.037 -0.26219
0.053067 0.025089 -0.081969
0.005954 -0.04193 -0.243379
0.055962 0.013063 -0.075844
0.034237 -0.039698 -0.204293
-0.00961 -0.065818 0.03285
-0.01189 -0.0293 -0.28753
0.019729 0.062059 -0.038521
-0.016 -0.02495 -0.35
0.055587 -0.008218 -0.266225
0.060082 -0.010542 -0.123864
-0.03371 0.0635 -0.00673
-0.08043 -0.0404 -0.06078
-0.001982 -0.072078 -0.000489
0.039566 0.065046 -0.288908
-0.006118 0.066716 -0.01707
-0.014004 0.013482 0.008827
0.022156 0.073103 -0.293587
0.011957 0.066033 -0.046802
0.039879 -0.04858 -0.100138
0.055109 -0.025773 -0.058127
-0.006431 0.069146 -0.046485
0.035213 -0.058775 -0.034735
0.04783 0.0386 -0.09165
0.03772 -0.0231 -0.35142
0.05873 -0.0061 -0.21986
0.056274 -0.009677 -0.244226
-0.076326 0.018177 0.005196
0.059265 -0.001464 -0.244075
0.06064 0.014 -0.16351
0.044653 -0.013458 -0.358229
0.03267 0.0437 0.00496
0.020695 0.075005 -0.316064
0.019913 0.072328 -0.283465
0.05901 0.003946 -0.274102
0.035821 -0.047724 -0.135825
0.03454 0.065646 -0.355527
0.058388 0.030111 -0.214586
0.040323 0.053379 -0.132593
0.056751 0.035998 -0.264168
0.046246 0.062197 -0.318947
0.04719 -0.0206 -0.32749
0.004341 -0.057082 -0.143955
0.02802 0.073 -0.31114
0.054061 0.04406 -0.277544
0.01978 -0.0559 -0.13247
-0.003527 -0.070589 0.01941
-0.07041 0.0434 -0.03788
0.05983 0.0245 -0.25248
0.005918 0.022994 0.012194
0.044139 0.06129 -0.293576
-0.05131 -0.0059 -0.22865
0.058004 0.032139 -0.25524
0.046631 0.047334 -0.146481
0.060223 -0.008907 -0.106634
0.05315 0.042205 -0.205128
0.041487 -0.036065 -0.195851
0.045258 -0.029153 -0.222145
0.053774 -0.014174 -0.247726
0.034406 0.067497 -0.28089
0.058924 0.038612 -0.313401
-0.023907 0.066787 -0.019886
0.034745 0.070598 -0.311179
0.00308 -0.06678 -0.06495
0.061102 0.01479 -0.198442
0.05203 0.021465 -0.066553
-0.047 -0.06013 0.00505
0.04972 0.0455 -0.17334
-0.01206 -0.0717 -0.04367
0.059095 0.009311 -0.106006
0.036352 -0.002965 0.012505
0.020738 0.07327 -0.296492
0.054606 -0.029705 -0.066144
0.002446 -0.070841 0.005034
0.054841 0.036418 -0.175149
0.054118 0.046715 -0.34668
0.027635 -0.064166 -0.031924
0.030522 -0.055561 -0.096208
0.055644 0.013119 -0.073339
0.060484 -0.007776 -0.123802
0.032632 0.070686 -0.302835
-0.017217 0.071045 -0.102579
0.061426 0.005829 -0.174049
0.03267 -0.04964 0.00504
0.044166 -0.049331 -0.029488
0.04688 -0.026268 -0.23156
0.008855 -0.070278 -0.00193
0.060975 0.023509 -0.300465
0.04837 0.030771 -0.064212
0.024907 0.070578 -0.276658
0.030512 0.063441 -0.173738
0.056417 -0.010055 -0.237279
0.036855 -0.029667 -0.264656
-0.038837 -0.066742 0.022753
0.050399 0.047688 -0.223779
0.044588 -0.031613 -0.208563
0.058854 -0.002243 -0.079849
-0.03125 -0.0688 0.02285
0.055785 0.048538 -0.335299
-0.00395 0.0223 -0.31041
0.03593 0.001151 0.012442
-0.048318 -0.067034 0.013199
0.010694 0.065227 -0.032972
0.050258 0.031767 -0.07868
0.047353 -0.019982 -0.305625
0.032255 -0.057142 -0.075133
0.058748 0.028092 -0.204589
0.04607 0.05304 -0.358796
0.009113 0.065525 -0.031267
0.059923 0.033488 -0.305557
-0.0056 -0.0531 -0.17611
0.035549 0.067638 -0.349636
0.059496 0.032126 -0.297459
0.052553 0.021476 -0.069032
0.026761 -0.055372 -0.115056
0.022927 -0.063494 -0.063055
0.02021 -0.060281 -0.097445
0.039073 -0.021983 -0.352105
0.050875 0.031944 -0.088036
0.013592 0.064596 -0.036478
0.051383 -0.027631 -0.177317
0.058181 0.013705 -0.105799
-0.02622 -0.0513 -0.17881
0.011333 0.065685 -0.039887
-0.016479 0.07001 -0.07252
0.05368 0.0532 -0.32863
0.060254 0.001018 -0.226614
0.051844 0.025319 -0.071955
0.024421 0.073831 -0.306845
0.044479 0.063963 -0.318539
0.028246 0.06983 -0.2789
0.009958 0.074746 -0.310856
0.026189 -0.057602 -0.098471
0.024831 0.065244 -0.139105
0.058606 0.00208 -0.082767
0.030265 0.069145 -0.352129
-0.08459 0.0208 -0.04879
0.046289 -0.025565 -0.241863
-0.001271 0.069837 -0.076306
0.060905 0.016327 -0.240671
0.059396 -0.001837 -0.237129
0.033222 0.054141 -0.061454
0.058351 0.016379 -0.350676
0.045267 -0.019863 -0.344883
0.060805 0.009098 -0.240614
0.026676 0.070829 -0.349583
-0.022215 0.011288 0.008816
0.034 0.06305 -0.35
0.030585 -0.062091 -0.02031
0.059837 -0.00454 -0.202327
-0.026586 -0.070726 0.016892
0.016444 -0.068434 -0.03654
0.018358 0.073992 -0.299518
-0.08719 0.0082 -0.04927
0.030784 0.067364 -0.263844
0.003535 0.074216 -0.307366
-0.05434 -0.019 -0.21629
0.06067 0.016195 -0.180988
0.058262 -0.01966 -0.081575
-0.061593 -0.060861 0.011065
0.058969 0.037611 -0.338874
-0.03693 -0.0351 -0.22472
0.057651 -0.013704 -0.185154
-0.07321 0.0405 -0.0402
0.031347 -0.030757 -0.307663
0.048311 0.059806 -0.341464
0.056415 -0.004032 -0.062741
0.060456 0.005952 -0.332595
0.040411 -0.053652 -0.029366
-0.046761 -0.064358 0.022583
0.040015 -0.030698 -0.241738
0.04636 0.046263 -0.133218
0.032438 0.063622 -0.204972
0.01022 -0.0654 -0.07886
0.057957 0.002777 -0.075065
-0.017726 0.070284 -0.08138
0.036198 0.05975 -0.171997
0.050774 -0.026635 -0.19166
0.032369 0.067173 -0.26762
0.039283 0.048116 -0.066312
0.011805 0.066913 -0.069315
-0.058948 -0.062989 0.009284
0.060714 0.005556 -0.328138
0.054771 0.043105 -0.283341
-0.057123 -0.063738 0.010996
0.061073 0.032478 -0.329942
0.050058 0.052715 -0.284312
0.035115 -0.04363 -0.173334
0.021707 -0.066863 -0.016835
0.021123 0.074952 -0.328003
-0.065219 -0.059101 0.006885
0.023977 -0.063868 0.010156
0.013156 0.065987 -0.053426
0.05176 0.049325 -0.28218
0.001951 -0.007199 0.008599
0.013826 -0.068303 0.002593
0.05195 -0.0286 -0.16297
0.02662 -0.063366 -0.049519
0.019459 0.069329 -0.24825
0.016575 -0.067834 -0.000805
0.009234 0.06736 -0.05985
0.00375 -0.06702 0.026008
0.04733 -0.022 -0.26159
-0.02737 0.069242 -0.094548
0.02895 -0.0365 -0.24245
0.046918 0.036943 -0.071735
0.056825 -0.011875 -0.064012
0.050941 0.056509 -0.337965
0.015777 0.064513 -0.045101
0.032265 0.054311 -0.05196
0.00191 0.001336 0.008685
0.056154 0.003105 -0.35139
0.043773 -0.024789 -0.266173
0.010492 0.071469 -0.26981
-0.08 -0.00303 -0.065
0.04895 0.0564 -0.34791
0.032337 -0.060906 -0.02368
-0.014539 0.070177 -0.074042
-0.008183 0.071909 -0.115121
-0.039958 0.016954 0.012199
0.022418 0.074993 -0.32192
0.043435 0.052114 -0.155495
0.001919 0.070275 -0.254115
0.033117 0.054602 -0.06418
0.038561 0.067576 -0.345334
-0.08347 0.0082 -0.12606
-0.03108 0.06072 -0.06505
0.053845 0.0424 -0.234895
0.034575 -0.029395 -0.281128
0.039291 0.068559 -0.323899
0.040359 -0.020761 -0.352739
0.036287 0.051715 -0.066594
-0.06067 -0.0497 -0.06496
-0.032753 0.065796 -0.035932
0.019 0.05413 -0.06505
0.056396 0.046348 -0.316009
-0.07546 -0.0508 -0.00777
0.052551 0.017565 -0.063666
0.060971 0.012288 -0.30346
0.036113 -0.025366 -0.346887
0.0123 0.0733 -0.3457
0.035488 0.040439 0.005166
0.050434 0.009854 0.005116
-0.00587 -0.017369 0.008453
0.04603 0.0361 -0.06397
0.030205 0.058054 -0.081837
0.039105 -0.013257 -0.364801
-0.008977 -0.071778 0.010101
0.045072 0.028222 -0.374436
0.047342 0.032479 -0.369467
0.022609 0.074738 -0.327889
0.019285 0.067447 -0.130507
0.059148 0.007194 -0.285473
-0.042581 -0.019462 0.012231
0.022479 0.06021 -0.037266
-0.040884 -0.068775 0.015284
-0.061212 -0.061539 0.009138
0.054084 0.043139 -0.265601
-0.0861 0.0068 -0.10001
0.03921 0.0689 -0.33921
0.059165 0.002486 -0.090344
-0.027135 0.065462 -0.010177
0.035715 -0.029196 -0.275203
-0.01829 -0.0653 0.0326
0.013658 -0.062265 -0.097279
0.054592 0.049724 -0.311215
0.008774 -0.052055 -0.17475
0.035217 0.071017 -0.322335
0.029823 -0.062812 -0.034695
0.020228 0.074676 -0.305295
0.056622 -0.005448 -0.334583
-0.013419 -0.067727 0.029491
0.020613 0.063533 -0.06798
0.03145 -0.0308 -0.28149
-0.008986 0.068956 -0.03843
0.041365 -0.022548 -0.346524
0.000131 -0.072012 -0.002768
-0.03116 -0.0706 0.01507
0.00883 0.0676 -0.06477
0.019 -0.06013 0.00505
-0.064781 -0.059687 0.004941
0.053333 0.039552 -0.174537
0.04812 -0.0175 -0.34235
0.056756 0.01238 -0.083555
0.058599 0.022187 -0.153881
0.022395 0.061752 -0.053716
-0.008907 0.068633 -0.03246
0.058712 -0.018106 -0.106894
0.056193 0.038198 -0.278513
0.042558 0.060018 -0.271552
-0.005459 0.02891 0.012191
-0.014754 0.067469 -0.222623
0.053124 0.043664 -0.352774
0.021394 0.075108 -0.313582
0.04068 -0.052735 -0.049208
-0.008995 0.072361 -0.147935
-0.00485 0.0389 -0.30771
0.057161 0.006013 -0.072755
0.038155 0.037049 0.005247
0.039344 0.06782 -0.314073
0.017754 0.074133 -0.301968
0.03917 0.0491 -0.07175
0.00308 0.06072 -0.06505
0.030825 -0.04718 -0.164095
0.050179 -0.039079 -0.070869
0.043765 -0.025513 -0.260638
0.060192 0.014594 -0.265706
0.027468 -0.032025 -0.287857
-0.01174 -0.0712 0.01612
0.035981 0.062884 -0.250022
0.055971 0.002033 -0.063988
-0.0581 -0.0642 0.0054
0.01333 0.0726 -0.28192
0.045123 -0.024519 -0.330974
-0.048792 -0.065627 0.017247
0.048769 -0.018245 -0.33515
0.04967 0.05257 -0.276852
0.04975 0.01411 0.00499
0.05374 -0.029 -0.05036
-0.08803 -0.0086 -0.06296
0.022915 0.071225 -0.277833
0.058094 0.041274 -0.337706
0.00308 -0.06672 0.00505
0.038127 -0.05578 -0.040356
0.021035 -0.067157 -0.032853
0.048308 0.014337 -0.370441
0.009139 0.074783 -0.307059
0.01339 -0.0423 -0.23402
0.053409 -0.022678 -0.188488
0.057872 -0.002439 -0.334647
0.007172 0.070627 -0.258803
-0.015213 0.068626 -0.032643
-0.07855 0.009877 0.005203
0.025009 0.074208 -0.310866
-0.051389 -0.065212 0.015812
0.033292 -0.030023 -0.304485
-0.03962 0.0451 -0.23809
0.060635 -0.002907 -0.184783
0.009032 0.070273 -0.244106
-0.03967 0.0623 -0.0102
0.05103 0.048963 -0.261182
0.061023 0.016968 -0.215925
0.038032 0.059874 -0.203271
-0.031571 0.063193 -0.003961
0.04624 0.0614 -0.34528
0.004819 -0.06802 0.021393
0.04094 -0.021768 -0.349677
-0.0436 0.0595 -0.18337
-0.07397 -0.0439 -0.09561
0.020604 0.070263 -0.260822
0.057198 0.0129 -0.090636
0.05855 -0.009629 -0.075967
0.057103 0.018064 -0.1056
0.003132 0.068591 -0.060139
-0.00168 -0.0706 0.01756
-0.020936 0.067863 -0.028209
0.053511 -0.012339 -0.265748
0.028118 0.057254 -0.046534
0.04464 -0.035181 -0.180659
-0.054019 -0.055125 0.005328
0.019991 -0.065969 0.005163
0.019 -0.002966 0.012216
0.054773 0.041035 -0.24644
0.046658 0.056749 -0.352535
-0.008349 0.070461 -0.080544
0.051393 0.033376 -0.102357
-0.03157 -0.07 -0.05325
0.052695 -0.032404 -0.047956
0.026163 0.074537 -0.3192
0.019044 0.062765 -0.043625
0.060038 -0.009428 -0.098201
0.058749 -0.000721 -0.079951
-0.05193 0.0583 -0.02548
0.01936 0.0732 -0.29463
0.051972 -0.010263 -0.346523
0.044018 -0.008139 -0.365094
-0.009754 0.012927 0.008815
0.02743 -0.0605 -0.06981
0.022055 0.062609 -0.062757
0.061132 0.024484 -0.338437
0.049678 0.057269 -0.342784
0.026508 0.058699 -0.049706
0.042675 0.059424 -0.355683
-0.025654 -0.067499 0.02817
-0.08021 -0.0048 -0.14651
0.035112 -0.03132 -0.259125
0.045787 0.053767 -0.231886
0.04737 -0.043358 -0.069282
0.035095 0.053583 -0.074516
0.020041 -0.058229 -0.114976
0.007341 -0.070502 -0.00046
0.022701 -0.066699 -0.026055
0.039837 0.05932 -0.36002
0.03063 0.0694 -0.28289
0.031006 0.069099 -0.281117
0.055829 0.00788 -0.06781
0.005913 -0.06689 0.024663
0.055879 -0.022188 -0.06003
-0.036153 -0.069624 0.01626
0.046445 -0.021055 -0.332758
0.043438 0.055802 -0.218083
0.057117 0.025447 -0.141208
0.031301 -0.024361 0.012463
0.058186 0.000122 -0.295645
0.027896 0.058347 -0.055545
0.054595 0.020838 -0.084159
0.060319 0.035626 -0.321661
0.03873 -0.0556 -0.01825
0.009574 -0.068961 -0.049415
-0.04132 0.0603 -0.00805
0.05102 0.0511 -0.35039
-0.011794 0.069259 -0.048308
-0.004988 -0.066856 0.030296
0.037358 -0.051005 -0.097034
0.041425 0.046299 -0.072372
0.023136 0.075228 -0.319444
0.054095 0.042764 -0.255041
0.008813 0.066735 -0.043396
0.05925 0.024773 -0.275143
0.025327 0.068899 -0.259409
0.026361 -0.053539 -0.131471
0.031495 0.069475 -0.28719
0.048365 0.054725 -0.279907
0.055085 0.044348 -0.295737
0.060431 0.012938 -0.151027
0.040046 0.054463 -0.366933
-0.041275 -0.066545 0.02136
0.054744 0.012557 -0.359524
0.054399 0.041378 -0.235876
0.01065 -0.0609 -0.1115
-0.002661 -0.066799 0.029699
0.03704 0.070319 -0.336259
0.044047 0.056864 -0.357
0.048637 -0.014034 -0.349444
0.003449 0.070303 -0.238536
0.034769 0.00952 0.012441
0.028749 0.057368 -0.052268
-0.014 -0.00297 0.005
-0.04858 0.0613 -0.06202
0.019539 -0.067005 -0.003765
-0.06233 0.0535 -0.07381
0.02478 0.067645 -0.22976
0.033774 -0.059522 -0.008129
0.012029 0.070345 -0.184344
0.049394 0.028047 -0.064355
0.052426 -0.034336 -0.064532
0.046825 -0.016631 -0.348756
0.053838 0.021223 -0.076564
0.01692 -0.048133 -0.190678
0.044153 -0.01147 -0.361385
0.040382 0.068411 -0.335766
0.061248 0.009736 -0.215876
0.021992 0.070953 -0.273556
0.060888 -0.004166 -0.132424
-0.006223 -0.068705 0.026221
0.0025 0.025616 0.012192
-0.045123 -0.068466 0.010543
-0.025623 0.008685 0.008795
-0.028454 -0.067836 0.026474
0.044386 -0.039697 -0.143823
0.00073 0.068519 -0.046905
-0.031229 -0.069863 0.018997
0.014835 0.072787 -0.285097
0.020947 0.07529 -0.322034
0.036346 0.051213 -0.063871
0.060735 -0.004993 -0.123741
0.033029 -0.030135 -0.281311
0.029574 -0.035062 -0.2505
0.034483 -0.032742 -0.251077
0.057957 0.011896 -0.350903
0.00828 0.0736 -0.34159
-0.026646 -0.069971 0.020825
-0.062636 -0.015993 0.012512
0.021045 -0.033379 -0.296919
0.057059 -0.005736 -0.065181
-0.06537 -0.0481 -0.11586
0.043989 -0.025002 -0.335035
0.04663 0.036666 -0.069145
0.034044 0.065754 -0.263227
0.02961 0.0564 -0.04899
0.039888 -0.029599 -0.250689
0.029808 0.057332 -0.061769
0.061233 0.015797 -0.302761
0.03323 -0.046398 -0.160312
0.059219 0.027906 -0.233771
0.041307 0.047016 -0.076871
0.053241 -0.012521 -0.316605
0.04949 -0.0246 -0.22034
0.02377 -0.0571 -0.11186
0.028293 -0.063214 -0.042118
0.052581 0.025245 -0.076952
0.043539 0.053185 -0.363149
0.025204 -0.062052 -0.06644
0.056494 0.012232 -0.355289
0.015774 0.073811 -0.340149
0.052902 0.044652 -0.239876
-0.036729 0.063007 -0.008435
0.052601 -0.007248 -0.349923
-0.041617 -0.069817 0.006068
0.06026 0.007428 -0.122602
0.032993 0.05504 -0.066908
0.049585 0.005195 -0.365752
0.058893 0.002156 -0.338055
-0.015106 0.066814 -0.014396
0.060468 0.010698 -0.255179
0.03384 -0.029188 -0.328796
0.052098 0.036375 -0.359695
0.036171 0.066184 -0.276493
0.02612 0.0602 -0.06211
0.024529 0.066543 -0.175475
0.001889 0.069102 -0.068991
0.016996 0.066663 -0.102458
-0.039958 -0.022881 0.012234
0.028332 -0.041043 -0.213531
0.019 0.05419 0.00495
-0.06348 -0.046373 0.005248
0.000249 0.005299 0.008726
-0.022283 -0.01726 0.008535
-0.00587 -0.071583 0.012151
-0.010463 -0.070562 0.020456
-0.055964 -0.062911 0.016514
0.035294 0.005981 0.012439
0.0486 0.0413 -0.12032
-0.031198 -0.067214 0.026588
-0.046168 -0.065956 0.018656
0.04611 -0.0212 -0.3345
0.045551 0.054385 -0.358174
0.025266 0.061508 -0.084667
-0.02157 0.0705 -0.15973
0.048427 -0.009488 -0.356946
0.05607 0.009195 -0.070462
-0.026385 -0.051725 0.012333
0.020407 0.061338 -0.033415
0.05516 0.017 -0.35924
0.026582 0.058047 -0.044085
0.058008 0.000243 -0.279919
0.029592 0.072338 -0.308361
0.01599 0.0697 -0.24709
0.017021 0.073064 -0.289207
0.016275 0.065399 -0.068642
-0.01827 0.029473 0.012191
0.060809 0.00513 -0.131622
0.041755 0.061862 -0.278936
0.037153 -0.030675 -0.255366
0.000811 0.067312 -0.028678
-0.05204 -0.0638 0.01981
0.038321 -0.027324 -0.327483
0.059804 0.021191 -0.268273
0.054113 -0.029333 -0.058256
0.053583 -0.013772 -0.254672
0.043153 -0.049593 -0.058051
0.035775 0.067494 -0.287976
0.0355 -0.058324 -0.011508
0.02128 -0.039776 -0.23829
0.004625 -0.071636 -0.026731
0.045727 -0.021779 -0.277739
0.053512 -0.007388 -0.346651
0.056443 -0.022539 -0.065898
0.012245 0.073925 -0.338156
-0.00202 -0.0292 -0.31411
0.04307 0.0657 -0.32545
-0.057609 -0.028138 0.012527
0.005896 0.06606 -0.027599
0.029139 -0.029642 -0.338292
0.04316 0.03003 0.00497
0.055974 -0.026462 -0.111843
0.057834 6.9e-05 -0.285644
0.038762 0.063771 -0.272957
0.050071 0.058283 -0.332349
0.054824 0.041376 -0.261794
0.026019 0.049185 0.005237
0.06195 0.026283 -0.316683
0.046663 0.052525 -0.224581
0.055097 0.040671 -0.257006
-0.055611 -0.063666 0.014606
0.041295 0.066283 -0.312801
-0.035397 -0.048265 0.012483
-0.015786 0.06941 -0.191404
-0.02112 -0.0583 -0.14247
0.038911 -0.037875 -0.196695
0.061632 0.019493 -0.335194
0.047871 -0.01514 -0.349252
0.001841 -0.041068 0.012281
-0.00688 -0.0383 -0.26359
0.038424 -0.027852 -0.329006
0.019533 0.074735 -0.307776
-0.000437 0.072761 -0.312955
0.050806 0.039437 -0.134161
-0.015665 0.070497 -0.083541
0.034909 0.068236 -0.28997
0.06126 0.0005 -0.14968
0.040431 -0.04527 -0.124775
0.05902 -0.007438 -0.202429
0.017184 0.064616 -0.057667
-0.043724 -0.066257 0.020011
0.050426 -0.01424 -0.342925
0.057467 0.005788 -0.075297
0.0348 0.054137 -0.079031
0.043366 0.063507 -0.30391
0.060082 0.023603 -0.242955
0.044948 -0.022508 -0.315791
0.02758 0.074007 -0.319084
0.04596 0.063227 -0.330836
0.061973 0.026828 -0.321793
0.051504 0.021449 -0.064077
-0.04692 -0.0578 -0.11752
0.041363 0.067629 -0.332316
-0.03793 -0.0704 -0.03646
-0.07008 0.0466 -0.05298
-0.02258 0.062205 0.005232
8.4e-05 -0.051345 -0.186334
0.047437 -0.019976 -0.27821
0.033897 -0.029642 -0.292806
-0.052218 -0.03536 0.012473
-0.05596 -0.0655 -0.00241
0.019219 0.074255 -0.334586
0.053391 -0.000876 -0.355652
0.041832 0.058122 -0.248248
0.034502 -0.031013 -0.264391
0.053275 -0.010806 -0.33882
0.047721 -0.002472 -0.364582
0.052617 0.048431 -0.287968
0.058555 0.029388 -0.281291
-0.021502 -0.065432 0.032063
-0.044227 0.009556 0.012206
-0.010412 0.070392 -0.078376
-0.0156 -0.070341 0.021758
0.048813 -0.034816 -0.143951
0.053023 0.017522 -0.363291
0.028823 -0.032277 -0.275571
0.04906 0.031374 -0.069366
0.050558 -0.016646 -0.327072
0.061077 0.000731 -0.188146
0.05676 0.000343 -0.0664
-0.047065 -0.068324 0.007086
0.00463 -0.0295 -0.33298
-0.051053 -0.06589 0.013804
0.047066 -0.009119 -0.359725
0.015707 0.070748 -0.262219
0.05531 0.028607 -0.128556
0.052885 0.050603 -0.301813
0.054958 0.047356 -0.306575
0.056684 0.040147 -0.292794
0.042687 -0.021345 -0.347174
0.045535 0.041445 -0.082481
0.008884 0.070254 -0.117718
0.039283 -0.054721 -0.034856
-0.009743 0.066593 -0.015073
-0.00825 0.068625 -0.236907
0.014238 0.066896 -0.088529
0.054037 0.008144 -0.359668
0.046946 -0.020776 -0.329244
0.027427 0.066525 -0.221494
-0.05556 -0.0589 -0.09066
0.006599 0.066582 -0.034776
0.059213 0.00591 -0.098171
0.032933 -0.026486 -0.347789
-0.022207 0.067906 -0.035086
0.054439 -0.010424 -0.330582
0.057079 -0.018918 -0.067779
0.058128 0.008507 -0.090847
0.06036 -0.008466 -0.150021
0.056747 -0.026356 -0.090273
0.059101 0.028359 -0.238531
0.055171 0.050156 -0.320292
0.05357 0.0438 -0.25406
0.061338 0.004389 -0.191507
0.042603 -0.010961 -0.364031
0.018364 0.063477 -0.048732
-0.08121 0.0105 -0.1409
0.033979 0.053078 -0.058196
0.030372 -0.061893 -0.010845
0.05846 -0.00535 -0.233755
0.032544 -0.051554 -0.121424
-0.078549 -0.015816 0.005218
0.041744 -0.050683 -0.066796
0.052083 0.03433 -0.116541
0.02704 0.060045 -0.074927
0.031428 0.055303 -0.05523
0.039279 -0.053839 -0.057952
0.061002 0.010641 -0.160049
0.062364 0.017961 -0.319927
0.034542 -0.037403 -0.21875
0.04276 -0.0181 -0.35389
0.013358 0.066272 -0.064091
-0.03649 0.0116 -0.24385
-0.06739 -0.0536 -0.07982
0.045415 -0.021346 -0.337989
0.036321 -0.028526 -0.304113
0.009161 0.069941 -0.208864
0.031038 0.066426 -0.255651
0.04588 0.040831 -0.367929
0.033644 -0.026908 -0.345026
-0.033764 -0.06625 0.027226
0.015814 -0.055439 -0.142741
0.031528 -0.029629 -0.331418
0.055951 0.031697 -0.160028
0.054532 -0.030408 -0.103525
0.024646 0.074114 -0.33099
0.023569 0.066491 -0.15987
-0.011629 0.068875 -0.036353
0.031739 0.068442 -0.277578
0.013242 0.070558 -0.252256
0.060073 0.020435 -0.344633
0.045392 0.041111 -0.078146
0.043435 0.044122 -0.077499
0.02997 0.0733 -0.32733
0.023358 0.062273 -0.072547
0.050397 -0.015714 -0.284264
0.058747 0.00379 -0.279828
0.043998 0.051796 -0.363738
0.050683 0.032048 -0.085522
0.015246 -0.058515 -0.121999
0.034141 -0.046505 -0.155137
0.03495 -0.0289 -0.32748
0.053965 -0.014577 -0.24078
0.023827 0.061466 -0.059551
0.053953 -0.030369 -0.114309
0.05787 0.03257 -0.229346
0.05485 -0.025667 -0.141572
0.008226 0.070822 -0.128095
0.00574 -0.0492 -0.1965
0.036866 -0.044324 -0.15829
-0.05069 -0.0665 0.01178
-0.002647 0.069147 -0.055528
-0.061165 -0.01986 0.012456
0.006988 -0.067452 0.020002
0.046014 0.045164 -0.119967
0.040177 -0.031849 -0.232794
0.03892 0.0599 -0.21891
0.046521 0.059803 -0.301288
0.032433 0.069219 -0.288192
-0.034455 0.066283 -0.05336
0.006219 0.070653 -0.26057
0.003711 0.070524 -0.191554
-0.018296 0.062706 0.005161
0.057766 -0.009248 -0.070084
0.055037 0.041027 -0.267566
0.037934 0.066626 -0.293084
-0.0229 -0.0298 -0.26249
0.043923 -0.020035 -0.347785
0.017492 -0.065086 0.018887
-0.00658 0.0692 -0.25074
0.060904 0.029052 -0.306966
0.051237 0.049949 -0.278129
0.056591 -0.010443 -0.230333
0.03133 -0.040469 -0.208927
0.05655 0.009 -0.073
0.022258 -0.034284 -0.276801
0.004775 -0.065637 0.029203
0.01954 -0.0649 0.01676
0.04551 0.043196 -0.098451
0.022161 -0.032243 -0.318868
0.00191 0.073453 -0.330649
0.041581 -0.019456 -0.35333
0.003769 -0.071754 -0.006513
-0.020521 0.068444 -0.190949
0.049303 0.054577 -0.291681
-0.054483 -0.065546 0.008621
-0.08792 -0.0042 -0.04754
0.004453 0.064773 -0.013275
0.005647 0.067285 -0.039996
0.01887 0.073665 -0.297065
0.04081 0.0648 -0.29622
0.026232 -0.033841 -0.269658
0.056764 0.034691 -0.210161
-0.079175 0.00561 0.005277
0.050009 0.057873 -0.337579
-0.050292 -0.066979 0.00975
0.044855 -0.037975 -0.155077
0.047473 0.051224 -0.217278
0.043178 0.046496 -0.097986
-0.08738 -0.0145 -0.04403
0.05328 0.025 -0.08448
0.019 -0.06019 -0.06495
0.03641 0.050725 -0.061154
0.020092 0.068692 -0.207651
0.057971 0.032112 -0.224585
-0.00076 -0.0365 -0.27751
0.029365 -0.031389 -0.31084
0.061145 0.002817 -0.140649
-0.001761 0.067471 -0.026247
-0.042913 -0.068895 0.011875
0.054924 0.043726 -0.289539
0.052695 0.047106 -0.27836
0.026086 -0.064554 -0.039346
0.05777 0.033029 -0.234107
0.033252 0.066537 -0.265417
0.059185 0.025159 -0.347428
0.057842 -0.022274 -0.098593
0.007746 0.067496 -0.053385
0.059168 0.011592 -0.346484
-0.03343 -0.047 -0.19133
0.051544 -0.035766 -0.045541
0.005291 -0.071564 -0.007977
0.03786 0.052563 -0.097106
0.034831 -0.029324 -0.304299
0.049659 0.053632 -0.287998
-0.030483 -0.002929 0.008688
0.061902 0.020728 -0.310185
-0.03765 0.0631 -0.01248
0.060633 0.01993 -0.240696
0.041 0.066923 -0.3181
-0.063294 0.005981 0.012439
0.055886 0.045684 -0.308966
0.056587 0.035386 -0.350052
0.056138 -0.019425 -0.170932
-0.002414 -0.069488 0.022697
0.050489 0.05128 -0.27749
0.051175 -0.011549 0.005287
0.050833 0.051393 -0.28495
0.019185 0.073051 -0.344243
0.059819 0.017853 -0.284035
-0.038685 0.062784 -0.011332
0.059245 0.007379 -0.279741
0.017875 0.005576 0.01221
-0.0154 -0.065517 0.032705
0.036258 0.068207 -0.297061
0.017279 0.063947 -0.046817
0.036174 0.052159 -0.069321
0.047699 0.058975 -0.346631
0.060591 0.017578 -0.25272
0.050273 0.051997 -0.280901
0.037948 0.068425 -0.309742
0.04542 0.044539 -0.366624
0.028081 0.073086 -0.334997
0.045107 -0.021932 -0.293942
0.029995 0.065177 -0.213228
0.023645 0.073186 -0.339675
0.023152 0.074239 -0.331086
0.051036 0.056964 -0.33273
-0.046438 -0.007234 0.012219
0.000228 0.070914 -0.268979
-0.08193 -0.0243 -0.10969
0.060295 -0.00931 -0.141333
0.034748 0.071475 -0.333286
0.049447 -0.003183 -0.361563
-0.08681 0.0063 -0.08767
0.050549 -0.015816 0.005218
0.047393 0.055487 -0.353108
0.01715 0.0742 -0.30442
0.016742 0.062602 -0.027878
0.032788 0.05703 -0.097755
0.017661 0.075319 -0.316288
0.016228 -0.015483 0.012226
0.039312 0.047601 -0.063597
0.002698 -0.068296 0.022774
-0.06067 0.0437 0.00496
0.044426 -0.023086 -0.327497
0.060391 0.027677 -0.298875
0.037337 -0.036427 -0.214083
-0.036375 -0.070744 0.007161
0.046545 -0.045858 -0.035064
0.049615 -0.014186 -0.346206
0.052094 0.04336 -0.194529
0.04391 -0.016737 -0.35445
0.058423 -0.018173 -0.117667
0.059753 0.014322 -0.28471
0.045394 0.057948 -0.277557
-0.06292 0.0133 -0.21332
0.024787 -0.061348 -0.073133
0.031694 0.071833 -0.309627
0.041189 0.067309 -0.3408
0.057949 0.005334 -0.080443
0.059451 -0.014453 -0.106759
-0.02941 0.0628 -0.00122
-0.07775 0.01411 0.00499
-0.004374 -0.065869 0.032302
0.014249 -0.065811 -0.067563
-0.03108 0.06078 0.00495
0.061022 0.02881 -0.336684
0.05816 0.005098 -0.083015
0.051168 0.054583 -0.343813
0.056624 0.017664 -0.098015
0.046872 0.06224 -0.335814
0.059928 0.021084 -0.18404
0.05993 0.036759 -0.333732
0.018396 0.035254 0.012411
0.054933 0.040347 -0.236858
0.027043 0.073803 -0.315042
0.020815 -0.056299 -0.127331
-0.05377 0.0559 -0.01941
-0.07892 0.0151 -0.15218
0.040276 0.050655 -0.104841
-0.038633 -0.068452 0.018757
-0.001362 -0.06812 0.02591
0.058655 0.000136 -0.305632
-0.02729 -0.0357 -0.24169
0.060462 0.018586 -0.293063
0.05554 0.0396 -0.25799
0.055499 0.016862 -0.081277
0.011958 0.016954 0.012199
0.022712 -0.060988 -0.084076
-0.0484 0.0603 -0.15508
0.060356 0.003475 -0.114259
0.032173 -0.030193 -0.319162
0.053994 0.032297 -0.130408
0.060018 0.017688 -0.268954
0.057531 -0.02234 -0.109368
0.000272 -0.065756 0.03112
0.045359 0.059341 -0.351245
0.03667 0.0555 -0.11905
0.014508 0.063764 -0.031277
0.00491 0.0736 -0.33692
0.051047 0.05357 -0.301083
-0.06842 0.0405 -0.15881
0.032327 -0.030299 -0.292987
0.029011 0.069256 -0.275349
0.021656 0.07438 -0.331168
0.060806 -0.001976 -0.123632
0.054743 -0.001156 -0.351645
-0.041355 -0.065629 0.023328
0.057493 0.033824 -0.279897
0.044693 0.063516 -0.343831
-0.02414 -0.0725 -0.01986
0.055135 -0.026046 -0.132095
0.060833 0.009583 -0.147565
0.01865 -0.0336 -0.29961
0.023978 0.029611 0.011851
0.041074 0.061707 -0.354258
0.037465 -0.03296 -0.237481
-0.00967 0.068753 -0.253408
0.036403 0.056652 -0.128369
0.035736 0.058783 -0.147022
0.03712 0.068898 -0.308719
0.024383 0.07323 -0.303816
0.055115 0.050043 -0.33492
-0.026847 0.06158 0.00516
0.047476 -0.026966 -0.221254
0.0009 -0.0639 -0.10101
0.029403 -0.052449 0.005253
0.021589 0.069442 -0.252046
-0.050559 0.051761 0.005163
0.031939 -0.03589 -0.237841
0.019996 0.062833 -0.051175
-0.00155 -0.0407 -0.25261
0.051993 0.05561 -0.333115
0.050261 -0.016791 -0.317018
0.045751 0.042067 -0.091165
0.006264 0.069574 -0.233331
0.059685 0.021383 -0.283363
0.04759 -0.0194 -0.28376
-0.060394 -0.062796 0.005255
0.05583 0.022366 -0.105414
0.014531 0.038221 0.012409
-0.001973 0.069402 -0.065912
0.061097 0.011908 -0.233358
-0.009279 0.069977 -0.068883
0.017279 0.06902 -0.161645
-0.004582 0.069256 -0.053994
-0.006398 0.070506 -0.082079
0.057514 0.021092 -0.353459
0.050887 0.057222 -0.32749
-0.018254 0.012923 0.008827
0.013411 -0.064397 -0.080942
0.039598 -0.022915 -0.349003
-0.0259 -0.0691 -0.06536
0.056712 0.023869 -0.125477
0.060586 0.008511 -0.135081
0.04462 -0.028401 -0.23244
0.03831 0.065275 -0.281598
-0.00349 0.0691 -0.2196
-0.022582 -0.068164 0.005336
0.024476 -0.059351 -0.09128
0.042963 0.061593 -0.286254
-0.027914 -0.06553 0.030898
0.0128 -0.0368 -0.27202
0.06 0.006597 -0.113921
0.048935 -0.023937 -0.230651
0.04761 -0.043575 -0.049372
0.018534 0.073125 -0.292386
-0.048475 -0.066367 0.015259
0.049242 0.035418 -0.087323
0.029609 -0.028138 0.012527
-0.006679 0.072036 -0.119466
0.040442 0.065794 -0.346886
0.041135 0.056678 -0.191857
0.059512 -0.013276 -0.123925
0.049626 0.039276 -0.010956
0.060286 0.034896 -0.316704
0.049591 -0.017184 -0.335346
0.062343 0.018445 -0.32502
0.01822 -0.066 -0.05624
0.04876 0.0538 -0.27622
0.058265 -0.004866 -0.073727
0.053181 0.044583 -0.251761
0.014755 0.07441 -0.306566
0.056306 0.03744 -0.273732
0.04082 0.059623 -0.256103
0.040251 0.056664 -0.176224
0.032465 0.067555 -0.353882
0.057419 0.004511 -0.072639
0.055957 0.039114 -0.348945
0.040998 0.048608 -0.090234
0.050847 -0.003592 -0.358779
0.040519 -0.043045 -0.145462
0.044804 0.048218 -0.365238
0.036276 -0.029417 -0.269927
0.047376 -0.02063 -0.272668
-0.009693 0.064579 -0.003641
-0.000687 0.071353 -0.109378
0.061121 -0.001219 -0.167233
0.042045 -0.029237 -0.242245
-4.1e-05 0.06928 -0.067448
-0.066155 -0.042989 0.005318
0.014757 0.073981 -0.339125
0.052719 0.046178 -0.266416
0.06114 0.006345 -0.212418
0.04401 -0.00095 -0.370431
-0.0593 0.018436 0.012427
0.051359 0.025318 -0.069471
0.051867 0.055916 -0.327871
0.04463 0.0024 -0.37142
0.036107 -0.026844 -0.339741
0.051728 0.053245 -0.344445
0.04868 -0.0422 -0.04062
-0.08402 -0.0247 -0.08983
-0.031233 -0.068057 0.02474
0.019987 0.070813 -0.268724
0.036326 0.063799 -0.261675
0.022839 0.067771 -0.199365
0.031133 0.071575 -0.30559
0.020158 0.074467 -0.331259
0.017715 0.074273 -0.334655
0.044161 -0.024995 -0.333493
0.039345 0.056613 -0.16059
0.050861 0.025311 -0.066989
0.052777 0.041492 -0.18453
0.043255 0.040956 -0.372229
0.06213 0.0138 -0.32155
0.043975 0.063791 -0.311215
0.016983 -0.068537 -0.010258
0.052319 0.047381 -0.272594
-0.07775 0.01405 -0.06501
0.048215 0.03995 -0.105985
0.005846 0.06784 -0.051842
-0.047 0.05419 0.00495
0.034295 -0.027171 -0.342229
0.030886 -0.06039 -0.055058
0.048085 -0.018447 -0.338663
0.05887 0.02995 -0.346294
0.038517 0.050995 -0.085278
0.027726 -0.059905 -0.073628
0.05377 -0.004245 -0.350817
-0.030899 0.044199 0.012406
0.005915 -0.028919 0.012442
-0.06305 -0.060687 0.007048
-0.074735 0.022186 0.005262
-0.007939 -0.067775 0.028828
0.007672 -0.07104 -0.02968
0.060213 -0.009932 -0.132598
0.058527 -0.000489 -0.077401
0.004253 0.068084 -0.050142
0.013518 0.065617 -0.048507
0.044336 -0.020794 -0.344646
0.025836 -0.032087 -0.314862
0.047 -0.0123 -0.35592
-0.03518 -0.065394 0.005349
0.012768 0.066285 -0.058348
0.040701 0.06602 -0.305495
0.019849 0.071759 -0.351108
0.058272 0.036505 -0.296069
-0.07116 -0.03597 0.00503
0.059012 0.028342 -0.253861
0.03706 0.054513 -0.111736
0.04801 0.039268 -0.098819
0.001597 -0.069404 0.019492
0.033199 0.013636 0.011867
0.039971 -0.017083 -0.358443
-0.02786 -0.0636 -0.10524
0.018087 -0.034812 -0.283113
0.055676 -0.002336 -0.060322
0.045334 -0.021768 -0.283014
0.036081 -0.02858 -0.280941
-0.006344 0.068945 -0.040511
0.004714 -0.069224 0.012619
0.038979 0.049755 -0.076257
0.05181 0.0468 -0.24486
0.003373 0.071 -0.26632
0.05412 0.041 -0.21573
-0.035723 0.063429 -0.009584
-0.056736 -0.064422 0.009066
0.050961 0.022858 -0.366375
0.012664 0.065391 -0.041684
0.039255 0.055649 -0.366317
-0.016556 0.069115 -0.051439
0.033763 0.07161 -0.317999
-0.0767 0.0161 -0.1638
0.05873 -0.016 -0.08147
0.015951 -0.06793 0.000155
0.058248 0.03469 -0.345076
-0.06652 -0.0305 -0.16785
0.041538 0.066754 -0.321412
0.030179 -0.061494 -0.001262
0.05887 0.023722 -0.169621
0.055423 -0.026431 -0.122621
0.02337 -0.065671 -0.010723
0.034357 0.063508 -0.235387
0.049903 0.056982 -0.309378
0.015826 0.063433 -0.033078
0.05229 0.046508 -0.25564
-0.03662 -0.019 -0.24475
-0.049415 -0.064129 0.021213
0.057198 0.032695 -0.200162
0.049523 0.031369 -0.07186
0.053633 0.046797 -0.29035
-0.018682 0.069117 -0.05664
-0.006816 0.070568 -0.190883
0.059316 0.027451 -0.229007
-0.01435 0.06898 -0.040252
0.037866 -0.026401 -0.337233
0.059217 -0.007003 -0.082079
0.059243 0.039923 -0.325447
-0.07342 0.0425 -0.09293
0.009286 0.073587 -0.34262
0.055317 0.050367 -0.329394
0.040267 -0.025889 -0.281509
0.051728 0.028687 -0.081227
0.018396 -0.041182 0.012478
0.039029 0.060463 -0.359303
-0.01122 0.069948 -0.067355
-0.01225 -0.0071 -0.28788
0.049892 0.03671 -0.104163
0.04194 -0.051486 -0.040462
-0.02998 0.0555 -0.25382
0.061804 0.014767 -0.331715
0.060833 -0.005496 -0.149908
0.049766 0.02836 -0.066926
0.028627 0.069545 -0.277125
-0.054886 -0.06502 0.010665
0.045027 -0.032087 0.005236
0.053983 0.049017 -0.304187
0.023378 -0.064022 0.011122
0.049536 0.055114 -0.348553
0.058841 0.025916 -0.187104
0.042873 -0.031165 -0.223009
0.053067 0.013258 -0.362609
0.05623 -0.026537 -0.073908
-0.05442 0.0251 -0.22412
-0.030749 -0.05026 0.012677
-0.01744 -0.0721 -0.0376
-0.039156 0.057765 0.005232
-0.02843 0.0387 -0.25686
0.020868 -0.064642 0.014907
0.028551 0.073218 -0.315178
0.014223 0.064966 -0.04339
-0.019634 0.067555 -0.021345
0.04482 0.055642 -0.357598
0.05769 -0.012264 -0.069875
0.001692 0.069835 -0.084992
0.00496 0.067735 -0.045066
0.010975 -0.068799 0.005916
0.045142 0.064063 -0.335398
0.028518 0.073682 -0.327446
0.027716 -0.06322 -0.007731
0.054827 0.003392 -0.355417
0.012231 0.070285 -0.142675
0.053712 0.044353 -0.271777
0.054503 0.049521 -0.340401
0.050948 0.055694 -0.30975
0.02124 0.073838 -0.336616
0.008414 0.064993 -0.024099
0.052 -0.00303 -0.065
0.02336 0.060172 -0.044812
-0.01272 0.0681 -0.25608
0.055209 -0.007915 -0.275728
0.036285 -0.054651 -0.072781
-0.02296 -0.0441 -0.21829
-0.033838 -0.067922 0.023517
0.045845 0.044507 -0.112796
0.033192 0.070939 -0.306872
0.04006 0.054532 -0.141915
0.055225 0.017088 -0.078705
0.05157 0.05005 -0.28559
0.053103 0.017585 -0.066138
0.002493 -0.002927 0.008642
0.042213 -0.020486 -0.350301
-0.04469 -0.0655 -0.07081
0.04889 0.034707 -0.07866
0.03274 -0.0211 -0.35924
0.038155 -0.042989 0.005318
-0.05883 0.0561 -0.08228
0.053368 0.048306 -0.297159
0.022559 0.051761 0.005163
0.005265 0.068745 -0.07488
-0.036308 -0.065202 0.027823
0.025017 0.068759 -0.253242
0.03529 0.0597 -0.15636
0.01813 0.0752 -0.32821
0.054328 0.021068 -0.081586
-0.038874 -0.064968 0.026564
0.050324 0.050742 -0.269019
0.05975 0.011163 -0.273921
0.059046 0.015199 -0.125858
0.060042 0.011401 -0.342299
0.028242 -0.033805 -0.264113
-0.029902 0.001329 0.008729
0.041256 0.044489 -0.061633
0.0595 0.0097 -0.11359
0.031447 0.067746 -0.269826
0.02007 0.073188 -0.295551
0.041473 0.065141 -0.303516
-0.008532 0.071203 -0.096552
-0.006322 -0.070615 -0.053077
0.01655 -0.0632 -0.083
-0.02014 -0.0692 0.02594
0.006551 0.067481 -0.046766
0.042875 -0.023922 -0.282263
0.04316 0.02997 -0.06503
-0.002785 -0.071134 0.014195
0.043483 0.045414 -0.090693
0.04823 0.018573 -0.371095
0.015284 0.067965 -0.112191
0.028954 -0.063307 -0.026411
0.043302 -0.023961 -0.276983
0.02549 0.066596 -0.19108
0.055453 0.021796 -0.358349
0.016341 0.072925 -0.288276
0.052432 0.049159 -0.291378
0.029192 -0.060501 -0.062441
0.03236 0.06955 -0.29149
-0.01985 -0.0383 -0.24669
0.047713 0.005949 -0.368664
0.027473 0.067939 -0.255629
0.052442 0.045389 -0.237574
0.058293 -0.017218 -0.135882
0.05594 0.048691 -0.320666
0.059956 0.024052 -0.247718
0.053072 0.038508 -0.161277
0.032542 -0.056528 -0.078968
-0.001045 0.068036 -0.033427
0.057568 -0.023283 -0.081692
0.041133 0.047691 -0.081372
0.053634 0.017598 -0.068616
-0.01373 0.0471 -0.28414
-0.037335 0.020371 0.012196
-0.06393 0.001151 0.012442
0.054371 0.046665 -0.299542
0.007351 0.06777 -0.058303
0.044823 0.053177 -0.196093
-0.005053 0.04633 0.012406
0.034201 -0.029989 -0.275387
0.0027 0.071738 -0.134315
0.017508 -0.043447 -0.219557
0.046997 -0.017853 -0.345318
-0.006859 -0.035214 0.01208
0.01463 0.069594 -0.226175
-0.016078 0.067129 -0.239125
0.054228 0.042062 -0.245459
0.054279 -0.007454 -0.34334
0.02104 -0.0369 -0.25782
-0.036348 -0.066055 0.025978
-0.00386 -0.0081 -0.30979
0.034139 0.069314 -0.296798
0.05112 -0.0131 -0.3431
0.030561 0.057579 -0.077316
0.040377 0.059 -0.233623
0.04714 0.052746 -0.246539
0.006953 -0.065593 0.027888
-0.002377 0.008695 0.008763
-0.007906 0.065702 -0.010347
0.04924 -0.040469 -0.05183
0.00118 0.070596 -0.099651
0.055024 -0.030406 -0.092736
-0.03252 -0.0714 0.00534
0.052838 0.025172 -0.079459
0.035657 -0.02875 -0.315797
0.058441 -0.012646 -0.075762
-0.042409 -0.069512 0.007637
0.048793 0.058217 -0.309014
-0.00671 -0.0658 0.03284
0.014909 0.064264 -0.038278
-0.056319 -0.064933 0.007017
0.016237 -0.033693 -0.302291
0.041802 -0.027061 -0.260146
0.058615 -0.019168 -0.090009
0.051031 0.050666 -0.28154
0.024762 0.060607 -0.056263
0.021801 0.060929 -0.042366
0.062083 0.018976 -0.330124
0.050159 0.050203 -0.260549
0.059657 0.006303 -0.105754
0.006748 0.071445 -0.148871
-0.00553 0.0715 -0.10524
0.010372 -0.070035 -0.003407
0.00405 0.0675 -0.0383
0.060191 0.023152 -0.238193
0.054463 -0.024567 -0.159778
0.048647 0.055123 -0.287638
0.043496 0.043363 -0.073012
0.050659 -0.016633 -0.269221
0.050471 0.032144 -0.083009
0.055696 -0.026166 -0.066008
0.04073 -0.025957 -0.276223
0.02045 0.0641 -0.08299
0.043008 0.065491 -0.342339
0.045707 -0.024873 -0.252169
0.053095 -0.012013 -0.275249
-0.04312 0.0638 -0.06917
0.03593 -0.007082 0.012447
-0.00622 -0.0721 0.00406
0.061024 -0.003333 -0.14111
0.017616 0.071536 -0.273326
0.031374 0.068778 -0.279347
-0.00021 0.073 -0.30164
0.057858 0.032229 -0.262791
0.027052 0.074005 -0.327557
0.04891 -0.0174 -0.338865
0.042167 -0.033614 -0.209434
-0.02178 -0.0267 -0.26829
0.054612 0.041724 -0.256022
0.052771 0.045354 -0.249462
0.058677 0.005506 -0.090592
0.028671 0.070185 -0.284064
0.02349 0.0596 -0.03919
0.061224 0.013349 -0.215902
0.060234 0.021272 -0.254983
0.035636 0.069355 -0.304399
-0.01285 0.0193 -0.28634
0.001509 0.067808 -0.035861
0.034974 -0.051319 -0.109223
0.05837 0.00722 -0.346916
0.061561 0.024921 -0.308575
0.048739 -0.040279 -0.091144
0.05142 0.041583 -0.160672
0.010666 0.069167 -0.107975
0.04849 0.060315 -0.336224
-0.03619 -0.068644 0.020147
-0.018125 -0.018982 0.008453
0.001915 0.06576 -0.016781
0.055835 -0.007985 -0.31619
0.03553 0.0654 -0.26702
0.048206 0.034329 -0.071834
0.036362 -0.046049 -0.147061
0.052327 -0.029048 -0.153502
0.050267 0.053051 -0.292044
0.02217 -0.0643 0.01305
0.046735 0.022186 0.005262
0.053522 0.021277 -0.074062
0.013195 -0.067121 0.013643
0.010293 0.07353 -0.343647
0.0553 -0.0303 -0.08194
0.023796 0.070173 -0.269161
0.046549 -0.044955 -0.058124
-0.073027 -0.032087 0.005236
0.054298 0.04527 -0.289943
0.011522 0.074423 -0.332573
0.052935 0.050388 -0.345444
-0.01706 0.0689 -0.04416
-0.08221 -0.0063 -0.13442
0.033239 -0.060439 -0.031968
0.016227 0.009556 0.012206
0.061933 0.016548 -0.3118
0.056053 -0.008559 -0.256713
0.06026 0.0115 -0.26246
0.035309 -0.02228 -0.355427
0.040631 -0.02729 -0.332272
0.045699 0.05943 -0.292268
-0.05552 0.0551 -0.15571
0.029853 -0.050063 -0.1459
0.054412 0.030984 -0.010948
-0.010859 0.072045 -0.12501
0.02879 -0.031548 -0.311505
0.034134 -0.029493 -0.315983
0.0523 0.049914 -0.294782
0.000318 -0.011191 0.008563
0.02776 -0.0457 -0.18463
0.0408 0.033635 0.005277
0.050127 0.055138 -0.300715
0.018228 -0.05975 -0.10776
-0.032816 0.067856 -0.085385
-0.020799 0.070938 -0.119468
0.03266 -0.030715 -0.275567
0.05763 0.003 -0.07253
0.035594 -0.058328 -0.020963
-0.044879 -0.06882 0.008427
0.006797 -0.06914 0.010495
-0.043817 -0.065386 0.021997
0.033512 -0.042126 -0.190714
0.044321 -0.018169 -0.351105
0.036984 0.065423 -0.274298
0.059676 -0.012035 -0.141396
-0.066155 0.037049 0.005247
-0.010987 -0.068257 0.028155
0.053048 0.021479 -0.071516
0.033166 0.068558 -0.284653
0.016459 0.063805 -0.039987
0.046555 0.04946 -0.16908
-0.018786 0.068182 -0.028941
-0.005471 -0.06776 0.004978
0.032487 -0.06015 -0.047655
-0.027031 0.045671 0.012466
0.059866 0.023271 -0.201525
0.011872 -0.069757 -0.004876
0.04895 0.042398 -0.13357
0.03827 0.0516 -0.08979
0.019367 -0.066066 0.006124
-0.001153 0.06158 0.00516
-0.007902 0.069627 -0.060672
8.3e-05 0.066653 -0.021507
0.03816 -0.040265 -0.183111
0.049272 0.05911 -0.336904
0.03143 0.065489 -0.359738
0.051676 -0.007266 0.005213
0.021331 0.07185 -0.280613
0.009633 0.067097 -0.054931
0.025703 -0.059643 -0.08459
-0.000538 -0.069641 0.020872
0.024579 -0.032098 -0.316186
0.0607 0.018389 -0.198466
-0.07116 0.03003 0.00497
-0.007959 0.067521 -0.02181
0.057791 0.04288 -0.317174
0.036621 -0.038862 -0.200505
0.018022 0.070738 -0.258437
0.018928 -0.067922 -0.013735
0.06055 -0.005594 -0.115008
-0.053342 -0.064862 0.014266
0.0347 -0.053253 -0.093911
0.02852 -0.03301 -0.269838
0.046524 0.001636 -0.368528
0.041289 0.056878 -0.361373
0.059912 -0.011696 -0.106698
0.008894 -0.069004 0.00821
0.060439 0.014761 -0.259975
0.057163 0.008567 -0.078128
0.057758 -0.00427 -0.257166
0.054561 -0.025275 -0.151046
-0.07532 0.0369 -0.12176
0.01932 0.0618 -0.03149
0.056891 0.008791 -0.075561
0.026511 0.073571 -0.311004
0.017974 0.063263 -0.041705
0.020124 -0.066138 -0.049494
-0.0354 0.042336 0.012407
-0.026141 0.066955 -0.189712
-0.057403 -0.052449 0.005253
0.055122 0.003707 -0.061587
0.042484 0.056978 -0.225397
0.055889 -0.001365 -0.347571
0.057726 0.005564 -0.077867
-0.03701 0.0265 -0.24265
-0.01304 0.067834 -0.236452
-0.004025 0.069512 -0.063736
0.001537 0.072135 -0.148558
0.050235 0.032182 -0.364894
0.047971 0.05565 -0.283595
-0.05734 0.0557 -0.1363
0.025869 -0.064015 -0.004248
0.021605 -0.038569 0.012536
0.057552 -0.003288 -0.305747
0.011278 0.067614 -0.083975
0.060734 -0.004202 -0.167346
0.017214 -0.039612 -0.245923
0.059509 0.003631 -0.305527
0.02955 0.0668 -0.25186
-0.013161 0.069835 -0.06583
-0.049605 -0.038569 0.012536
0.05228 0.046929 -0.264117
0.008355 0.074751 -0.303254
0.042077 0.05569 -0.361986
0.060365 0.007937 -0.304487
0.059379 0.003645 -0.264599
-0.04444 -0.0697 -0.01851
0.060723 0.017133 -0.247958
-0.001746 -0.071011 0.009442
0.043404 0.045131 -0.086342
-0.08065 0.0302 -0.04607
0.049114 0.056629 -0.300353
-0.00313 -0.0592 -0.1349
0.038584 -0.027991 -0.270184
-0.046463 -0.065153 0.020618
0.051625 0.042585 -0.173934
0.030624 0.056319 -0.058494
0.04975 0.01405 -0.06501
0.051175 0.00561 0.005277
0.053827 0.04347 -0.25983
0.060971 0.020142 -0.340142
0.052149 0.047413 -0.351612
0.03393 -0.0597 -0.04023
-0.03666 0.0556 -0.22941
0.05368 0.025506 -0.091566
0.039928 0.05169 -0.112148
0.00418 -0.0102 -0.33261
0.032233 0.072036 -0.31367
0.058415 0.002314 -0.080189
0.000341 -0.070934 0.007315
0.045573 -0.008654 -0.362447
-0.08116 0.0319 -0.05335
0.03756 0.0681 -0.30416
0.0354 -0.028866 -0.292621
-0.046437 0.001305 0.012213
-0.022947 0.04633 0.012406
0.019004 -0.057825 -0.120115
0.037652 -0.034147 -0.228542
-0.047 0.05413 -0.06505
-0.014431 0.069139 -0.046234
0.057317 -0.003937 -0.266682
0.059621 0.033935 -0.340021
-0.05908 0.0552 -0.11996
0.05951 0.0108 -0.28539
0.056394 0.007706 -0.070336
0.037486 -0.019696 -0.357272
0.057328 -0.012344 -0.202585
-0.079676 -0.007266 0.005213
0.01996 -0.06786 -0.022959
0.05569 0.030174 -0.144288
0.045832 0.014862 -0.374287
-0.006262 0.068645 -0.034541
0.052429 -0.00396 -0.354856
0.054579 0.042091 -0.266582
-0.05789 0.031 -0.21492
0.031631 -0.038165 -0.223383
-0.021084 -0.070132 0.022356
0.058998 0.028813 -0.243294
0.04408 -0.0474 -0.07563
0.060788 0.010869 -0.337264
0.035294 -0.01191 0.012449
0.019181 0.075195 -0.316174
0.005632 -0.038927 -0.262345
0.030455 0.070462 -0.292645
0.021999 0.064446 -0.104097
0.050609 0.0521 -0.288362
-0.010036 0.07101 -0.09221
0.025813 0.070772 -0.280943
0.056936 0.0047 -0.070097
0.043053 -0.050408 -0.034975
0.00121 0.0688 -0.0586
-0.07583 0.0399 -0.07945
0.00224 -0.0719 -0.00505
0.059987 0.011333 -0.26819
0.033626 -0.048212 -0.143904
0.021924 -0.038385 -0.246347
0.01074 0.0708 -0.16343
-0.05931 0.0548 -0.04388
0.043034 0.04287 -0.067792
0.04304 -0.02204 -0.344008
-0.03477 0.0676 -0.1099
0.059648 0.01736 -0.150819
-0.07846 -0.0472 -0.01352
-0.01014 0.0721 -0.16217
-0.03108 -0.06678 -0.06495
0.053033 0.04395 -0.23029
0.047567 0.033748 -0.066667
0.020095 0.06223 -0.045545
0.045663 0.043847 -0.105622
0.054963 0.017159 -0.076195
-0.05346 0.0593 -0.11222
0.052493 0.054562 -0.319179
0.036628 0.066728 -0.285986
-0.02392 0.068393 -0.052511
0.048453 0.052809 -0.354352
0.011163 -0.063722 0.005336
-0.009704 0.062706 0.005161
0.055025 0.036849 -0.030036
-0.033918 0.022994 0.012194
0.052366 0.008842 -0.362747
0.035864 0.06897 -0.302119
0.041567 -0.052583 -0.023877
0.046845 -0.029457 -0.207675
0.034197 0.068948 -0.293504
0.043873 -0.026581 -0.251687
-0.018117 0.046966 0.012407
0.056476 -0.010117 -0.061557
0.026226 0.06991 -0.273138
0.055001 -0.00768 -0.285246
0.052549 -0.012879 -0.33494
0.05119 0.0515 -0.29241
0.000186 0.070131 -0.240271
0.018097 0.069829 -0.250827
0.018069 -0.067452 -0.002282
-0.000601 0.071447 -0.177027
-0.002299 -0.014628 0.008532
-0.0834 0.0239 -0.08564
0.045663 -0.022439 -0.272197
-0.01352 -0.0381 -0.25689
-0.057403 0.04651 0.005168
0.002499 -0.031544 0.012241
0.055654 -0.018505 -0.185294
0.020746 0.074356 -0.302838
0.054644 0.017214 -0.073692
0.033526 0.071928 -0.326864
0.03793 -0.025054 -0.344421
0.058331 -0.016572 -0.144618
0.022085 -0.062067 -0.076439
0.052798 0.054575 -0.32825
0.001438 0.068186 -0.041829
0.048907 0.050372 -0.23837
0.01458 0.013536 0.012202
0.0597 -0.0114 -0.15013
0.052223 0.035215 -0.048949
0.051492 0.02877 -0.078716
-0.04752 0.0459 -0.21861
0.018053 0.069134 -0.227347
0.016772 0.070424 -0.253455
-0.07234 0.039 -0.13837
-0.004899 0.072313 -0.162492
0.025408 -0.060235 -0.080772
0.028073 0.068183 -0.261623
-0.052603 -0.066066 0.010208
0.026253 0.062603 -0.113085
-0.01332 0.0642 -0.00169
-0.025279 0.068941 -0.070046
-0.007323 -0.066804 0.030842
0.05746 -0.001358 -0.068835
0.005584 -0.06482 -0.089957
0.0075 0.071192 -0.138488
0.060437 0.018022 -0.257481
-0.047 -0.002966 0.012216
0.049252 0.059463 -0.331667
0.040937 0.048342 -0.085879
0.049906 0.04738 -0.205898
0.052476 0.053834 -0.338993
0.010914 0.06387 -0.020602
-0.005789 0.011296 0.008793
0.056622 -0.021003 -0.147833
-0.001909 0.070765 -0.095112
0.06127 0.0304 -0.31507
0.047515 -0.013781 -0.352623
0.048506 -0.018989 -0.331425
-0.03073 0.0676 -0.06088
0.045726 -0.018076 -0.348238
0.03868 -0.026657 -0.315824
0.046646 0.062266 -0.326277
0.01433 -0.0698 -0.01677
0.061121 -0.000326 -0.140997
0.058052 0.043474 -0.32427
-0.041185 -0.067429 0.019377
0.020769 0.061504 -0.040444
0.028046 -0.043371 -0.199081
0.028322 -0.058726 -0.081265
-0.0289 -0.0722 -0.00467
0.047565 0.056567 -0.287283
0.059673 0.025429 -0.219008
0.01963 0.075118 -0.328114
0.009335 0.020371 0.012196
-0.005158 0.069963 -0.073227
0.04975 -0.02011 -0.06499
0.060968 0.001991 -0.131966
0.059923 0.002542 -0.247795
0.054524 0.051798 -0.329012
0.050726 -0.037286 -0.054239
-0.05044 -0.0655 -0.05529
0.044559 0.057736 -0.270053
0.008157 -0.037212 -0.273028
0.04034 -0.033 -0.22385
0.017846 0.073047 -0.291455
0.032352 -0.031441 -0.269837
0.05181 0.047231 -0.253339
0.018647 0.062531 -0.036598
0.034756 0.052035 -0.054936
0.058221 -0.015647 -0.075563
0.050668 -0.015949 -0.274762
0.054356 0.042813 -0.271371
0.061571 0.028194 -0.331739
1.1e-05 0.068783 -0.051984
0.060151 0.011552 -0.294432
0.047957 0.054182 -0.353743
-0.033728 -0.068761 0.021511
0.060402 -0.006117 -0.106574
0.049711 -0.016319 -0.339055
0.043959 0.053179 -0.180464
-0.039156 -0.063704 0.005332
0.057046 0.044843 -0.336517
0.047307 0.048045 -0.360864
0.017777 0.064613 -0.063422
0.052821 -0.012576 -0.306565
0.005967 0.070033 -0.103809
0.059601 -0.002568 -0.223241
0.041901 0.060594 -0.354987
0.060309 4.4e-05 -0.106434
