2051
-0.11231 0.0238 0.06347
0.07722 0.04373 -0.003
-0.05377 -0.0094 0.0317
0.07123 -0.05949 -0.01264
-0.08253 0.03964 0.01795
0.07942 0.04794 -0.00135
0.08557 -0.0346 -0.02197
-0.08287 0.0026 0.0413
0.07722 -0.005 0.01915
0.11964 0.01893 -0.00575
-0.08597 -0.0094 0.0393
-0.07657 0.0291 -0.0124
0.05499 -0.06292 -0.02159
0.07843 0.0299 -0.01798
-0.12148 0.01045 -0.01535
0.07353 -0.0269 -0.02329
-0.06869 -0.05122 -0.02875
0.11205 -0.0286 0.0053
0.05798 -0.01446 -0.0265
-0.0834 -0.04785 -0.036
0.02236 0.02129 0.01395
0.0694 0.0213 -0.02017
0.11453 -0.005 -0.00765
0.0797 -0.04649 -0.00013
0.1235 -0.02 -0.0352
-0.09406 0.01236 0.05078
0.05151 -0.06926 -0.02907
-0.01657 -0.0318 -0.01844
0.06613 0.05096 -0.01335
0.00936 -0.04229 -0.003
-0.10182 -0.01085 0.07448
0.07787 -0.02568 -0.02295
0.05066 0.03689 0.02218
-0.09801 -0.04356 -0.01135
-0.07657 0.0323 0.0203
0.05394 0.04524 -0.02206
-0.00447 0.0121 0.0402
0.12154 0.01248 0.00364
0.08718 -0.05668 -0.01294
0.07843 -0.0366 0.00197
0.1015 -0.05294 -0.02299
0.05864 0.05086 -0.01351
0.00643 -0.0095 0.03692
-0.00847 0.0033 -0.02828
0.05095 -0.0312 -0.02876
0.0866 -0.03744 0.00389
0.05687 -0.06874 -0.02152
-0.1275 0.01045 -0.01534
0.03367 -0.04548 0.0103
0.08445 -0.0135 -0.0241
0.08796 0.02995 0.01069
-0.0921 -0.04891 -0.01614
-0.10843 -0.04242 -0.00042
0.05403 -0.00513 0.02328
-0.05907 -0.0174 0.0317
-0.11405 -0.02999 0.04948
0.01677 0.02602 -0.0163
0.05869 0.0182 -0.00202
0.02964 -0.05373 -0.003
0.04017 -0.03206 -0.02295
-0.09954 -0.0015 0.06771
0.05519 0.0232 -0.01279
-0.01657 0.025 -0.02292
0.11229 0.02434 0.00548
0.04742 -0.01 -0.01549
-0.11451 -0.03285 0.03548
0.06562 -0.0543 -0.01
0.1116 -0.0521 -0.02707
0.122 0.03276 -0.01682
0.05519 0.0095 0.00428
0.10322 -0.05814 -0.01389
0.08746 -0.0229 0.00329
-0.06791 0.04393 0.00819
0.08076 -0.06417 -0.01269
-0.01657 -0.0172 -0.0262
-0.00993 0.04063 -0.02884
0.03853 -0.06684 -0.02994
-0.09081 -0.00227 0.03985
0.1295 0.01145 -0.01534
0.12408 -0.00707 0.00195
0.08205 -0.06178 -0.00738
0.05994 0.05117 -0.01991
0.07352 -0.05252 -0.00397
-0.11564 0.02589 0.05441
-0.09597 0.0 0.0361
0.05343 0.00523 -0.0265
0.12615 0.01362 -0.02048
-0.08544 0.0172 -0.02809
-0.07027 0.0026 -0.0273
0.0729 0.04971 -0.02455
0.07843 -0.0439 0.00017
0.05759 -0.06802 -0.0166
-0.08393 0.03909 -0.02808
0.00643 0.0095 0.03692
-0.08987 0.0323 0.007
0.04989 0.04877 -0.02885
0.01189 -0.00348 0.02857
0.08828 -0.04628 0.00525
0.07843 0.0299 -0.00202
-0.11874 -0.03835 0.00041
0.01745 -0.01844 0.03068
-0.03859 0.01962 0.0187
0.07297 -0.06053 -0.02578
0.05595 0.02787 -0.01873
0.11136 0.03255 -0.02016
0.07757 -0.06188 -0.00642
-0.01022 0.01159 -0.02882
0.08735 0.04597 -0.02889
0.05267 -0.0252 -0.01798
-0.06427 0.0298 -0.0063
-0.01975 -0.05859 -0.02892
-0.10502 -0.02669 0.06764
0.01885 -0.005 -0.02295
0.11319 0.02059 -0.00083
0.09705 -0.01 -0.02197
0.07929 -0.06531 -0.02027
-0.07027 -0.0026 0.0413
0.07722 -0.005 -0.02515
-0.06547 -0.0268 0.0264
0.05343 -0.04889 -0.0163
0.06557 -0.05866 -0.00249
0.08746 0.0029 -0.02329
-0.125 0.02182 0.04426
-0.01657 0.0 0.043
0.10443 0.0417 -0.00977
0.01072 0.02523 0.02553
-0.07001 -0.0543 -0.01177
0.10881 0.008 -0.00721
0.0702 0.00919 0.01915
0.1066 0.01359 0.00615
0.05869 -0.0382 -0.01798
0.05792 -0.0624 -0.00708
0.10034 0.0029 -0.02017
0.10268 -0.05886 -0.02744
0.02493 0.0172 0.007
-0.11109 0.02226 0.06849
0.01274 -0.01919 -0.01995
0.02183 0.0159 0.02076
-0.05546 0.04063 0.0194
0.07114 0.04451 -0.01513
0.1053 -0.005 -0.0163
0.11381 -0.00946 0.00215
0.08891 0.0415 0.00369
0.05478 -0.06377 -0.0085
0.10127 0.01172 0.0103
-0.09027 0.0137 -0.0221
0.05672 0.04503 -0.02549
0.12586 0.02506 -0.00894
0.04485 -0.01226 0.0205
-0.07657 0.0194 0.0361
-0.07657 0.0068 0.0413
0.0666 -0.017 0.00329
0.0666 -0.003 -0.02329
0.05344 -0.06209 -0.01551
0.06233 0.05106 -0.01946
0.0498 -0.0269 -0.01549
0.1023 0.0389 -0.00109
-0.11322 -0.02383 0.0685
0.10189 -0.02818 0.00329
-0.06347 -0.0317 0.0138
0.09026 -0.0509 -0.01549
0.11965 0.03359 -0.02936
-0.02467 0.0033 -0.02828
0.06754 -0.05678 -0.0075
0.09412 -0.01919 0.01395
-0.04157 0.0 0.03692
0.04483 -0.01 -0.01
0.10589 0.01435 0.00626
0.08532 -0.05013 0.00322
0.10058 -0.05325 -0.02688
-0.03173 -0.05672 -0.02913
-0.00447 -0.0121 -0.0262
-0.05397 0.0 0.027
-0.02867 0.0121 0.0402
-0.04157 -0.05578 -0.036
0.04298 -0.00469 -0.02892
0.04703 0.04998 -0.00789
0.04496 -0.06635 -0.01475
0.02964 -0.005 0.01915
0.06213 0.05106 -0.0214
-0.09074 -0.04704 -0.00012
-0.04397 -0.05452 0.00767
0.08396 0.0389 0.00595
-0.01007 0.0159 0.0402
0.05343 0.0467 -0.00765
0.04751 0.00829 0.02516
0.08463 -0.03129 0.01395
-0.05917 0.0174 -0.0177
0.09538 -0.04834 -0.03
0.07532 0.04992 -0.01123
-0.00767 -0.005 -0.00765
-0.11847 -0.03054 -0.03
0.11184 -0.03842 -0.036
-0.04318 -0.05476 -0.03
-0.01841 0.0491 -0.02799
0.07843 0.0166 0.00197
0.05713 0.04745 0.00328
0.05981 -0.01 0.00197
-0.12176 -0.02075 -0.02966
-0.01911 0.04415 0.02001
0.07744 0.04919 -0.00551
-0.09937 -0.0228 -0.0063
0.10696 0.03006 0.00451
0.02934 -0.05232 0.0199
0.05942 -0.06833 -0.0294
0.09103 0.0334 -0.01279
-0.04229 -0.06079 -0.0123
0.05703 0.04371 0.01528
0.046 -0.00799 -0.02986
-0.04747 0.0 0.0264
-0.07177 -0.0048 -0.0273
0.05267 -0.0252 -0.00202
-0.01037 -0.0062 0.04228
0.12351 0.01145 -0.01534
0.08424 -0.06427 -0.02664
0.07129 -0.0346 -0.02197
0.00559 -0.02172 0.0103
-0.04777 0.0312 4e-05
0.13315 -0.0053 -0.02645
0.10216 -0.01 -0.02017
0.07319 0.03548 0.0103
0.07234 0.04888 -0.02864
-0.10887 0.0 0.0203
-0.12148 -0.02 -0.01351
0.05462 0.0073 -0.01773
-0.04869 -0.05881 -0.00841
-0.06111 -0.05694 -0.01762
-0.06883 0.03965 -0.00881
0.12418 0.02995 -0.01369
0.06213 0.05086 -0.0234
0.05869 -0.0382 -0.00202
-0.07147 0.0123 0.0393
-0.00707 -0.023 -0.02292
0.09124 -0.01 0.00329
0.07683 0.04274 0.00165
0.12353 0.016 -0.01349
0.00936 -0.005 0.01395
0.01066 -0.01602 -0.02945
0.08297 0.0467 -0.00037
0.11699 0.02704 -0.00026
-0.13857 -0.0004 0.01304
-0.05397 -0.0 -0.013
0.11092 0.03921 -0.01309
-0.05871 0.02864 -0.02865
-0.00227 0.0345 0.027
0.12117 0.02288 -0.01206
0.01948 0.00939 0.03469
-0.07917 -0.0063 -0.0273
0.0702 0.00919 -0.02515
0.04006 -0.02856 0.02606
-0.04687 -0.04847 0.01862
-0.07917 0.0063 -0.0273
-0.00847 -0.0033 -0.02828
0.06527 -0.0288 0.00197
0.08494 -0.01 -0.0241
-0.1275 -0.02 -0.027
-0.08397 0.0179 -0.0221
-0.06226 0.0447 0.00828
0.09159 -0.0288 0.00197
0.05267 0.0052 -0.01798
-0.05187 0.0 0.0317
-0.00782 -0.05716 0.01128
0.02899 -0.02568 0.01695
0.07598 -0.0014 0.0041
0.09412 -0.03943 0.00615
-0.11028 -0.03789 -0.01248
-0.01657 0.0172 -0.0262
-0.02585 0.02523 -0.0291
-0.11498 0.03865 -0.0036
-0.01657 -0.0415 0.02076
0.09134 -0.02933 0.01198
-0.10567 -0.0 -0.0124
-0.05377 0.0228 0.0203
-0.08842 -0.03912 0.02892
0.06583 0.0334 -0.01279
0.12302 0.02267 -0.02411
0.0698 0.05054 -0.00921
-0.03247 0.0065 -0.0262
0.05324 -0.01404 -0.01674
0.07197 -0.05398 0.0014
-0.04487 0.0131 0.0138
0.01634 -0.03494 0.02867
0.10076 -0.05242 -0.01359
-0.10753 0.03392 -0.01223
-0.1275 -0.01962 -0.02159
-0.04427 -0.0133 0.007
0.02217 0.05119 -0.01431
0.02964 -0.005 -0.02515
-0.054 -0.03307 -0.02852
-0.07397 -0.0063 0.0413
-0.06977 -0.0 -0.0273
0.08521 -0.04378 0.00743
-0.10744 -0.0015 -0.02944
0.0975 0.03229 -0.003
-0.07397 0.0063 0.0413
0.05409 0.05086 -0.0204
-0.03907 -0.0224 -0.01844
-0.09803 -0.04357 -0.03
0.02413 0.0168 0.01396
-0.02867 -0.0121 -0.0262
0.07353 -0.0269 0.00329
0.05674 0.03755 -0.00772
0.00023 -0.0407 4e-05
0.09659 -0.04152 -0.00765
-0.09707 0.0205 -0.0124
0.07319 -0.04548 0.0103
-0.07127 -0.03351 -0.02881
-0.00227 0.0345 -0.013
0.07843 -0.057 -0.00721
0.01027 0.03152 0.00165
-0.07657 0.0133 -0.0253
-0.03923 -0.03307 0.01874
0.1029 0.03619 -0.01924
0.08123 0.0416 -0.00294
-0.08419 -0.04766 -0.01008
-0.03897 0.0224 -0.01844
0.07598 -0.0014 -0.0241
-0.06287 -0.0137 0.0361
0.09124 0.0343 -0.01
-0.03857 -0.06222 -0.01623
0.10963 0.03318 -0.02361
0.10034 -0.0229 -0.02017
-0.04487 0.0131 0.0002
0.09488 -0.06157 -0.02719
0.11354 0.01747 0.00813
0.11558 -0.04025 -0.0029
0.08928 -0.06032 -0.00786
0.09817 0.0182 -0.01798
0.04763 -0.06843 -0.01652
0.05657 0.02875 0.01129
-0.09228 0.03337 0.04079
0.05422 0.04524 -0.02352
-0.02275 -0.00326 -0.02902
-0.09114 -0.01899 0.03886
0.03146 -0.04999 -0.01215
0.08505 0.03713 0.00139
-0.04522 -0.02449 0.01863
-0.06348 -0.05265 0.00334
-0.09937 0.0228 0.0203
0.06686 0.04482 -0.01987
0.11995 0.02122 0.00167
0.10034 0.0213 -0.00451
0.05424 -0.00194 0.02328
0.06669 0.02206 0.01695
0.04134 -0.005 -0.0265
-0.07177 0.0048 -0.0273
-0.07413 -0.00216 -0.02888
0.07354 -0.06583 -0.01539
0.01273 0.0293 -0.00676
0.07265 0.0469 0.00204
0.10871 -0.04711 -0.02136
-0.13356 -0.02075 0.02015
-0.07147 0.0123 -0.0253
-0.04977 -0.0111 0.0264
-0.05092 0.04602 0.00747
0.10875 0.039 -0.02906
0.05267 0.0052 -0.00202
-0.01657 0.0415 -0.00676
-0.05907 -0.00392 0.01938
-0.01537 -0.01701 -0.02888
-0.00067 -0.0384 -0.00676
0.00026 -0.02359 -0.01215
0.00063 0.0415 0.007
-0.08337 0.0 0.0413
-0.07657 -0.0291 -0.0124
-0.04777 -0.0312 0.01396
0.10689 -0.04888 -0.01835
-0.02447 -0.06486 -0.013
0.0754 0.0027 0.01915
-0.07298 0.0458 -0.0279
0.11274 -0.05138 -0.01497
-0.08092 -0.05144 -0.01195
-0.09447 0.0074 -0.0221
0.05798 0.00446 -0.0265
0.12234 -0.02215 0.0006
0.05373 0.05075 -0.01843
-0.05082 0.03645 -0.02852
0.1199 0.02683 -0.02424
0.04208 -0.06772 -0.02988
0.06121 0.0002 -0.02197
0.05343 -0.05373 -0.01215
0.09613 -0.06042 -0.01171
-0.01436 -0.0609 0.00217
-0.00617 -0.06778 -0.03
-0.09937 0.0094 0.0317
-0.04837 0.0318 0.007
-0.03247 0.0384 0.02076
0.12996 0.02174 -0.02227
0.0278 0.03227 0.03281
-0.05874 -0.00788 -0.02862
0.11102 -0.005 -0.01215
0.01952 0.0205 -0.02833
-0.02381 0.01929 0.01995
0.0845 0.02129 0.01395
-0.04715 -0.05419 -0.02939
-0.08767 -0.0268 0.0264
0.03146 -0.0127 -0.02515
-0.07262 0.0172 0.02213
0.0754 -0.0127 -0.02515
0.00156 -0.005 0.0103
0.06779 -0.0468 -0.01798
0.10546 -0.05678 -0.02976
-0.06327 0.0323 0.007
0.11541 0.03671 -0.02648
0.09499 -0.00967 0.01514
-0.07657 0.0247 -0.0177
0.0117 -0.069 -0.0086
-0.0986 -0.04302 -0.036
0.01523 0.0318 0.007
0.04742 0.0073 -0.02985
0.08792 0.04098 -0.01884
0.05343 0.00523 0.0205
0.1175 0.02319 -0.00719
-0.04879 -0.05342 0.00859
0.07192 -0.01 -0.0241
-0.05107 -0.0143 -0.013
-0.01183 0.03326 -0.02887
0.03367 0.03548 -0.0163
0.08704 0.04098 -0.02321
0.04289 -0.06718 -0.01912
0.03666 0.02943 -0.01995
0.08746 0.0029 0.00329
-0.08137 0.0048 0.0413
0.12911 -0.00634 -0.00354
-0.05142 0.04767 -0.02854
0.09817 0.0182 -0.00202
0.02183 -0.0159 -0.00676
-0.05867 0.0074 -0.0221
0.1295 -0.01545 -0.01534
0.05078 -0.06112 -0.00074
-0.06028 -0.05254 -0.02861
0.08931 0.0469 -0.01315
0.12933 0.02278 -0.02724
-0.08442 0.03128 -0.02808
0.07533 -0.06001 -0.02277
0.09005 0.0391 -0.00384
-0.12148 -0.01545 -0.01534
0.05343 -0.03426 0.01695
-0.02307 -0.0159 0.0402
-0.08445 -0.01943 -0.02904
0.07241 -0.0065 -0.0241
0.10216 -0.0439 -0.01
0.09026 -0.003 -0.02329
-0.04297 -0.0264 0.027
0.01895 0.0095 -0.02933
-0.07166 -0.04671 0.0162
0.10513 0.03536 -0.01387
-0.07473 -0.05111 -0.00185
0.05787 0.04493 -0.0258
0.10788 -0.05585 -0.01946
0.0754 0.03999 0.00615
-0.05727 0.0168 4e-05
0.12214 -0.02704 -0.02121
0.0666 -0.003 0.00329
-0.02824 -0.05045 0.01893
-0.11091 0.03265 -0.036
-0.1208 -0.03021 0.03737
0.04746 0.04921 0.00412
0.10949 -0.04566 -0.01318
-0.08967 -0.0317 0.0002
0.08088 -0.0186 0.0041
0.04341 0.05 -0.0085
0.1242 0.01945 -0.01568
-0.01657 0.045 0.007
-0.06023 -0.0235 0.01938
-0.08287 -0.0026 0.0413
-0.05497 0.0159 -0.00676
0.05651 0.04493 -0.0234
-0.00736 -0.02647 0.02126
0.05652 -0.0413 -0.00451
0.03003 0.04274 0.00165
0.0547 0.0239 -0.01
-0.05807 0.0 0.02076
0.01732 -0.04396 0.02969
0.09659 0.03152 -0.00765
0.04805 0.008 -0.00721
-0.01007 -0.0159 -0.0262
-0.08887 -0.0051 0.0393
-0.01037 0.0062 0.04228
0.1231 0.01893 -0.01121
0.04429 -0.03131 -0.02987
0.09412 0.02943 0.00615
-0.01855 0.03381 -0.02898
-0.09735 -0.01316 0.05975
-0.12669 -0.02273 0.04327
0.11672 -0.03765 -0.01753
-0.08675 -0.02097 0.02893
-0.02695 0.04899 -0.00013
0.07598 0.04118 -0.0002
0.09103 -0.0534 -0.00721
0.09507 0.0312 0.00953
-0.07657 0.0323 -0.0063
0.0754 0.0027 -0.02515
0.05738 0.04503 -0.01592
-0.12727 0.02886 0.01421
-0.06107 -0.05584 -0.00762
0.0941 -0.05262 -0.01008
0.04017 0.02206 0.01695
0.12405 0.0233 -0.00431
-0.00227 -0.0345 0.027
0.00063 0.0 0.0402
-0.1275 0.01462 -0.02159
-0.05907 0.0175 0.0317
-0.01037 -0.0062 -0.02828
0.03367 -0.04548 -0.0163
0.05171 -0.06937 -0.02295
0.10636 -0.01 -0.01798
0.08305 -0.0166 0.0041
0.06051 0.04524 -0.00954
-0.09435 0.03744 0.02776
0.12029 -0.00718 0.00506
-0.11988 0.01973 -0.02967
-0.1275 -0.01 -0.0135
-0.04297 -0.0264 -0.013
-0.01657 0.0441 0.01396
-0.01657 -0.025 0.03692
0.05519 -0.0432 -0.00721
0.04878 -0.00194 0.02419
0.02899 -0.02568 -0.02295
0.0505 -0.01 -0.01798
-0.05867 -0.0074 0.0361
0.13008 -0.02153 -0.01096
0.09009 0.02602 0.0103
0.0722 -0.06666 -0.02627
-0.06917 -0.0179 -0.0221
0.05186 -0.04715 0.01727
-0.10533 -0.03208 0.05063
0.01752 0.00543 0.03466
0.1295 0.01562 -0.02159
0.05445 -0.00326 0.00828
-0.1129 -0.03659 0.0215
0.04225 -0.00115 0.0205
0.08874 0.0468 -0.02232
0.07787 0.01568 0.01695
0.05343 0.03889 0.0103
0.05343 -0.01523 -0.0265
0.02413 -0.0168 4e-05
0.0702 -0.01919 0.01915
0.09321 -0.04493 0.00483
-0.03377 -0.0415 0.007
-0.10337 -0.0111 -0.0124
0.06475 0.04482 -0.0062
-0.03087 0.0345 -0.013
0.08675 -0.0572 -0.01483
-0.07593 0.03843 -0.02795
-0.06547 -0.0268 -0.0124
-0.08887 0.0298 0.0203
-0.07657 0.0343 0.0138
0.02003 0.03062 -0.02833
0.08305 -0.0034 0.0041
0.08427 -0.04118 0.0024
0.09516 0.0139 0.00017
0.08709 0.04376 -0.01027
0.05652 0.0029 -0.02017
0.07704 0.04316 -0.00586
-0.07147 -0.0123 0.0393
0.12351 -0.01545 -0.01534
0.09565 0.0002 0.00197
-0.00227 -0.0345 -0.013
-0.09407 -0.0174 -0.0177
-0.0981 -0.0235 0.06275
0.06583 -0.0534 -0.00721
-0.04875 -0.0598 -0.01541
0.0702 -0.03943 -0.01995
0.09967 0.0312 0.00755
0.06461 -0.00885 -0.0265
0.05618 0.03073 0.02228
-0.09447 -0.0074 -0.0221
0.12068 0.03307 -0.01335
-0.03668 -0.06277 -0.0182
0.10167 0.0232 -0.00721
-0.07657 0.0343 0.0002
0.00023 0.0407 0.01396
0.11777 -0.02361 0.00365
0.05166 0.04628 -0.0151
0.11127 -0.04035 9e-05
0.11262 -0.05169 -0.01904
0.11432 -0.04035 -0.0127
0.12073 -0.0301 -0.03597
0.13337 -0.00489 -0.02131
-0.08112 0.04151 0.01297
-0.05497 -0.0159 0.02076
-0.08887 -0.0051 -0.0253
0.02964 0.04373 -0.003
-0.07569 0.04624 -0.01495
-0.07304 -0.00293 0.02214
0.06669 0.02206 -0.02295
-0.01151 0.05053 -0.01287
-0.04587 -0.0293 0.02076
0.10636 -0.01 -0.00202
0.05652 -0.0229 0.00017
0.10127 0.01172 -0.0163
-0.03377 0.0 0.0402
0.08305 -0.0034 -0.0241
-0.10827 0.0131 0.0002
0.01463 0.0312 4e-05
-0.1215 -0.02 -0.0352
-0.10567 0.0 0.0264
-0.05364 -0.05694 -0.00449
0.03375 -0.04396 0.02397
0.05412 0.01687 -0.02875
0.0505 -0.01 -0.00202
-0.0936 -0.03571 0.03983
-0.02739 -0.01745 -0.02909
0.04601 -0.00183 0.02514
0.06682 0.05023 -0.00665
0.09703 -0.03973 0.00672
0.13059 -0.02142 -0.02175
0.08214 -0.05876 -0.02848
0.12097 0.02579 -0.02118
0.05365 -0.00766 -0.01673
-0.06717 0.0094 -0.0253
-0.09891 0.00785 0.06671
0.08816 -0.0469 -0.00253
-0.02607 -0.023 -0.02292
0.06201 0.00226 -0.0265
0.02738 0.02391 0.03381
0.12669 0.02652 -0.01281
0.12334 -0.03817 -0.01343
-0.06427 -0.0298 0.0203
-0.0591 -0.03318 -0.0286
-0.06237 -0.04858 0.01436
0.11104 0.03879 -0.01101
-0.03957 -0.0095 0.03692
-0.05107 0.0143 0.027
0.0702 -0.01919 -0.02515
0.07381 -0.0034 0.0041
-0.00299 -0.0248 0.00165
-0.07755 -0.04066 0.0241
0.08804 0.04659 -0.02599
0.07843 -0.057 -0.01279
-0.01657 -0.0087 0.04228
0.07429 0.05002 -0.01734
-0.11786 0.02643 -0.01317
0.0439 0.05 -0.036
0.12351 0.01562 -0.02159
0.05485 -0.06271 -0.01995
-0.06067 0.0 0.01396
0.01112 -0.02284 0.02557
0.03286 0.03865 0.02789
0.05685 0.03744 0.00429
0.0562 0.02842 -0.00672
0.07319 0.03548 -0.0163
-0.07147 -0.0123 -0.0253
0.01437 -0.06893 -0.00334
0.12352 0.016 -0.027
-0.10887 -0.0 -0.0063
-0.07657 0.0247 0.0317
0.0547 -0.01 0.00017
0.07843 -0.0543 -0.01549
0.05343 -0.02513 0.01915
0.08541 0.00622 0.01695
0.05271 -0.00491 -0.02875
0.05133 -0.0649 -0.01114
0.10441 -0.05096 -0.02424
0.12199 0.02392 -0.01609
0.11133 -0.01 -0.00721
-0.11721 0.02666 0.05038
-0.03337 -0.0407 4e-05
-0.08397 -0.0179 -0.0221
0.05343 -0.03426 -0.02295
0.09412 0.00919 -0.01995
0.02843 0.0 0.007
-0.01657 -0.0441 4e-05
-0.04549 0.04822 -0.00444
-0.04587 0.0293 -0.00676
0.11189 0.02735 -0.006
0.0937 -0.05564 -0.02724
0.09528 0.01903 0.01503
0.04613 -0.06386 -0.02299
0.07241 -0.0135 0.0041
0.02411 0.03931 0.03074
0.08907 0.0268 -0.01798
-0.07177 0.0048 0.0413
0.01576 -0.00403 -0.02937
-0.11353 -0.03598 -0.036
0.01793 -0.0143 -0.013
-0.06427 0.0051 0.0393
0.09159 0.0088 -0.02197
-0.10024 -0.01833 0.06971
0.10415 0.04191 -0.01115
-0.05107 0.0143 -0.013
0.05886 0.05106 -0.01564
0.02145 0.00622 0.01695
0.02934 -0.00458 0.03186
0.11515 -0.00863 0.00822
-0.05302 -0.00788 -0.02852
0.07843 0.0239 -0.02017
0.12495 0.01144 -0.01006
0.13313 -0.00541 -0.01489
-0.00787 0.0 0.04228
0.09026 -0.003 0.00329
0.04592 -0.01107 0.02515
0.07843 0.0343 -0.00451
0.0831 -0.06406 -0.02964
0.04094 -0.03131 -0.02993
-0.07657 -0.0194 -0.0221
0.12986 0.01539 -0.00837
0.0962 -0.06084 -0.01399
-0.11661 -0.01756 0.07243
0.05395 -0.00711 -0.00473
0.04888 -0.01446 -0.0265
0.07683 0.04274 -0.00765
-0.04699 -0.05122 0.01362
0.04017 0.02206 -0.02295
0.05928 0.05096 -0.02306
0.10689 -0.04046 0.00238
0.09565 -0.0202 -0.02197
0.07084 0.04337 0.00302
-0.09945 0.00994 0.0701
0.09009 -0.03602 0.0103
0.10365 0.03598 -0.01774
0.06461 -0.00115 0.0205
-0.1275 0.005 -0.0135
0.05652 0.0213 -0.00451
0.07241 -0.0135 -0.0241
0.12401 -0.00915 -0.00694
-0.10887 0.0133 0.007
0.07319 -0.04548 -0.0163
-0.04158 -0.00788 -0.02933
-0.01037 0.0062 -0.02828
-0.03417 -0.0176 -0.02292
0.0498 0.0069 -0.01549
-0.04977 -0.0111 -0.0124
0.04772 -0.06895 -0.01885
0.12173 0.02662 -0.00478
0.10947 0.01997 0.00944
0.04624 -0.0048 -0.02986
-0.01476 -0.00348 -0.02889
0.0694 0.0213 0.00017
-0.09721 -0.00161 0.05974
0.01273 -0.0293 0.02076
-0.08145 0.0348 0.02597
0.12255 0.01986 -5e-05
0.09224 0.03047 0.0109
0.12142 0.03349 -0.0212
-0.09465 0.02446 0.05677
0.07787 0.01568 -0.02295
0.0702 0.02943 -0.01995
0.01875 -0.07157 -0.01927
0.0718 -0.0651 -0.01068
0.07928 0.04316 -0.01128
-0.03087 -0.0345 -0.013
-0.02736 0.03447 -0.02913
-0.09937 0.0228 -0.0063
0.05217 -0.01459 -0.02876
-0.09027 0.0137 0.0361
0.07602 0.04503 0.00377
0.05467 -0.0026 0.01428
-0.09707 -0.0205 0.0264
0.05343 -0.02513 -0.02515
0.08907 0.0268 -0.00202
0.05701 0.03755 0.01129
-0.1339 -0.02086 -0.00686
-0.06885 -0.05133 0.00325
-0.01657 0.025 0.03692
-0.07655 -0.05023 0.00012
0.06779 0.0268 -0.00202
0.02334 0.00059 0.03476
0.0475 0.01753 -0.02886
-0.08767 -0.0268 -0.0124
-0.08192 -0.03362 -0.02899
-0.00926 0.02347 -0.02882
-0.10305 -0.03219 0.05167
0.07843 -0.01 0.0044
-0.11087 0.0 0.0138
0.04805 0.008 -0.01279
0.08557 -0.0346 0.00197
0.12189 -0.02759 -0.01335
0.05343 -0.0567 0.00165
0.12774 -0.02 -0.03124
0.00593 -0.0224 0.03244
0.05658 0.03766 -0.01972
0.12446 0.02964 -0.02939
0.01027 0.03152 -0.00765
-0.11505 0.03799 -0.0156
-0.06427 0.0051 -0.0253
0.10291 -0.05751 -0.01138
0.09103 -0.0534 -0.01279
0.09026 0.0309 -0.00451
0.11258 0.03382 -0.03
0.0694 -0.0413 -0.02017
-0.09407 -0.0174 0.0317
0.12355 0.02174 -0.02115
0.04433 -0.02359 0.01915
0.07342 0.04264 0.00449
-0.02307 0.0159 -0.0262
0.07919 0.03994 0.00064
0.04552 -0.01481 -0.02987
-0.02763 -0.05749 -0.02906
-0.01998 0.04021 -0.03
0.00156 -0.005 -0.0163
-0.05377 -0.0228 0.0203
-0.1382 -0.00766 -0.00395
0.01463 -0.0312 4e-05
0.10266 0.04264 -0.01845
0.05519 -0.0432 -0.01279
0.05343 -0.01523 0.0205
0.08768 -0.05626 -0.0027
-0.03247 -0.0065 -0.0262
0.0487 -0.00502 0.02419
0.0754 -0.04999 -0.01215
-0.04227 0.0 0.0138
0.10034 0.0213 -0.01549
-0.05607 0.0205 -0.0124
-0.01657 -0.0172 0.0402
-0.10337 -0.0111 0.0264
0.08746 -0.0413 -0.02017
-0.06287 0.0137 0.0361
-0.05824 0.037 -0.02865
0.0553 0.04503 -0.02465
0.12596 -0.00874 -0.01058
0.07598 -0.0186 0.0041
0.07843 -0.0439 -0.02017
-0.12148 0.015 -0.027
0.05602 0.04767 -0.02874
0.10034 0.0029 0.00017
-0.0291 -0.00315 -0.02913
-0.036 0.03524 -0.02927
0.00643 0.0095 -0.02292
0.07658 0.04368 -0.01655
0.10985 -0.0248 0.00165
-0.12574 0.015 -0.03124
0.04744 -0.06947 -0.02201
-0.04427 0.0 0.0203
-0.00617 -0.06778 -0.036
-0.08632 -0.04627 -0.02905
-0.08987 0.0 0.0393
0.11503 -0.03634 -0.03
0.06461 -0.00885 0.0205
0.05387 -0.00447 -0.01773
0.11543 0.0259 -0.00795
0.08018 -0.05616 -0.0006
-0.09843 -0.03186 0.05375
-0.04227 0.0 0.0002
0.01027 -0.04152 0.00165
0.05343 0.04373 -0.01215
0.06583 -0.0534 -0.01279
0.06741 -0.06136 -0.02173
-0.02867 0.0121 -0.0262
0.04806 -0.06937 -0.02879
-0.01497 -0.00799 -0.02889
0.10421 0.03214 -0.0047
-0.07098 -0.04231 0.02221
0.11481 0.01009 0.0089
0.07806 -0.05928 -0.01875
0.0694 -0.0229 -0.02329
-0.10077 -0.0242 0.0138
0.06975 0.05065 -0.01092
0.0543 -0.06718 -0.01313
0.00661 -0.07212 -0.01947
0.10167 0.0232 -0.01279
0.12607 0.01248 -0.01489
-0.06221 -0.05089 0.00936
0.055 0.02776 -0.02874
-0.04522 -0.00381 0.01861
0.11109 -0.02839 -0.00104
-0.10127 0.0247 0.007
0.07821 -0.04753 0.00526
0.06163 -0.0339 0.00017
-0.08303 -0.04605 0.01001
0.07598 -0.0186 -0.0241
0.08123 0.04514 0.00253
0.04855 -0.01129 0.02419
0.00103 0.0176 -0.02292
0.00983 0.0264 0.027
0.08541 0.00622 -0.02295
-0.09467 0.0436 -0.00526
0.09705 -0.01 0.00197
-0.05582 -0.05298 -0.02853
0.05042 0.04857 -0.02414
-0.03921 0.01379 -0.02931
0.0975 -0.04229 -0.003
0.11505 -0.03638 -0.01275
-0.01657 -0.0087 -0.02828
-0.09955 0.03293 -0.02834
0.08972 0.0467 -0.0105
-0.07657 0.0133 0.0393
0.05447 0.04503 -0.01981
0.12249 -0.03879 -0.01099
-0.06347 -0.0317 0.0002
0.02236 0.02129 -0.01995
0.1235 0.016 -0.0352
-0.10665 -0.00777 -0.02942
-0.01956 0.02457 -0.02899
-0.09937 -0.0094 0.0317
0.11611 0.01851 0.00604
-0.10077 -0.0242 0.0002
0.03666 -0.03943 -0.01995
-0.10333 0.0304 0.05161
-0.00067 0.0384 -0.00676
0.06201 0.00226 0.0205
-0.07746 -0.04979 0.00111
0.1295 0.006 -0.0135
-0.07657 -0.0247 -0.0177
-0.03337 0.0407 0.01396
0.10167 -0.0432 -0.01279
-0.00447 -0.0121 0.0402
0.05534 0.00829 0.01329
-0.00299 0.0148 0.00165
0.04846 -0.07036 -0.02877
0.04817 0.04382 0.01914
-0.00067 -0.0065 0.0402
-0.09597 -0.0 -0.0221
0.09009 0.02602 -0.0163
0.03003 0.04274 -0.00765
0.00103 -0.0176 -0.02292
0.02145 0.00622 -0.02295
0.05572 0.01874 0.02328
0.02237 -0.00425 0.03475
-0.12143 -0.03681 -0.00164
0.07353 0.0069 -0.02329
0.05343 -0.05373 0.00615
0.03143 0.03887 -0.02915
0.05343 0.03889 -0.0163
-0.05237 0.0242 0.0138
0.08557 0.0146 -0.02197
0.05487 -0.06374 -0.03
0.0571 0.04767 -0.01972
-0.06157 0.0 0.007
0.11102 -0.005 0.00615
0.05652 -0.0413 -0.01549
-0.09027 -0.0137 0.0361
0.05116 0.04393 0.01819
-0.1185 -0.03054 -0.036
0.11634 -0.04576 -0.02985
0.09644 -0.04753 -0.00597
-0.08887 0.0298 -0.0063
0.0522 -0.06947 -0.0255
-0.08987 -0.0323 0.007
0.07722 -0.05373 -0.003
0.05343 -0.04229 0.01395
0.05343 0.03229 0.01395
-0.06467 0.04635 -0.00276
0.00983 0.0264 -0.013
-0.13173 0.02281 0.02114
-0.10712 0.02644 0.06156
-0.03844 -0.00381 0.01872
-0.01657 0.0087 -0.02828
0.07843 -0.0499 -0.01798
0.08088 -0.0014 0.0041
-0.06118 -0.04616 0.01938
0.10731 -0.05418 -0.01036
-0.08987 -0.0 -0.0253
-0.07657 0.035 0.007
0.10944 -0.01 -0.00451
0.06562 -0.01 -0.02329
-0.00787 -0.0 -0.02828
-0.05237 0.0242 0.0002
0.12107 0.01092 -0.00383
-0.08952 -0.00194 -0.02814
-0.07038 -0.05452 -0.01477
0.09616 -0.06126 -0.01862
0.1295 -0.01962 -0.02159
0.0549 0.00774 -0.00572
0.08333 0.0069 -0.02329
-0.04153 -0.0521 0.01271
0.07129 -0.0346 0.00197
0.00983 -0.0264 0.027
0.11133 -0.01 -0.01279
-0.12149 0.01462 -0.02159
0.05343 0.0478 -0.003
-0.12126 -0.03318 0.02236
-0.02297 -0.00799 -0.02902
0.09585 -0.0521 -0.00167
0.08914 -0.05252 -0.00802
-0.08137 -0.0048 0.0413
-0.01657 0.0374 0.027
0.11213 0.03224 -0.01872
-0.10827 -0.0131 0.0138
0.00026 0.01359 -0.01215
0.07843 0.037 -0.00721
0.05343 -0.005 0.021
0.02934 -0.01239 0.03187
-0.01657 0.0172 0.0402
0.01273 -0.0121 -0.01844
-0.00447 0.0293 0.03244
0.04851 0.0282 -0.02885
-0.05867 0.0074 0.0361
0.08088 -0.0014 -0.0241
0.04716 0.04745 0.01412
0.05446 0.04586 -0.01285
-0.00617 -0.06778 -0.0085
0.12556 0.01591 -0.02485
-0.09478 -0.0158 0.0508
0.06325 0.04514 -0.01498
-0.03247 0.0065 0.0402
0.06552 -0.005 -0.0265
0.0666 0.0309 -0.01549
0.02223 -0.03129 0.01395
0.05598 0.0216 0.00528
0.10643 -0.04462 -0.00862
-0.08597 0.0094 -0.0253
0.07129 0.0146 -0.02197
-0.10131 -0.04616 -0.0183
-0.12449 -0.03307 0.01031
-0.0097 0.04888 -0.02784
0.09747 0.03671 0.00417
0.01274 0.00919 0.01395
0.05403 0.04524 -0.02255
0.05459 0.04503 -0.02134
0.09412 -0.01919 -0.01995
0.10436 0.02018 0.01172
-0.06427 -0.0298 -0.0063
0.05798 -0.01446 0.0205
0.00983 -0.0264 -0.013
-0.02843 0.04987 -0.01616
-0.02867 -0.0121 0.0402
0.04888 0.00446 -0.0265
-0.10295 -0.03967 0.01867
0.11102 -0.02513 -0.003
0.07376 0.04992 -0.02103
0.07843 -0.0499 -0.00202
-0.11811 -0.03934 -0.01059
-0.12148 0.015 -0.01351
0.08747 0.04381 -0.036
0.08463 -0.03129 -0.01995
0.05198 -0.06874 -0.01869
-0.12882 -0.02328 -0.01678
0.10745 -0.04784 -0.02665
-0.11475 -0.02493 0.06547
-0.11276 0.03777 0.01044
-0.11113 -0.03753 -0.03
0.07686 -0.05595 0.00019
-0.04602 0.01973 0.01858
0.0495 -0.06375 -0.02713
-0.05067 -0.05551 0.00156
-0.04977 0.0111 0.0264
0.00843 -0.0 -0.02292
-0.00707 0.023 -0.02292
-0.00067 0.0065 -0.0262
-0.02278 0.05009 -0.01506
-0.05717 -0.0 -0.0221
0.09817 -0.0382 -0.01798
-0.07657 -0.0068 -0.0273
0.08907 -0.0468 -0.01798
0.06253 0.01359 0.01915
0.01273 0.0293 0.02076
0.06201 -0.01226 -0.0265
0.06676 0.05075 -0.02194
0.0975 -0.005 0.01395
-0.07657 -0.0323 0.0203
-0.01657 0.0415 0.02076
0.10698 -0.04742 -0.0027
-0.10887 -0.0133 0.007
-0.00067 -0.0384 0.02076
-0.04587 0.0121 0.03244
-0.05254 -0.01833 -0.02851
-0.08597 -0.0228 -0.0177
0.09635 -0.03068 0.01057
-0.11906 -0.02948 -0.01328
0.00559 0.01172 0.0103
0.08108 -0.06458 -0.01609
-0.00299 -0.0248 -0.00765
-0.13436 0.02204 0.00309
0.06665 -0.06521 -0.00947
0.08574 -0.05595 -0.01084
-0.06917 -0.0179 0.0361
0.04683 0.0491 -0.0289
0.05352 0.00686 -0.02875
0.08746 0.0213 -0.02017
0.10289 -0.0469 -0.00017
0.03146 0.03999 -0.01215
0.0702 -0.03943 0.01395
0.06556 0.05096 -0.01111
-0.08287 0.0026 -0.0273
0.08333 -0.0269 -0.02329
0.12349 0.02902 -0.01028
-0.12464 -0.03307 -0.0127
0.1025 -0.04004 0.00458
0.12378 0.02111 -0.01998
0.11107 0.03848 -0.00998
0.04742 -0.0283 -0.01
0.11236 0.03588 -0.0062
0.12384 0.013 0.00138
0.07111 0.0442 -0.00793
0.06121 0.0002 0.00197
0.02145 -0.01622 0.01695
-0.08632 0.04525 -0.01612
-0.04587 -0.0121 0.03244
-0.09736 -0.0455 -0.00023
-0.1185 0.02554 -0.036
-0.02867 0.0293 0.03244
-0.09191 -0.03318 0.03986
0.09596 -0.05637 -0.00583
0.07505 0.04857 -0.00076
-0.06327 0.0 0.0393
-0.01857 0.04096 -0.02899
0.09009 -0.03602 -0.0163
-0.07027 0.0026 0.0413
-0.05727 -0.0168 4e-05
-0.05607 0.0205 0.0264
0.06253 -0.02359 0.01915
0.08445 -0.0065 0.0041
-0.10985 0.03601 0.0245
0.04963 0.04805 -0.02113
0.0694 -0.0229 0.00329
0.05408 -0.0125 0.01428
-0.05868 0.01709 0.01937
-0.09707 -0.0205 -0.0124
-0.05377 0.0094 -0.0177
0.08186 -0.05262 -0.00586
-0.09447 -0.0074 0.0361
0.06476 0.04971 -0.02836
-0.01304 0.04789 0.01111
0.07239 -0.06542 -0.01223
0.04768 0.037 0.02313
0.04333 -0.06666 -0.01705
-0.11197 0.00972 0.07919
0.02183 -0.0159 0.02076
-0.06717 -0.0228 -0.0177
0.07799 -0.05647 -0.00914
-0.11232 -0.01129 0.0794
-0.0409 -0.00293 -0.02932
0.08801 -0.005 0.01695
0.09817 -0.0382 -0.00202
-0.07657 -0.0247 0.0317
0.04435 -0.06906 -0.02696
-0.0526 0.01478 -0.02854
0.08907 -0.0468 -0.00202
-0.0253 -0.03263 -0.02904
0.07843 -0.01 -0.0244
0.06994 -0.06063 -0.01799
0.11194 0.02454 -0.00314
0.05553 0.01764 -0.00672
0.06779 -0.0468 -0.00202
0.0905 -0.02756 0.00663
0.11564 -0.04763 -0.01177
-0.06427 -0.0051 -0.0253
0.04421 0.01797 -0.02892
0.04851 -0.06978 -0.02508
0.10079 -0.02974 0.00955
-0.09708 0.01929 0.06673
-0.02467 -0.0033 0.04228
0.10706 -0.0269 -0.01549
-0.09746 -0.0411 0.01877
0.05343 0.01513 0.01915
-0.06717 0.0094 0.0393
-0.03417 0.0176 -0.02292
0.09026 -0.017 -0.02329
-0.03247 -0.0384 -0.00676
-0.10637 0.0123 0.0203
-0.11938 -0.02746 0.05139
-0.04871 -0.05991 -0.01841
0.0908 -0.05564 -0.01255
-0.02649 -0.06398 -0.01003
0.08088 -0.0186 -0.0241
-0.05377 -0.0094 -0.0177
-0.05497 0.0159 0.02076
0.06253 0.01359 -0.02515
0.07843 0.0343 -0.01549
0.08014 0.04337 0.00464
-0.01007 -0.0159 0.0402
0.05031 0.04954 -0.01884
0.00593 -0.0224 -0.01844
0.01283 0.04459 0.02755
0.09124 -0.0543 -0.01
0.07353 0.0069 0.00329
0.08715 0.04391 -0.03
0.11087 -0.03994 -0.00773
0.02192 0.0491 -0.02831
-0.05187 0.0247 0.007
-0.09407 0.0175 0.0317
-0.08651 0.03678 0.02889
-0.04777 0.0312 0.01396
0.00067 0.04514 0.02434
-0.05829 0.04701 -0.00265
0.05652 0.0213 -0.01549
0.02753 0.0 4e-05
-0.08908 0.04404 -0.00417
-0.07027 -0.0026 -0.0273
0.07825 0.04191 -0.00254
0.10366 0.04066 -0.00513
-0.06327 -0.0323 0.007
0.11733 -0.02808 -0.00546
0.0507 0.04888 0.00417
0.05652 0.0029 0.00017
-0.05377 -0.0228 -0.0063
0.10455 -0.05377 -0.00743
0.04433 0.01359 0.01915
0.08994 0.0285 0.00627
0.06275 0.05096 -0.02159
0.08305 -0.0166 -0.0241
0.06562 -0.01 0.00329
0.10456 -0.00874 0.01285
-0.11384 0.03293 0.03243
-0.06327 -0.0 -0.0253
-0.08167 0.0123 0.0393
0.08333 0.0069 0.00329
0.0845 0.02129 -0.01995
-0.02716 0.01291 -0.02911
-0.04837 -0.0318 0.007
0.06253 -0.02359 -0.02515
-0.07657 0.0068 -0.0273
-0.07177 -0.0048 0.0413
-0.03979 0.04679 0.00866
-0.00588 -0.04946 0.02331
-0.09151 0.01764 -0.02819
0.11263 0.0338 -0.036
-0.11143 -0.03945 0.01153
0.11542 0.03016 -0.02359
0.12053 0.02653 -0.03
0.05636 0.02842 0.00528
-0.00447 -0.0293 0.03244
-0.08397 -0.0179 0.0361
0.05343 -0.0567 -0.00765
0.01704 0.03227 0.02863
0.10582 -0.04898 -0.01349
0.01273 0.0121 0.03244
0.10841 -0.0546 -0.01317
0.03666 -0.01919 0.01915
-0.07657 -0.0133 0.0393
-0.04427 -0.0 -0.0063
0.1066 -0.02359 -0.01215
0.05268 0.04815 -0.02705
0.01523 -0.0318 0.007
0.12667 -0.03006 -0.02713
-0.02659 -0.02504 0.01994
-0.05607 -0.0205 0.0264
-0.13179 0.02138 -0.00786
-0.07657 -0.0343 0.0138
0.06789 0.04482 -0.01184
-0.09034 0.02941 0.04283
0.09026 0.0309 -0.01549
-0.07917 -0.0063 0.0413
-0.07917 0.0063 0.0413
0.03003 -0.05274 0.00165
0.01273 -0.0121 0.03244
0.05343 0.01513 -0.02515
0.00023 -0.0407 0.01396
-0.04294 -0.018 -0.02935
0.10167 -0.0432 -0.00721
0.06305 0.04971 -0.00868
0.04907 0.0381 -0.02885
0.06121 -0.0202 -0.02197
0.10563 0.03474 -0.01074
0.1319 -0.0053 -0.02968
0.0702 0.02943 0.01395
-0.02527 0.0 0.04228
-0.04558 -0.05892 -0.00635
-0.07327 0.01632 -0.02888
0.09366 -0.00853 0.00974
0.11403 -0.04056 -0.02392
0.02083 0.0 0.027
-0.07657 -0.0343 0.0002
-0.10356 -0.03747 0.02866
0.04598 -0.00491 0.02514
0.06562 0.0343 -0.01
0.07843 0.037 -0.01279
0.04434 0.00752 -0.0289
0.06341 0.04493 -0.0075
0.10985 -0.0248 -0.00765
-0.0994 0.01401 0.0721
0.12731 -0.00645 -0.0228
-0.0471 0.04206 0.01854
-0.04157 0.0 0.007
0.04742 0.0083 -0.01
0.06111 -0.06469 -0.00812
-0.05807 0.0172 0.007
-0.06977 0.0 0.0413
0.05447 -0.0059 0.01428
0.0888 0.04701 -0.01787
-0.03377 0.0415 0.007
-0.06917 0.0179 -0.0221
0.01027 -0.04152 -0.00765
0.0196 -0.07454 -0.01425
0.00559 -0.02172 -0.0163
0.07843 -0.0193 0.0041
0.10123 -0.05304 -0.0241
0.04134 -0.005 0.0205
0.10158 0.04274 -0.02263
0.04553 -0.01 -0.00721
0.04433 0.01359 -0.02515
0.0294 -0.00161 0.03186
0.02255 -0.0268 0.03377
0.02493 -0.0 -0.00676
0.09523 -0.0339 -0.02017
0.06307 0.05096 -0.01152
-0.04427 0.0133 0.007
-0.08597 -0.0228 0.0317
-0.05397 0.04811 -0.01658
-0.03957 -0.0095 -0.02292
-0.08167 0.0123 -0.0253
0.09976 -0.05325 -0.00434
-0.13884 -0.00777 0.00204
-0.06916 -0.05342 -0.00575
-0.09857 -0.03824 0.02875
0.11735 -0.04628 -0.01301
0.02145 -0.01622 -0.02295
-0.03433 -0.0565 0.00584
0.01934 -0.01008 0.0347
0.05798 0.00446 0.0205
0.04225 -0.00885 -0.0265
-0.09397 0.0174 -0.0177
-0.01657 0.0318 0.03244
0.07381 -0.0034 -0.0241
-0.04297 0.0264 0.027
0.06527 0.0088 -0.02197
0.02083 -0.0 -0.013
0.0617 0.0139 0.00017
-0.07657 -0.0133 -0.0253
0.0743 -0.06167 -0.00537
-0.07397 -0.0063 -0.0273
-0.08723 -0.03373 -0.02908
-0.02867 -0.0293 0.03244
0.05357 -0.01338 -0.00473
0.08333 -0.0269 0.00329
0.0754 -0.04999 0.00615
-0.07397 0.0063 -0.0273
0.07843 0.0239 0.00017
0.01793 0.0143 0.027
-0.1008 -0.04253 0.00871
-0.03818 0.04899 -0.02832
0.06201 -0.01226 0.0205
0.07843 -0.0193 -0.0241
-0.1131 -0.00073 0.08048
-0.05377 0.0228 -0.0063
-0.00416 -0.005 -0.01215
-0.00299 0.0148 -0.00765
-0.02338 -0.01723 -0.02902
0.07051 -0.06084 -0.00378
0.10127 -0.02172 0.0103
-0.06347 0.0317 0.0138
0.10881 -0.028 -0.00721
-0.08634 -0.04308 0.01795
0.1256 -0.03037 -0.02954
0.08801 -0.005 -0.02295
-0.09758 0.02875 0.05571
-0.05377 0.0094 0.0317
-0.03957 0.0095 -0.02292
0.07033 0.05013 -0.00597
0.05029 -0.06781 -0.01476
-0.13305 -0.00095 -0.01687
0.07649 -0.0598 -0.02161
0.01274 -0.01919 0.01395
0.10944 -0.0283 -0.01
0.08832 0.04098 -0.01694
-0.10596 -0.03439 0.03862
0.01199 -0.03197 -0.02941
-0.01327 0.0081 0.04228
-0.04587 0.0293 0.02076
-0.05326 -0.0026 -0.02853
-0.057 -0.05771 -0.01455
-0.06717 -0.0228 0.0317
-0.07791 0.0447 -0.00198
0.06984 0.0494 -0.00265
0.10204 -0.05866 -0.0296
-0.03417 -0.0176 0.03692
-0.00447 0.0293 -0.01844
-0.01987 0.0081 0.04228
0.06151 0.05117 -0.01631
0.0946 -0.05554 -0.01932
-0.06547 0.0268 0.0264
-0.05727 0.0168 0.01396
0.07843 -0.0366 -0.02197
0.13061 -0.02163 -0.01589
-0.04487 -0.0131 0.0138
-0.11974 -0.00062 0.07087
0.11778 -0.04576 -0.02266
0.10871 0.03328 0.00039
-0.08967 0.0317 0.0138
0.1295 -0.02 -0.027
-0.09043 -0.01965 -0.02914
-0.05695 -0.05683 -0.00755
-0.08887 -0.0298 0.0203
0.02413 0.0168 4e-05
-0.05804 0.04701 -0.02865
0.12718 -0.00582 -0.02559
0.09159 0.0088 0.00197
-0.10191 -0.03516 0.03969
0.08445 -0.0135 0.0041
-0.08337 -0.0 -0.0273
-0.12148 -0.02 -0.027
-0.00447 0.0121 -0.0262
-0.02607 0.023 -0.02292
0.08954 0.0468 -0.01186
-0.04677 0.0123 0.0203
0.00558 -0.07168 -0.01549
-0.12574 -0.02 -0.03124
-0.02467 -0.0033 -0.02828
0.01793 0.0143 -0.013
0.13236 -0.00582 -0.01044
-0.04977 0.0111 -0.0124
0.10944 -0.01 -0.01549
0.09026 -0.017 0.00329
0.13022 0.02018 -0.01502
-0.04487 -0.0131 0.0002
0.05253 -0.0081 -0.02875
-0.08967 0.0317 0.0002
0.10631 -0.05678 -0.02726
0.03666 -0.03943 0.01395
0.06742 0.0441 -0.00221
-0.03424 0.04866 -0.00125
0.1159 0.03182 -0.00437
0.09565 -0.0202 0.00197
0.13043 0.01591 -0.01026
0.12528 0.02434 -0.00708
0.00825 -0.04759 0.02654
0.11811 0.01144 0.00653
0.08853 -0.06282 -0.01378
-0.01327 -0.0081 0.04228
-0.07399 -0.02119 0.02214
-0.01657 -0.0374 0.027
0.08541 -0.01622 0.01695
0.11796 0.02631 -0.01177
0.08907 0.04077 -0.01233
-0.12149 -0.01962 -0.02159
-0.04777 -0.0312 4e-05
-0.08938 0.04261 -0.02817
0.0847 -0.05814 -0.02398
0.0688 -0.06105 -0.01976
0.07843 -0.0283 -0.02329
0.0694 -0.0413 0.00017
-0.01987 -0.0081 0.04228
0.09421 -0.05034 0.00054
-0.08887 0.0051 0.0393
0.00643 -0.0095 -0.02292
-0.10637 -0.0123 0.0203
0.05046 0.04723 0.01217
-0.08137 0.0048 -0.0273
0.09018 0.01851 0.01437
0.04821 0.0183 0.02616
0.12353 -0.02 -0.01349
0.01677 -0.03602 0.0103
0.04485 0.00226 -0.0265
0.02413 -0.0168 0.01396
-0.10077 0.0242 0.0138
0.11095 0.03942 -0.01736
-0.11286 -0.02779 0.0605
-0.06883 0.03977 -0.03
-0.11087 0.0 0.0002
-0.04587 0.0121 -0.01844
0.05673 0.0494 -0.02818
0.1185 0.02766 -0.01562
0.02753 0.0 0.01396
-0.07657 -0.0323 -0.0063
0.05041 0.04965 -0.00783
0.07197 0.04961 -0.00361
0.08396 -0.05637 -0.00175
0.12732 -0.00676 -0.02146
0.11055 -0.04774 -0.00542
0.00559 0.01172 -0.0163
0.08282 -0.04982 0.00402
0.09527 -0.04822 -0.011
0.06052 -0.06854 -0.0253
0.09308 -0.03931 0.00809
0.07835 0.04108 0.00541
-0.07255 0.03007 -0.02788
0.12363 -0.01962 -0.02159
-0.09878 0.04085 0.01068
0.03502 0.01885 0.02994
0.08746 -0.0413 0.00017
-0.08976 0.03183 -0.02817
0.10133 0.0365 -0.02283
0.02183 0.0159 -0.00676
-0.08287 -0.0026 -0.0273
-0.07359 -0.00777 -0.02887
0.01274 0.02943 -0.01215
0.12351 0.006 -0.0135
-0.05698 -0.05793 -0.01755
0.05293 -0.03021 0.01028
0.0666 -0.0509 -0.00451
-0.10077 0.0242 0.0002
0.01274 -0.03943 -0.01215
0.04987 -0.0675 -0.01375
-0.04587 -0.0121 -0.01844
-0.02307 0.0159 0.0402
-0.02867 0.0293 -0.01844
-0.09937 0.0094 -0.0177
-0.05807 -0.0172 0.007
0.01944 -0.02427 0.03071
-0.01657 -0.0374 -0.013
0.01159 -0.069 -0.036
-0.04677 -0.0123 0.0203
0.05343 -0.0578 -0.003
-0.04837 0.0 0.03244
-0.08167 -0.0123 0.0393
0.00026 0.01359 0.00615
0.0904 -0.00811 0.01366
-0.08397 0.0179 0.0361
0.12059 0.02648 -0.01324
-0.03247 -0.0065 0.0402
-0.10337 0.0111 0.0264
-0.09941 0.01819 -0.02832
-0.116 0.01467 0.07182
-0.10807 0.03172 0.04353
0.07843 0.0166 -0.02197
-0.08597 -0.0094 -0.0253
0.05981 -0.01 -0.02197
-0.02277 -0.0062 0.04228
-0.13259 -0.00854 -0.01685
0.00936 0.03229 -0.003
0.09688 -0.03838 0.0006
0.01463 0.0312 0.01396
-0.01007 0.0159 -0.0262
0.12432 -0.0365 -0.0184
0.07683 -0.05274 0.00165
0.01523 0.0 0.03244
0.11467 0.0364 -0.02908
-0.02527 -0.0 -0.02828
-0.11368 -0.04176 -0.01051
0.01617 -0.0081 0.03265
0.00103 0.0176 0.03692
0.01628 -0.00238 0.03264
0.04802 0.02908 0.02515
0.05256 -0.03043 -0.00373
0.04664 -0.06334 -0.01955
0.07843 -0.0543 -0.00451
0.10034 -0.0413 -0.00451
0.03146 -0.04999 0.00615
0.10706 0.0069 -0.00451
0.03666 0.00919 0.01915
0.10313 0.04254 -0.01371
0.03146 0.0027 0.01915
0.12692 -0.02184 -0.00431
0.06753 0.05086 -0.01922
-0.08887 0.0051 -0.0253
0.07955 -0.05866 -0.01512
0.04433 -0.02359 -0.02515
0.00026 -0.02359 0.00615
-0.04157 -0.0 -0.02292
-0.00067 -0.0065 -0.0262
-0.10637 0.0123 -0.0063
0.10931 0.03952 -0.02611
0.11696 0.02933 -0.02025
0.06163 -0.0339 -0.02017
0.11661 0.03484 -0.0099
-0.12147 -0.01 -0.0135
0.00103 -0.0176 0.03692
-0.08597 0.0094 0.0393
0.12138 0.02527 -0.01995
0.06162 0.04514 -0.01939
0.06527 -0.0288 -0.02197
-0.06115 -0.05672 -0.01362
0.10216 -0.01 0.00017
0.00583 0.0224 0.03244
0.09159 -0.0288 -0.02197
0.11203 -0.01 -0.01
-0.00707 -0.023 0.03692
-0.03064 -0.05353 0.0119
-0.03749 0.02644 -0.02929
-0.01657 0.0441 4e-05
0.11032 -0.00822 0.01065
0.05367 -0.01173 0.02228
0.00936 -0.00414 0.02753
0.08494 -0.01 0.0041
-0.08419 -0.04768 -0.03
0.04225 -0.00115 -0.0265
0.03397 0.04723 0.0179
0.08881 -0.0623 -0.01162
0.12599 0.01435 -0.02178
0.07501 0.05002 -0.01502
0.01792 0.04305 0.02963
0.10827 -0.05522 -0.01527
0.10987 0.03962 -0.02203
0.10985 0.0148 0.00165
0.071 -0.06001 -0.01489
0.1034 -0.05866 -0.0191
0.11595 -0.04826 -0.01751
0.10014 -0.04638 0.00148
0.05391 -0.01283 0.00828
0.04698 -0.06427 -0.02648
0.12774 0.016 -0.03124
-0.01657 -0.0415 -0.00676
-0.11786 -0.0202 0.06842
0.02095 -0.06079 0.00977
0.05415 -0.00403 -0.00473
-0.03337 -0.0407 0.01396
-0.08597 0.0228 -0.0177
0.1138 0.03026 -0.00068
-0.07014 -0.04902 0.01023
-0.06287 0.0137 -0.0221
0.07843 -0.0007 0.0041
-0.00067 0.0384 0.02076
-0.01657 -0.0441 0.01396
0.0498 0.0069 -0.00451
-0.08167 -0.0123 -0.0253
0.02899 0.01568 0.01695
0.04553 -0.01 -0.01279
-0.09447 0.0074 0.0361
-0.04686 -0.0565 0.00062
0.03666 0.02943 0.01395
-0.05607 -0.0205 -0.0124
0.03146 0.03999 0.00615
-0.07066 0.03755 0.02215
0.12216 -0.02746 -0.01705
-0.00447 -0.0293 -0.01844
0.1053 -0.0391 -0.00346
0.01273 0.0121 -0.01844
0.11986 0.03141 -0.00865
-0.08767 0.0268 0.0264
-0.05717 0.0 0.0361
-0.06465 0.03876 0.02025
-0.12195 0.03106 0.0233
0.04225 -0.00885 0.0205
0.12123 -0.02829 -0.01121
0.05311 -0.03032 0.01628
-0.08928 0.03964 -0.02817
0.0571 0.05096 -0.023
0.01189 -0.00447 0.02857
-0.07657 0.0 0.042
-0.01327 0.0081 -0.02828
0.06563 0.05065 -0.02403
0.05342 0.04961 -0.01452
0.06634 0.04493 -0.01288
0.11453 -0.005 0.00165
-0.0673 -0.05331 -0.00272
-0.07657 0.0194 -0.0221
-0.1097 -0.02053 0.07485
-0.07657 -0.0 -0.028
-0.03089 0.04723 0.00981
-0.01987 0.0081 -0.02828
0.00023 0.0407 4e-05
0.08557 0.0146 0.00197
0.10941 -0.04649 -0.01827
-0.02071 0.01236 -0.029
0.04584 0.03821 -0.02891
0.07843 0.0083 -0.02329
-0.02558 0.04778 -0.02911
-0.01657 -0.045 0.007
0.07843 -0.058 -0.01
0.07312 0.04378 -0.02326
0.03666 0.00919 -0.02515
-0.08639 -0.05001 -0.01104
0.03146 -0.0127 0.01915
0.05096 0.02908 0.0242
0.10028 0.04222 -0.02901
0.08057 -0.06386 -0.01101
0.0754 -0.0127 0.01915
-0.10013 -0.03395 -0.02929
-0.08394 0.0447 -0.02809
0.03146 0.0027 -0.02515
0.1066 0.01359 -0.01215
0.04742 -0.01 -0.00451
0.07843 -0.0007 -0.0241
0.0912 0.04378 -0.00023
0.03675 0.04393 0.02195
0.12708 -0.0078 -0.01606
0.10034 -0.0229 0.00017
-0.06717 0.0228 -0.0177
0.00725 -0.06244 -0.02947
0.04805 -0.028 -0.00721
0.04888 -0.01446 0.0205
-0.12397 -0.03142 0.02231
-0.12274 0.015 -0.03424
-0.06717 -0.0094 0.0393
0.08541 -0.01622 -0.02295
0.10881 -0.028 -0.01279
-0.0996 -0.01118 0.06771
-0.10827 -0.0131 0.0002
0.11275 -0.05075 -0.01254
0.10099 0.04264 -0.02612
0.05505 0.00873 0.02328
0.10087 0.03754 0.00146
-0.05187 -0.0247 0.007
-0.08002 -0.04935 -0.02894
0.04285 -0.06812 -0.02311
0.0694 0.0029 -0.02329
0.09448 -0.06115 -0.0297
-0.07203 0.03999 -0.036
-0.08525 0.015 0.02793
0.07395 0.04295 -0.00259
0.08923 -0.05023 0.00212
-0.01719 -0.03241 -0.0289
0.0478 -0.06302 -0.01835
0.06409 -0.06739 -0.01648
0.05168 -0.05232 0.01227
-0.12428 -0.00117 -0.02972
-0.02936 -0.03274 -0.02911
0.06332 0.05106 -0.01262
0.05866 0.04982 -0.01153
0.04978 0.04826 -0.02233
-0.01657 0.0374 -0.013
0.1202 0.03203 -0.01018
-0.01327 -0.0081 -0.02828
-0.03247 0.0384 -0.00676
0.10304 0.02444 0.00304
-0.01657 -0.0318 0.03244
0.11583 -0.005 -0.003
-0.03043 -0.06167 -0.0051
-0.02496 -0.00403 0.01995
0.11918 0.02912 -0.00462
-0.01987 -0.0081 -0.02828
0.07843 -0.0283 0.00329
0.00843 0.0 0.03692
-0.00707 0.023 0.03692
0.04763 -0.06916 -0.0199
0.07545 0.04378 -0.01862
-0.07657 0.0291 0.0264
0.11641 0.03422 -0.00851
-0.06427 -0.0051 0.0393
-0.05107 -0.0143 0.027
-0.09027 -0.0137 -0.0221
0.03003 -0.05274 -0.00765
-0.12229 -0.00062 0.06532
-0.01657 -0.0 -0.029
-0.03455 -0.06288 -0.01417
0.04686 0.04998 -0.0189
-0.06067 0.0 4e-05
-0.05164 0.02787 -0.02853
0.01677 0.02602 0.0103
-0.1275 0.015 -0.027
0.08967 -0.039 0.00899
0.07843 0.038 -0.01
0.07192 -0.01 0.0041
-0.06032 0.04756 -0.01569
-0.09291 0.04129 0.01177
0.05217 -0.03098 -0.01574
-0.01657 0.0318 -0.01844
0.0547 -0.0439 -0.01
0.07129 0.0146 0.00197
-0.00541 -0.00403 0.02228
0.05076 0.01841 0.0252
0.10303 -0.052 -0.01859
0.12351 -0.01 -0.0135
-0.02867 -0.0293 -0.01844
0.0498 -0.0269 -0.00451
0.08209 -0.04202 0.0075
0.07241 -0.0065 0.0041
0.09026 -0.0509 -0.00451
-0.10127 -0.0 -0.0177
0.1295 0.016 -0.027
0.00936 -0.005 -0.01995
0.08746 0.0213 0.00017
0.01463 -0.0312 0.01396
-0.13893 -0.00073 -0.00197
0.04485 0.00226 0.0205
-0.10261 0.03414 0.03762
0.1204 0.0338 -0.02669
0.06243 -0.06729 -0.01516
0.04218 -0.01492 -0.02992
-0.02277 0.0062 0.04228
-0.02307 -0.0159 -0.0262
-0.06946 -0.02207 0.02122
0.12053 -0.03053 -0.03
-0.00067 0.0065 0.0402
-0.06547 0.0268 -0.0124
-0.09918 0.03414 0.03868
0.08788 -0.06344 -0.01817
-0.03924 -0.05837 -0.00025
0.05343 -0.04229 -0.01995
0.05343 0.03229 -0.01995
-0.10237 -0.00128 0.07626
0.12599 0.02912 -0.02128
0.06669 -0.03206 0.01695
0.05695 0.04635 0.01028
0.10127 -0.02172 -0.0163
0.03521 0.03007 0.02993
0.10944 0.0083 -0.01
-0.10961 0.03293 0.0375
-0.1084 0.03377 -0.03
-0.05807 -0.0 -0.00676
0.09412 -0.03943 -0.01215
0.05343 -0.005 -0.027
-0.05237 -0.0242 0.0138
0.06965 0.05075 -0.01434
0.07469 0.04399 -0.01024
-0.08967 -0.0317 0.0138
-0.06717 -0.0094 -0.0253
0.08046 0.04254 -0.00691
0.1066 -0.02359 0.00615
0.10419 -0.0252 -0.01798
-0.06427 0.0298 0.0203
0.10358 -0.05138 -0.02699
0.05343 0.0467 0.00165
-0.02277 -0.0062 -0.02828
0.05343 -0.04889 0.0103
-0.00767 -0.005 0.00165
0.06461 -0.00115 -0.0265
-0.06287 -0.0137 -0.0221
0.05293 -0.02977 0.02128
-0.09161 0.0447 -0.01721
0.09577 -0.05824 -0.00792
-0.12147 0.005 -0.0135
-0.0725 -0.01899 -0.02884
-0.07657 -0.035 0.007
-0.1275 -0.01545 -0.01534
-0.08887 -0.0298 -0.0063
-0.12826 0.02919 0.00119
0.1053 -0.005 0.0103
0.12302 0.02839 -0.00864
0.11723 -0.04566 -0.02692
0.03256 0.00884 0.03091
0.05374 -0.06361 -0.036
0.00063 -0.0 -0.0262
-0.05237 -0.0242 0.0002
-0.04677 0.0123 -0.0063
-0.06802 0.0172 0.02121
0.10564 -0.00915 0.00617
-0.0294 -0.00799 -0.02913
0.05343 0.02426 0.01695
-0.05929 0.01522 -0.02865
-0.11615 -0.04011 -0.01455
0.09584 -0.05959 -0.00987
-0.03708 0.04294 0.01871
-0.12132 -0.03527 0.01136
0.05427 -0.00645 0.00828
0.1316 -0.00603 -0.00817
-0.03417 0.0176 0.03692
0.05519 0.0232 -0.00721
-0.03087 0.0345 0.027
0.07381 -0.0166 0.0041
-0.08984 -0.00788 -0.02814
0.05707 0.048 -0.00872
0.05773 -0.0676 -0.01465
0.05529 -0.06363 -0.03
-0.09685 0.00983 0.05974
0.10881 0.008 -0.01279
0.06972 0.04472 -0.01655
-0.08941 0.04393 -0.02718
0.02223 -0.03129 -0.01995
0.08445 -0.0065 -0.0241
-0.11107 -0.03461 -0.02947
0.11686 0.03578 -0.01276
0.02899 0.01568 -0.02295
0.11302 0.03006 -0.01092
0.01274 0.00919 -0.01995
-0.09937 -0.0228 0.0203
0.1126 0.03385 -0.01253
0.06527 0.05075 -0.01
-0.08597 0.0228 0.0317
0.09565 0.0002 -0.02197
0.04627 -0.06354 -0.02071
0.10761 -0.02985 0.00694
0.12352 -0.02 -0.027
0.0117 -0.069 -0.03
0.11919 -0.04108 -0.00743
0.09053 0.04566 -0.00411
-0.09571 -0.02823 0.05379
0.10216 0.0239 -0.01
-0.07288 -0.05188 -0.00282
0.09398 -0.04254 -0.001
-0.10637 -0.0123 -0.0063
0.05946 -0.06053 -0.01212
-0.00847 0.0033 0.04228
0.01677 -0.03602 -0.0163
-0.09491 -0.04385 0.00981
0.10419 -0.0252 -0.00202
0.09412 0.00919 0.01395
0.04341 0.05 -0.03
-0.01657 -0.025 -0.02292
-0.0844 -0.00205 -0.02805
-0.00343 0.01984 0.02229
0.11551 0.01134 0.00118
-0.01998 0.04022 -0.0085
-0.08419 -0.04767 -0.03
0.07381 -0.0166 -0.0241
0.02194 -0.03428 0.03276
0.07787 -0.02568 0.01695
0.126 0.0286 -0.01626
-0.03247 -0.0384 0.02076
-0.06917 0.0179 0.0361
-0.05907 -0.0174 -0.0177
0.08746 -0.0229 -0.02329
-0.10127 -0.0247 0.007
-0.04378 -0.03296 -0.02935
-0.1074 0.03777 -0.02847
-0.10337 0.0111 -0.0124
0.06266 -0.06219 -0.02604
-0.05497 -0.0159 -0.00676
0.11426 -0.04046 -0.02285
0.05589 0.04503 -0.01882
-0.07411 -0.04814 0.01016
-0.1324 -0.00029 0.03815
0.01189 -0.00799 -0.02944
-0.04587 -0.0293 -0.00676
0.0565 0.03645 0.02028
0.09659 -0.04152 0.00165
0.0666 0.0309 -0.00451
0.0975 -0.005 -0.01995
-0.00416 -0.005 0.00615
-0.07156 -0.05188 -0.00079
0.09516 0.0139 -0.02017
0.07672 0.04961 -0.00859
0.05355 0.05065 -0.01745
0.11346 -0.04077 -0.02656
0.10419 0.0052 -0.01798
0.0861 -0.05782 -0.01979
0.04017 -0.03206 0.01695
0.11197 0.0339 -0.0031
-0.04837 -0.0 -0.01844
-0.03377 -0.0 -0.0262
-0.12344 -0.00766 -0.0297
-0.11847 0.02554 -0.03
0.11366 -0.04826 -0.00922
-0.11157 0.0 0.007
-0.04677 -0.0123 -0.0063
-0.06717 0.0228 0.0317
0.07843 0.0083 0.00329
-0.10827 0.0131 0.0138
0.10199 -0.04836 -0.00941
-0.10799 0.01764 0.07605
-0.1103 -0.02768 0.06255
-0.07369 -0.05122 -0.00083
0.08404 -0.03806 0.00893
0.02193 0.05097 0.00069
0.04485 -0.01226 -0.0265
0.06352 0.05106 -0.01923
-0.01998 0.04021 -0.036
-0.0432 -0.05476 -0.0085
0.01523 -0.0 -0.01844
0.05491 -0.06302 -0.02285
0.12937 -0.02142 -0.00856
-0.08738 -0.03615 0.02893
-0.04129 0.04899 -0.01737
-0.13475 -0.02152 0.00912
-0.00897 -0.005 -0.003
-0.02607 -0.023 0.03692
0.0754 0.03999 -0.01215
-0.09826 0.03733 0.02669
0.04273 -0.0081 -0.02992
-0.07657 -0.0194 0.0361
0.05652 -0.0229 -0.02017
0.0694 0.0029 0.00329
-0.03974 -0.04792 0.01874
-0.11734 0.01676 0.06739
0.1169 0.0363 -0.02096
0.05528 0.01731 -0.01873
0.08957 0.04046 -0.00888
0.09103 0.0334 -0.00721
0.06382 0.05117 -0.01482
0.05551 0.03788 -0.02874
-0.03907 -0.0224 0.03244
0.0666 -0.017 -0.02329
0.01885 -0.005 0.01695
0.09517 -0.04797 -0.036
-0.08587 -0.00084 0.02793
-0.06843 -0.00326 0.02122
0.07789 0.0467 0.00166
-0.02467 0.0033 0.04228
-0.05867 -0.0074 -0.0221
-0.03897 0.0224 0.03244
0.09412 0.02943 -0.01215
0.06552 -0.005 0.0205
0.12514 0.02974 -0.0269
-0.04747 -0.0 -0.0124
0.05224 -0.06854 -0.0172
0.09291 0.01799 0.01009
-0.05735 -0.01855 -0.02859
0.0666 -0.0509 -0.01549
0.09481 -0.05554 -0.02302
0.08719 -0.02746 0.01161
0.00583 0.0224 -0.01844
0.04526 0.02853 -0.02891
0.02297 0.04921 0.01371
0.04805 -0.028 -0.01279
0.10118 0.03068 -0.001
0.09446 -0.05554 -0.02419
0.01793 -0.0143 0.027
0.05003 0.0084 0.0252
0.09523 -0.0339 0.00017
-0.09707 0.0205 0.0264
0.04888 0.00446 0.0205
0.00063 -0.0415 0.007
-0.03337 0.0407 4e-05
-0.0902 0.01489 0.03984
0.10419 0.0052 -0.00202
0.07683 -0.05274 -0.00765
0.0553 0.05086 -0.02233
0.07049 -0.06656 -0.0295
0.12867 0.02288 -0.02965
0.10554 -0.05013 -0.0223
0.05001 0.04774 -0.01813
0.04612 -0.06386 -0.02214
-0.10127 0.0 0.0317
0.08047 -0.05803 -0.01257
0.06669 -0.03206 -0.02295
-0.07153 -0.05078 0.00321
0.09985 0.01966 0.01355
-0.08441 -0.00788 -0.02905
-0.05944 -0.00249 -0.02864
-0.08767 0.0268 -0.0124
0.08841 -0.0573 -0.02298
0.1295 -0.01 -0.0135
0.06121 -0.0202 0.00197
-0.00416 -0.02513 -0.003
0.0904 0.04628 -0.00747
0.11755 0.03588 -0.01668
0.0609 0.05106 -0.02101
-0.08137 -0.0048 -0.0273
0.03666 -0.01919 -0.02515
-0.09727 -0.04484 -0.02823
0.11054 -0.05242 -0.03
0.12187 -0.02652 -0.02585
0.09989 -0.00884 0.01425
0.0547 -0.01 -0.02017
0.05446 -0.0625 -0.01835
-0.09937 -0.0094 -0.0177
0.05437 0.04846 -0.02807
-0.02277 0.0062 -0.02828
-0.09478 -0.00194 0.05178
0.10034 -0.0413 -0.01549
0.10706 0.0069 -0.01549
-0.10904 0.02721 0.05752
0.06583 0.0334 -0.00721
0.1205 0.02654 -0.036
0.09124 -0.01 -0.02329
0.02493 0.0 0.02076
-0.07657 -0.0291 0.0264
0.01274 0.02943 0.00615
0.12701 0.01404 -0.00262
0.02493 -0.0172 0.007
0.12205 -0.02683 -0.02312
-0.03957 0.0095 0.03692
-0.03839 -0.06134 -0.00923
0.11759 0.02891 -0.01889
0.01274 -0.03943 0.00615
0.09659 0.03152 0.00165
0.04279 -0.0676 -0.02055
-0.00416 0.01513 -0.003
0.06739 -0.06718 -0.01916
0.06779 0.0268 -0.01798
-0.10116 0.0084 0.07487
0.0617 0.0139 -0.02017
0.0945 -0.05522 -0.01431
-0.00847 -0.0033 0.04228
0.05869 0.0182 -0.01798
0.05343 0.02426 -0.02295
0.03367 0.03548 0.0103
0.05545 0.04898 -0.02834
-0.03261 -0.06343 -0.01613
-0.03087 -0.0345 0.027
0.10985 0.0148 -0.00765
0.08592 0.04098 0.00518
0.07522 0.04992 -0.0125
-0.07628 -0.04561 0.01612
0.01273 -0.0293 -0.00676
-0.01657 0.0087 0.04228
0.10706 -0.0269 -0.00451
0.11018 0.02735 0.00467
0.11102 0.01513 -0.003
-0.07657 -0.0068 0.0413
0.10182 -0.04368 -0.00501
0.05343 0.04373 0.00615
0.05611 0.01841 0.01629
-0.05187 -0.0 -0.0177
-0.10313 0.0238 0.06863
0.10805 -0.04763 -0.02394
-0.05764 -0.05595 -0.00456
-0.05727 -0.0168 0.01396
0.10143 -0.05647 -0.00873
0.06527 0.0088 0.00197
-0.02607 0.023 0.03692
-0.06347 0.0317 0.0002
-0.10507 -0.0202 -0.02939
0.09158 -0.05668 -0.00454
-0.01236 0.04965 0.00211
-0.04297 0.0264 -0.013
0.11331 0.0313 -0.01485
-0.12358 -0.02834 0.03732
-0.08487 -0.05089 -0.01602
