931
-0.03252 -0.0041 -0.28972
0.01008 0.0377 -0.0732
-0.0183 0.02451 -0.283
0.0019 0.03138 -0.2575
0.0216 0.03 -0.2974
-0.0225 -0.0325 -0.278
-0.0169 -0.0279 -0.3013
-0.03186 0.033 -0.21933
0.0 -0.0222 -0.283
-0.0125 -0.031 -0.26135
-0.03351 0.0181 -0.24595
-0.0019 0.02862 -0.2575
0.018 -0.0354 -0.278
-0.013 0.02613 -0.3013
0.03315 0.0279 -0.20974
0.0 -0.02451 -0.2647
0.0183 -0.03 -0.3013
0.0129 -0.02613 -0.3013
0.0038 -0.03273 -0.259
0.01768 0.029 -0.26532
-0.02568 0.0321 -0.15536
-0.02797 -0.0357 -0.28319
-0.00811 -0.0413 -0.29798
0.00391 -0.0416 -0.24936
-0.0091 0.02337 -0.2929
-0.0169 -0.02493 -0.2929
0.0 -0.02235 -0.288
0.0 0.03432 -0.2614
-0.01666 -0.0352 -0.07147
-0.0144 0.03 -0.3046
-0.02634 -0.0307 -0.08979
0.0125 0.029 -0.30465
-0.0035 0.03105 -0.3085
0.0 0.0372 -0.2929
-0.0169 -0.02493 -0.2731
0.00996 0.0435 -0.22218
-0.0152 -0.03456 -0.2686
0.0019 0.02862 -0.2575
0.01084 -0.0394 -0.25396
-0.0099 -0.0228 -0.283
0.01279 -0.0376 -0.30063
-0.0009 -0.0434 -0.28939
-0.0055 -0.02601 -0.2614
0.0183 0.03549 -0.283
-0.01771 -0.0359 -0.2135
-0.007 0.03507 -0.3013
-0.0082 -0.03597 -0.2686
0.02165 0.029 -0.2705
0.0 -0.031 -0.308
-0.0102 0.02694 -0.3046
0.0 0.0372 -0.2731
0.00854 0.0387 -0.09933
-0.03006 -0.0264 -0.28805
0.00702 -0.0416 -0.26134
0.0 0.0285 -0.3085
-0.03663 0.0119 -0.20998
0.0082 -0.03597 -0.2686
-0.0256 -0.0385 -0.27088
0.0 0.02451 -0.3013
-0.0255 0.03 -0.288
-0.0338 0.0049 -0.23482
0.0216 -0.03 -0.2686
-0.0019 -0.02862 -0.2575
0.0099 0.0228 -0.283
0.007 -0.02493 -0.3013
-0.0221 -0.02727 -0.2731
0.01458 -0.0359 -0.24969
0.02519 0.0322 -0.1211
-0.02623 -0.0373 -0.2651
0.0099 -0.0228 -0.283
0.03262 -0.0253 -0.13664
0.0169 -0.03507 -0.2929
0.0235 0.02709 -0.278
-0.024 0.03 -0.2731
-0.0133 0.03165 -0.2614
-0.03256 0.0195 -0.24463
0.01614 0.0368 -0.15462
-0.0144 -0.03 -0.3046
-0.0082 -0.02403 -0.2974
0.018 0.0354 -0.278
0.02717 -0.032 -0.0929
0.00968 -0.0402 -0.25853
-0.0199 -0.02754 -0.2686
-0.0183 0.03 -0.3013
-0.0183 -0.02451 -0.283
-0.00715 -0.0416 -0.29773
0.0199 0.02754 -0.2686
-0.02165 -0.031 -0.2705
0.0097 -0.02295 -0.278
-0.00982 -0.0434 -0.2652
0.0133 0.02835 -0.2614
-0.03185 -0.0233 -0.21072
0.0169 -0.0321 -0.2647
0.0 -0.02451 -0.3013
-0.0133 -0.02835 -0.3046
-0.02699 -0.0375 -0.27103
-0.03418 -0.0174 -0.27391
-0.0099 0.0228 -0.283
0.01435 -0.0381 -0.11579
-0.0102 0.03306 -0.3046
-0.0235 0.02709 -0.288
0.01626 -0.0358 -0.2971
-0.0225 0.0345 -0.278
-0.02313 0.0345 -0.18226
0.02105 -0.0338 -0.24107
-0.01882 -0.0399 -0.28614
0.0 -0.03297 -0.307
0.0102 0.02694 -0.2614
-0.03306 -0.0153 -0.25761
-0.0225 -0.0396 -0.27392
-0.01402 0.0409 -0.22931
0.0133 0.03165 -0.3046
0.0 0.03 -0.257
0.0083 0.0378 -0.12636
-0.03458 -0.0027 -0.28274
0.01817 0.0422 -0.21141
-0.0091 0.03114 -0.307
-0.0038 -0.03273 -0.307
-0.03365 0.0184 -0.24443
-0.0099 -0.03 -0.259
-0.02415 0.029 -0.28947
0.00305 -0.0418 -0.29775
-0.0055 -0.03399 -0.2614
-0.01768 0.029 -0.26532
-0.0225 -0.0325 -0.228
-0.0152 -0.03456 -0.2974
0.0235 0.02709 -0.288
0.00402 -0.0405 -0.30152
-0.0287 -0.0267 -0.22951
0.0255 -0.03 -0.288
0.00846 -0.0406 -0.23654
-0.0082 -0.03597 -0.2974
0.0035 0.02895 -0.2575
0.0 0.02703 -0.259
-0.01345 -0.0404 -0.29646
0.0091 0.02337 -0.2731
0.01062 -0.0408 -0.29639
0.02606 -0.0321 -0.11502
0.0082 -0.02403 -0.2974
0.0097 0.02295 -0.278
0.01203 -0.0396 -0.29844
0.0082 -0.03597 -0.2974
-0.0019 0.03138 -0.3085
-0.01805 -0.0353 -0.18707
0.0 -0.02703 -0.307
-0.018 -0.0354 -0.278
-0.01648 0.0409 -0.22059
0.01096 -0.0392 -0.30029
0.00647 0.029 -0.25885
0.0 -0.0285 -0.3085
-0.018 0.0354 -0.278
0.025 0.029 -0.283
-0.02168 -0.0349 -0.14031
-0.03176 0.0097 -0.2891
0.0099 -0.03 -0.259
-0.0046 0.02943 -0.2575
0.0 0.0222 -0.283
0.0 -0.02568 -0.3046
0.0102 0.03306 -0.2614
0.007 0.02493 -0.2647
0.00889 0.0388 -0.1802
-0.0035 0.02895 -0.2575
-0.02692 -0.0369 -0.28396
0.02566 0.0335 -0.15379
-0.0199 -0.02754 -0.2974
-0.03379 -0.0182 -0.28083
0.02881 0.0273 -0.23514
-0.01818 0.0353 -0.12576
0.0342 0.0199 -0.08333
0.03663 0.0026 -0.0938
0.03487 0.0052 -0.16331
-0.0091 -0.03663 -0.2731
-0.0337 0.0199 -0.23993
0.007 0.0279 -0.307
-0.0091 -0.02337 -0.2731
-0.0152 0.03456 -0.2686
0.024 0.02703 -0.283
-0.0235 -0.02709 -0.288
-0.02669 -0.0321 -0.13972
0.03635 0.0022 -0.07159
0.0 -0.03765 -0.278
-0.01235 -0.0387 -0.22751
0.03419 0.0059 -0.2187
-0.03017 0.0158 -0.28585
0.0221 0.02727 -0.2929
-0.0097 0.03705 -0.278
-0.0247 0.0311 -0.09709
-0.02262 -0.0341 -0.09011
-0.0097 0.02295 -0.278
-0.0331 0.031 -0.21285
-0.0205 -0.0371 -0.2459
-0.01949 -0.0397 -0.25655
-0.00691 -0.0405 -0.23541
0.0144 -0.03 -0.3046
-0.0046 0.03057 -0.2575
0.0045 -0.0363 -0.30457
0.0019 0.03138 -0.3085
0.018 0.0246 -0.288
-0.03501 0.0064 -0.22214
-0.03341 0.0259 -0.23163
0.0221 0.02727 -0.2731
-0.0216 0.03 -0.2686
-0.02293 0.0311 -0.0731
-0.0019 0.02862 -0.3085
0.0141 -0.0395 -0.29599
0.00537 -0.0405 -0.22848
0.00647 0.029 -0.30715
-0.005 0.03 -0.2575
0.0097 0.02295 -0.288
-0.0183 -0.0367 -0.09038
-0.03514 0.0216 -0.12329
0.0 -0.031 -0.283
-0.0307 -0.0316 -0.27173
0.01055 -0.0405 -0.26471
0.0035 -0.02895 -0.2575
-0.0169 0.0279 -0.2647
0.00417 0.0387 -0.07939
0.0235 -0.02709 -0.288
-0.0055 0.03399 -0.3046
0.00853 -0.0402 -0.30018
0.00874 -0.0405 -0.23041
-0.02447 0.0386 -0.23018
0.0169 0.03507 -0.2929
0.01976 -0.0367 -0.28633
0.0046 -0.02943 -0.2575
-0.0199 -0.03246 -0.2686
0.0035 0.03105 -0.3085
-0.01485 0.0371 -0.1813
0.01197 -0.0392 -0.29952
-0.00985 -0.0389 -0.11386
-0.024 -0.03297 -0.283
-0.0225 0.0345 -0.228
-0.03435 0.0213 -0.23426
-0.03375 0.011 -0.26092
0.0 -0.02235 -0.278
0.0046 0.03057 -0.3085
-0.03416 0.0258 -0.23013
0.0225 -0.0325 -0.278
0.03483 0.0051 -0.19144
-0.02932 0.0237 -0.0731
0.0221 0.03273 -0.2929
0.0169 -0.0279 -0.2647
0.007 0.02493 -0.3013
-0.04027 -0.0118 -0.14015
-0.013 0.0339 -0.2647
-0.03761 0.0211 -0.14912
0.0152 -0.03456 -0.2686
0.0221 0.03273 -0.2731
-0.0038 -0.02727 -0.259
0.0 -0.03297 -0.259
-0.0035 -0.02895 -0.2575
-0.0169 0.02493 -0.2929
0.00826 0.0373 -0.15614
0.00994 -0.0422 -0.27495
-0.0055 0.02601 -0.3046
-0.00263 -0.0441 -0.27599
-0.02645 -0.0313 -0.11073
0.0 -0.03765 -0.288
-0.025 0.029 -0.283
-0.02511 -0.0364 -0.25546
-0.0097 0.03705 -0.288
-0.02415 -0.031 -0.28947
-0.03145 0.0186 -0.26258
0.007 -0.0279 -0.259
-0.03063 0.0181 -0.27173
0.0152 0.02544 -0.2974
0.00972 0.0427 -0.21289
0.007 -0.02493 -0.2647
0.03166 0.0052 -0.23345
-0.0255 0.03 -0.278
0.0199 0.03246 -0.2686
-0.0133 0.02835 -0.2614
-0.0091 0.03114 -0.259
-0.0038 -0.03273 -0.259
-0.007 0.0279 -0.307
0.0 -0.0315 -0.2575
-0.02056 -0.0362 -0.23508
0.0091 0.02886 -0.259
-0.02405 -0.0323 -0.07282
-0.02727 0.0305 -0.12469
0.03353 -0.0224 -0.09285
-0.03372 0.01 -0.27854
-0.01892 -0.041 -0.28614
0.0097 0.03705 -0.288
0.024 -0.03297 -0.283
-0.024 -0.02703 -0.283
0.00951 0.0418 -0.22972
-0.02944 -0.0303 -0.25674
0.024 0.03297 -0.283
0.0038 0.02727 -0.307
-0.0183 0.03 -0.2647
-0.0152 0.03456 -0.2974
-0.03873 0.0131 -0.12283
-0.0133 -0.03165 -0.3046
0.013 -0.03387 -0.2647
-0.0348 0.0001 -0.2686
0.0091 0.03114 -0.307
-0.02318 -0.037 -0.25538
0.02572 -0.0339 -0.19246
-0.0169 0.0279 -0.3013
0.01738 0.0383 -0.17825
-0.0091 0.02886 -0.307
-0.00072 -0.0437 -0.26625
-0.0046 -0.03057 -0.2575
0.0 -0.02703 -0.259
-0.02887 0.0161 -0.28623
0.0091 -0.02886 -0.259
0.0 -0.03432 -0.2614
-0.007 0.02493 -0.2647
-0.007 0.0321 -0.259
0.02165 0.029 -0.2955
-0.01419 -0.0427 -0.28707
0.0139 -0.0374 -0.26422
0.01081 -0.0395 -0.2582
-0.02592 -0.0274 -0.07155
-0.0091 -0.03114 -0.259
-0.0216 0.03 -0.2974
-0.0235 0.02709 -0.278
-0.02406 -0.0381 -0.26712
0.0169 -0.0279 -0.3013
-0.0129 0.03387 -0.3013
-0.0295 -0.0297 -0.16074
-0.02405 -0.0381 -0.26568
-0.02999 0.0191 -0.26263
-0.0091 -0.02886 -0.307
0.007 0.0279 -0.259
0.0225 0.0345 -0.278
0.0102 -0.02694 -0.2614
-0.02865 -0.0334 -0.28618
0.0091 -0.03114 -0.307
-0.0221 -0.02727 -0.2929
-0.0199 -0.03246 -0.2974
0.02444 -0.034 -0.1813
-0.0152 -0.02544 -0.2686
0.0046 -0.03057 -0.3085
0.02687 0.031 -0.08314
0.018 -0.0246 -0.288
0.007 0.0321 -0.307
0.02415 -0.031 -0.28947
-0.00647 0.029 -0.25885
-0.024 0.03 -0.2929
-0.0201 -0.0356 -0.11201
-0.00575 -0.04 -0.22785
0.0055 -0.02601 -0.2614
0.0035 0.02895 -0.3085
0.01179 -0.0376 -0.1841
-0.0221 -0.03273 -0.2929
-0.02165 -0.031 -0.2955
-0.00927 -0.0371 -0.18598
0.0152 -0.03456 -0.2974
0.0255 -0.03 -0.278
0.01223 -0.0381 -0.13936
0.03492 0.0047 -0.14026
-0.026 0.03 -0.283
0.00647 -0.031 -0.25885
-0.007 -0.02493 -0.2647
-0.03015 0.0177 -0.2782
-0.0221 -0.03273 -0.2731
0.013 -0.03387 -0.3013
-0.006 -0.038 -0.30338
0.0 0.0315 -0.2575
0.01722 -0.0368 -0.27343
0.0 0.02568 -0.3046
-0.0035 -0.03105 -0.2575
0.0199 0.03246 -0.2974
-0.0046 0.02943 -0.3085
0.00526 -0.041 -0.23682
0.0225 -0.0325 -0.228
-0.0169 -0.03507 -0.2731
0.0 0.03648 -0.2974
0.02415 0.029 -0.27653
-0.013 -0.03387 -0.2647
-0.0035 0.02895 -0.3085
-0.007 0.02493 -0.3013
0.03276 0.0248 -0.17338
0.03286 -0.027 -0.21496
-0.0082 0.03597 -0.2686
0.0169 -0.02493 -0.2929
-0.03348 -0.0114 -0.22039
0.005 -0.03 -0.3085
0.0019 -0.03138 -0.2575
-0.03171 -0.0136 -0.23897
0.00483 -0.0382 -0.30472
0.0221 -0.02727 -0.2731
0.00967 0.0425 -0.2287
0.00767 -0.0414 -0.29676
-0.03569 0.0243 -0.20923
0.0019 -0.02862 -0.2575
-0.01792 0.0398 -0.21311
-0.03223 -0.0122 -0.23173
0.01714 0.0418 -0.22928
0.0169 -0.02493 -0.2731
-0.02603 -0.0368 -0.28382
-0.00883 -0.0418 -0.24819
-0.00647 0.029 -0.30715
-0.00963 -0.0439 -0.27538
-0.0144 0.03 -0.2614
-0.0235 -0.02709 -0.278
-0.03137 0.0283 -0.13933
0.0152 0.03456 -0.2686
-0.03394 0.0104 -0.27045
-0.03279 0.0184 -0.25248
-0.02455 -0.0323 -0.09001
-0.007 -0.0279 -0.259
-0.0261 -0.0303 -0.0726
-0.01586 -0.0381 -0.23466
-0.03278 0.0296 -0.23015
-0.0169 -0.0321 -0.3013
-0.0046 0.03057 -0.3085
-0.018 0.0246 -0.288
0.0038 0.03273 -0.259
0.0 0.029 -0.258
0.0 -0.03549 -0.2647
-0.0097 -0.02295 -0.288
-0.0097 -0.03705 -0.288
0.0038 -0.02727 -0.307
0.0097 -0.03705 -0.288
0.0122 0.037 -0.14049
0.00792 -0.0428 -0.27523
0.0091 0.02337 -0.2929
-0.0099 -0.0372 -0.283
0.02429 0.0374 -0.23328
0.018 0.0246 -0.278
0.0091 0.03663 -0.2929
0.0 -0.0228 -0.2929
0.0 0.02352 -0.2686
0.01768 0.029 -0.30068
0.0125 -0.031 -0.26135
-0.03701 0.0224 -0.18947
0.0055 -0.03399 -0.2614
-0.018 -0.0246 -0.288
-0.0102 -0.02694 -0.3046
0.0 0.03549 -0.2647
0.0 0.03648 -0.2686
0.0035 -0.02895 -0.3085
-0.00662 -0.0406 -0.30048
0.03315 0.0194 -0.07201
-0.007 -0.02493 -0.3013
0.0091 0.03663 -0.2731
-0.01296 -0.0392 -0.23488
-0.01042 0.0408 -0.20805
0.0 -0.0228 -0.2731
0.0 -0.02352 -0.2686
-0.0102 -0.03306 -0.3046
-0.00846 -0.0432 -0.2891
0.0046 -0.02943 -0.3085
0.0183 0.02451 -0.283
0.013 0.0339 -0.2647
-0.0099 0.03 -0.307
0.0235 -0.02709 -0.278
0.0216 -0.03 -0.2974
0.0183 0.03 -0.2647
-0.0183 -0.03 -0.2647
0.0 0.03 -0.309
-0.0019 -0.03138 -0.2575
-0.0255 -0.03 -0.288
-0.0152 0.02544 -0.2686
-0.0144 -0.03 -0.2614
0.01768 -0.031 -0.26532
0.024 0.03 -0.2929
0.01089 -0.0399 -0.29904
-0.013 -0.03387 -0.3013
-0.024 -0.03 -0.2929
-0.0091 -0.03663 -0.2929
-0.0082 0.02403 -0.2686
-0.0091 -0.02337 -0.2929
-0.02238 -0.0343 -0.07231
0.02819 -0.0335 -0.21478
-0.00822 -0.0392 -0.07126
0.03193 -0.0228 -0.07051
0.024 0.03 -0.2731
-0.0133 -0.02835 -0.2614
0.0225 0.0345 -0.228
-0.0035 -0.02895 -0.3085
-0.024 -0.03 -0.2731
-0.03359 -0.0108 -0.07292
0.0199 0.02754 -0.2974
0.0082 0.03597 -0.2686
0.01013 -0.0422 -0.28806
0.00651 -0.0423 -0.2656
0.0144 0.03 -0.2614
-0.0125 0.029 -0.26135
0.02637 0.0297 -0.07206
-0.01254 -0.0411 -0.29594
-0.02505 -0.0384 -0.27066
0.03265 -0.0262 -0.15769
0.0183 -0.02451 -0.283
0.0055 0.03399 -0.3046
0.0 -0.03648 -0.2686
-0.0006 -0.043 -0.25908
0.0133 -0.03165 -0.2614
-0.03215 -0.0193 -0.28824
-0.0183 -0.03549 -0.283
0.02897 -0.0276 -0.23443
0.0 -0.0315 -0.3085
0.0019 0.02862 -0.3085
0.00784 -0.0419 -0.26531
0.0 0.03765 -0.288
0.0 -0.03549 -0.3013
-0.0082 0.03597 -0.2974
-0.00755 0.0414 -0.22963
0.0147 -0.0391 -0.09298
0.0 0.0228 -0.2731
-0.0199 0.03246 -0.2686
-0.0183 0.03549 -0.283
0.01216 -0.0374 -0.15955
0.0133 0.03165 -0.2614
-0.03116 0.0096 -0.28945
0.0273 0.0392 -0.2217
0.0069 -0.041 -0.24914
0.0097 0.03705 -0.278
-0.02541 -0.0325 -0.16206
0.0 0.03549 -0.3013
0.002 -0.0367 -0.30515
0.0099 -0.0372 -0.283
0.0235 -0.03291 -0.278
0.01624 -0.0371 -0.29692
0.0055 0.02601 -0.3046
0.0 0.029 -0.308
0.0102 -0.03306 -0.2614
0.0152 0.03456 -0.2974
-0.0046 -0.03057 -0.3085
-0.00616 -0.039 -0.30305
0.0125 -0.031 -0.30465
0.01184 -0.0361 -0.30162
0.0133 -0.02835 -0.3046
-0.0235 -0.03291 -0.278
-0.01116 -0.0368 -0.1623
0.0082 0.02403 -0.2686
0.02741 -0.0333 -0.08208
0.0 -0.03 -0.257
0.0183 0.03 -0.3013
0.0129 0.03387 -0.3013
-0.0183 -0.03 -0.3013
-0.0169 0.0321 -0.3013
-0.01453 -0.0425 -0.26483
-0.03365 0.0221 -0.23513
0.0099 0.03 -0.307
0.00073 -0.0418 -0.29819
0.02165 -0.031 -0.2705
-0.0221 0.03273 -0.2731
0.02701 -0.0309 -0.0706
0.0 0.02352 -0.2974
0.03057 0.028 -0.23247
-0.02218 -0.0336 -0.18763
-0.0169 0.03507 -0.2731
0.03477 0.0054 -0.20053
0.0 -0.02352 -0.2974
-0.0099 0.0372 -0.283
-0.0178 -0.037 -0.23441
-0.03571 0.0171 -0.21895
0.01745 -0.0348 -0.27331
-0.01768 0.029 -0.30068
0.0 0.03432 -0.3046
0.0 -0.02568 -0.2614
-0.03153 -0.0101 -0.07167
-0.01392 0.0407 -0.22953
0.0095 -0.0378 -0.30285
0.0046 0.02943 -0.2575
-0.03129 0.0229 -0.09573
-0.0019 -0.02862 -0.3085
0.026 0.03 -0.283
-0.03033 -0.0322 -0.27952
-0.0125 0.029 -0.30465
-0.01768 -0.031 -0.26532
-0.03057 -0.0244 -0.21843
0.01516 -0.0391 -0.27366
0.02423 -0.0341 -0.15777
0.018 -0.0246 -0.278
-0.02095 -0.0343 -0.21397
-0.0055 -0.02601 -0.3046
0.03322 0.0275 -0.20279
-0.02824 -0.0292 -0.24585
-0.02165 0.029 -0.2705
0.00206 -0.0427 -0.25909
-0.0019 0.03138 -0.2575
-0.02393 -0.0303 -0.07197
0.0199 -0.03246 -0.2686
0.0082 0.03597 -0.2974
0.007 -0.03507 -0.2647
0.01262 -0.0376 -0.25817
0.0 -0.0285 -0.2575
0.01606 -0.0401 -0.0717
-0.03383 -0.0163 -0.2661
0.0235 -0.03291 -0.288
0.0099 0.0372 -0.283
0.0169 0.02493 -0.2929
-0.02832 -0.0336 -0.28666
-0.03422 0.0012 -0.26029
0.00377 -0.0431 -0.26621
0.0 -0.03648 -0.2974
0.02473 0.0376 -0.2327
0.0 0.0315 -0.3085
0.01768 -0.031 -0.30068
0.007 -0.0321 -0.307
-0.03024 -0.0311 -0.26505
0.0144 -0.03 -0.2614
0.01785 -0.0386 -0.2866
-0.0235 -0.03291 -0.288
0.0169 0.02493 -0.2731
0.0157 -0.0393 -0.22817
-0.00985 0.0416 -0.21241
0.0091 -0.02337 -0.2731
-0.0082 -0.02403 -0.2686
-0.01288 0.0333 -0.0716
0.02558 -0.0334 -0.13673
0.0169 0.0279 -0.2647
-0.01779 -0.039 -0.24703
-0.02676 -0.0308 -0.18693
-0.0133 0.03165 -0.3046
0.00224 -0.0394 -0.3039
-0.01856 0.0391 -0.20942
-0.0038 0.02727 -0.307
-0.03357 0.0026 -0.24984
0.0019 -0.03138 -0.3085
-0.03716 -0.0118 -0.11566
-0.02741 0.0366 -0.21296
0.0019 -0.02862 -0.3085
0.0 -0.0378 -0.283
-0.01579 0.0363 -0.09833
-0.0055 0.03399 -0.2614
0.0152 -0.02544 -0.2686
0.0133 0.02835 -0.3046
-0.0216 -0.03 -0.2686
0.02745 0.0389 -0.21052
-0.03302 0.0202 -0.23992
0.03261 -0.0273 -0.18626
0.03005 -0.0277 -0.23238
-0.0263 -0.0383 -0.27886
0.02535 0.0283 -0.07096
-0.005 -0.03 -0.2575
0.0 0.02703 -0.307
0.03245 -0.0238 -0.11455
0.01218 -0.0416 -0.2877
-0.02769 0.023 -0.07188
0.0126 -0.0387 -0.24871
0.02546 -0.0342 -0.23403
0.01536 -0.0382 -0.07071
0.0091 -0.03663 -0.2929
-0.0063 -0.0399 -0.30175
-0.0169 -0.0321 -0.2647
0.0082 0.02403 -0.2974
-0.03047 0.0336 -0.23012
-0.018 0.0246 -0.278
0.0035 -0.03105 -0.2575
0.00238 -0.0381 -0.30522
0.01168 -0.0394 -0.21445
0.0256 -0.0325 -0.23599
0.01479 -0.0393 -0.23598
-0.04075 0.0122 -0.14535
-0.03631 0.0136 -0.21297
0.0091 -0.03663 -0.2731
-0.0097 -0.02295 -0.278
0.0102 0.02694 -0.3046
0.02641 0.0354 -0.17701
0.0099 -0.03 -0.307
-0.0097 -0.03705 -0.278
0.0097 -0.03705 -0.278
-0.03498 0.0256 -0.21816
-0.02826 0.0356 -0.20914
-0.0055 0.02601 -0.2614
-0.00298 -0.0438 -0.26628
0.00448 -0.0395 -0.3033
0.02074 -0.0359 -0.24018
-0.0038 0.03273 -0.307
0.007 -0.03507 -0.3013
0.013 -0.0261 -0.2647
0.0035 0.03105 -0.2575
0.03031 0.0049 -0.2353
0.0235 0.03291 -0.288
0.01292 -0.0361 -0.30078
0.00887 -0.0393 -0.30177
-0.03625 0.0214 -0.20901
0.0255 0.03 -0.288
-0.018 -0.0246 -0.278
0.025 -0.031 -0.283
-0.0091 0.02337 -0.2731
-0.02259 0.0293 -0.07202
0.0046 0.03057 -0.2575
0.0258 0.0315 -0.09838
-0.02562 0.0383 -0.22062
-0.0169 -0.03507 -0.2929
-0.02415 0.029 -0.27653
-0.03975 -0.0117 -0.16361
-0.0235 0.03291 -0.288
-0.0055 -0.03399 -0.3046
-0.01789 -0.0363 -0.22692
-0.0019 -0.03138 -0.3085
-0.02477 -0.0329 -0.11108
-0.0194 -0.0417 -0.27405
-0.00048 -0.0441 -0.27592
0.0 0.03297 -0.307
-0.01472 -0.0417 -0.25723
0.0169 0.0279 -0.3013
0.0221 -0.02727 -0.2929
0.01982 -0.035 -0.28657
0.0082 -0.02403 -0.2686
-0.03333 0.0273 -0.15414
0.0137 -0.0379 -0.19416
0.0055 -0.03399 -0.3046
0.0199 -0.03246 -0.2974
-0.0255 -0.03 -0.278
-0.0133 -0.03165 -0.2614
0.0099 0.03 -0.259
-0.007 -0.0321 -0.307
-0.03313 0.0299 -0.22894
0.01003 0.0359 -0.07118
0.024 -0.02703 -0.283
0.0 0.02235 -0.288
-0.01768 -0.031 -0.30068
0.00595 -0.043 -0.28872
0.01353 -0.0403 -0.27407
0.0221 -0.03273 -0.2929
-0.013 -0.0261 -0.2647
0.005 0.03 -0.2575
0.02875 -0.0321 -0.0719
-0.0046 -0.02943 -0.2575
0.0 0.029 -0.283
-0.03324 0.0096 -0.28357
0.018 -0.0354 -0.288
-0.02763 -0.0369 -0.27872
0.03745 0.0022 -0.08281
0.0102 0.03306 -0.3046
0.01677 0.0412 -0.23075
0.0221 -0.03273 -0.2731
0.0169 -0.03507 -0.2731
-0.025 -0.031 -0.283
-0.02296 -0.0362 -0.24588
-0.0199 0.02754 -0.2686
-0.01991 -0.0346 -0.21365
0.00647 -0.031 -0.30715
0.00875 -0.0396 -0.21454
-0.0125 -0.031 -0.30465
-0.0102 0.02694 -0.2614
0.0 0.03765 -0.278
-0.007 0.0279 -0.259
0.0199 -0.02754 -0.2686
0.0144 0.03 -0.3046
0.0152 -0.02544 -0.2974
-0.007 -0.03507 -0.2647
-0.01077 -0.0413 -0.29658
-0.0216 -0.03 -0.2974
-0.005 0.03 -0.3085
-0.03338 -0.0037 -0.28827
0.026 -0.03 -0.283
-0.03476 0.0136 -0.09416
-0.0182 -0.0419 -0.28401
-0.0129 -0.02613 -0.3013
0.03282 -0.0273 -0.19582
0.0038 0.02727 -0.259
0.0133 -0.03165 -0.3046
-0.0035 0.03105 -0.2575
0.00729 -0.0413 -0.2592
-0.0152 -0.02544 -0.2974
0.007 -0.0321 -0.259
0.0091 0.03114 -0.259
0.007 0.03507 -0.2647
-0.0038 -0.02727 -0.307
0.03372 0.0192 -0.09588
-0.0091 0.02886 -0.259
-0.0169 0.0321 -0.2647
0.00949 -0.0362 -0.30303
-0.03108 0.0144 -0.07174
0.0096 0.0421 -0.20829
0.007 -0.0279 -0.307
-0.0038 0.02727 -0.259
0.0 0.0285 -0.2575
-0.024 0.02703 -0.283
0.0102 -0.03306 -0.3046
-0.03257 0.0296 -0.18229
0.0046 -0.03057 -0.2575
0.0169 0.0321 -0.2647
0.0091 0.02886 -0.307
0.0 0.02568 -0.2614
0.03168 0.0188 -0.07062
-0.0136 -0.0395 -0.29652
-0.026 -0.03 -0.283
0.0046 0.02943 -0.3085
-0.0091 -0.02886 -0.259
0.018 0.0354 -0.288
0.02415 0.029 -0.28947
-0.03074 0.0339 -0.22921
-0.0102 0.03306 -0.2614
0.01809 0.0415 -0.20649
0.0091 -0.03114 -0.259
-0.02248 -0.0389 -0.27385
0.0 0.0228 -0.2929
0.0097 -0.02295 -0.288
-0.00959 -0.0427 -0.25754
0.0 0.0378 -0.283
0.0038 -0.03273 -0.307
0.007 0.0321 -0.259
0.0169 -0.0321 -0.3013
-0.03496 -0.0012 -0.27618
-0.03201 -0.0142 -0.24718
-0.03002 0.017 -0.28307
0.0091 -0.02886 -0.307
-0.00647 -0.031 -0.25885
-0.02788 -0.0284 -0.23677
-0.007 -0.03507 -0.3013
-0.01811 -0.0372 -0.0719
-0.007 0.0321 -0.307
-0.0091 -0.03114 -0.307
0.0338 -0.0233 -0.07192
0.0152 0.02544 -0.2686
0.0127 -0.0355 -0.25812
-0.0038 0.03273 -0.259
-0.024 0.03297 -0.283
-0.03025 -0.0297 -0.13898
-0.02415 -0.031 -0.27653
-0.02415 -0.0321 -0.18663
-0.0133 0.02835 -0.3046
0.013 0.02613 -0.2647
0.005 -0.03 -0.2575
-0.03365 0.0299 -0.20961
0.02165 -0.031 -0.2955
0.0216 0.03 -0.2686
-0.0221 0.03273 -0.2929
0.0038 -0.0437 -0.27579
0.007 0.03507 -0.3013
-0.0199 0.02754 -0.2974
-0.02909 0.0176 -0.28336
0.02728 0.0385 -0.20491
0.03258 0.02 -0.11954
-0.0175 0.0353 -0.15578
-0.02442 0.0377 -0.23123
0.01605 -0.0398 -0.28697
0.0 0.03297 -0.259
-0.0102 -0.02694 -0.2614
-0.03583 0.0228 -0.21206
0.0199 -0.02754 -0.2974
-0.0169 0.03507 -0.2929
-0.007 -0.0321 -0.259
-0.0102 -0.03306 -0.2614
-0.0221 0.02727 -0.2929
-0.00864 0.0426 -0.22119
0.0169 0.0321 -0.3013
-0.0105 -0.0379 -0.14141
-0.01324 0.0355 -0.07348
-0.005 -0.03 -0.3085
-0.03962 0.0133 -0.17664
0.01748 -0.0384 -0.21428
-0.0221 0.02727 -0.2731
-0.0336 0.0126 -0.25281
-0.0169 -0.0279 -0.2647
0.03526 0.0038 -0.11751
0.0 -0.03432 -0.3046
-0.02165 0.029 -0.2955
-0.02076 -0.0352 -0.22768
-0.03412 -0.0115 -0.09247
0.0035 -0.03105 -0.3085
-0.00647 -0.031 -0.30715
-0.013 0.02613 -0.2647
-0.01391 -0.0373 -0.21355
-0.0152 0.02544 -0.2974
-0.02534 -0.0384 -0.27871
0.0183 -0.03 -0.2647
-0.02937 0.0187 -0.27165
0.00175 -0.0404 -0.3021
-0.018 -0.0354 -0.288
0.03456 0.002 -0.07038
0.0 -0.03 -0.309
0.0125 0.029 -0.26135
0.01509 -0.039 -0.29587
-0.02849 -0.03 -0.1105
0.00139 -0.0434 -0.28917
-0.0082 0.02403 -0.2974
-0.018 0.0354 -0.288
0.0038 -0.02727 -0.259
0.024 -0.03 -0.2929
0.0 -0.031 -0.258
-0.03669 -0.0131 -0.19383
0.0102 -0.02694 -0.3046
0.0055 0.03399 -0.2614
0.03239 0.0287 -0.22364
0.0169 0.03507 -0.2731
0.01176 -0.0377 -0.30146
-0.00865 -0.0413 -0.07256
-0.0148 -0.0431 -0.27471
0.024 -0.03 -0.2731
0.0091 -0.02337 -0.2929
0.0235 0.03291 -0.278
0.0255 0.03 -0.278
0.0 -0.0372 -0.2929
-0.03347 0.0037 -0.24183
0.03402 -0.0236 -0.08209
0.02415 -0.031 -0.27653
-0.01396 -0.0406 -0.24755
-0.0035 -0.03105 -0.3085
-0.01553 -0.0376 -0.22738
-0.02088 -0.0332 -0.07152
0.013 0.02613 -0.3013
0.00898 0.0385 -0.08183
-0.007 0.03507 -0.2647
0.0055 -0.02601 -0.3046
0.01403 -0.0353 -0.2642
0.01205 -0.0403 -0.29618
-0.0235 0.03291 -0.278
0.0325 0.0225 -0.1495
0.00636 -0.0419 -0.26148
0.0 -0.0372 -0.2731
-0.0099 0.03 -0.259
-0.03276 0.0147 -0.07285
-0.0091 0.03663 -0.2929
0.01365 -0.0406 -0.08302
0.0183 -0.03549 -0.283
-0.01963 -0.0407 -0.26469
-0.03168 0.0191 -0.25248
-0.007 -0.0279 -0.307
-0.0199 0.03246 -0.2974
-0.02091 -0.0346 -0.16216
0.0 0.02451 -0.2647
-0.02732 -0.0307 -0.16125
-0.02817 -0.0307 -0.13899
-0.00886 -0.0403 -0.09083
0.01826 0.0429 -0.22136
-0.0097 0.02295 -0.288
0.0038 0.03273 -0.307
-0.0169 0.02493 -0.2731
0.0055 0.02601 -0.2614
-0.0091 0.03663 -0.2731
-0.00765 0.0419 -0.2286
-0.0099 -0.03 -0.307
0.0118 -0.0396 -0.26444
0.01402 -0.0346 -0.24962
-0.02929 0.0182 -0.27812
-0.00597 -0.039 -0.21371
0.005 0.03 -0.3085
0.0133 -0.02835 -0.2614
-0.0046 -0.02943 -0.3085
0.0 0.02235 -0.278
