1248
-4.5e-05 -0.040618 -0.027719
-0.003064 3.8e-05 -0.007882
0.028859 -0.009172 -0.092086
0.004068 0.009295 -0.073084
0.001813 0.005706 -0.069833
0.003359 0.015064 -0.02565
0.010416 -0.002666 -0.096213
0.00221 0.019763 -0.031918
-0.013459 0.012348 -0.080805
0.017107 -0.010121 -0.017116
-0.00225 -0.026664 -0.052578
0.00109 0.023602 -0.03063
-0.020274 0.015105 -0.04152
0.003514 0.003214 -0.060268
-0.011391 -0.017822 -0.085248
-0.014697 0.016672 -0.033339
0.021951 0.008757 -0.055221
-0.010264 0.024173 -0.106566
0.001565 0.025082 -0.038638
0.0222 -0.00947 -0.119433
0.005867 -0.006229 -0.09483
0.01873 0.002491 -0.063621
-0.008076 0.001596 -0.096408
-0.005064 -0.001863 -0.028422
0.019225 -0.028193 -0.022832
0.02294 -0.019999 -0.039455
-0.005496 0.002176 -0.050027
0.000816 -0.005418 -0.107825
-0.003591 0.000384 -0.003052
-0.010292 0.018015 -0.105513
-0.002722 -0.030635 -0.043493
0.009648 -0.004649 -0.095758
0.019448 -0.018563 -0.082659
0.024157 -0.006369 -0.069313
0.0223 0.006639 -0.054872
-0.001915 0.005321 -0.072362
0.02166 -0.020737 -0.015438
-0.011315 -0.021285 -0.098922
0.007152 -0.000425 -0.10873
0.027603 -0.007924 -0.002517
0.008031 -0.006281 -0.108237
0.025488 -0.012613 -0.080231
0.003051 -0.039658 -0.037169
0.019079 0.006535 -0.064708
0.019366 -0.011824 0.007904
-0.010045 -0.004886 -0.041095
-0.003811 -0.006505 -0.02086
-0.002396 -0.037135 -0.027717
0.006513 0.013357 -0.063172
-0.006126 0.000691 -0.038546
-0.009393 -0.025123 -0.074746
0.02497 -0.016423 -0.082164
0.001172 -0.002071 -0.122053
0.001432 0.01824 -0.06499
0.023149 -0.019829 -0.070822
-0.000748 0.005697 -0.050643
-0.000353 -0.028393 -0.065237
0.002574 -0.034225 -0.01013
-0.013016 0.019829 -0.049851
-0.006777 -0.016881 -0.113022
-0.014367 0.020855 -0.033575
-0.007091 -0.00121 -0.071276
0.020868 -0.008147 -0.093079
0.01654 -0.023087 -0.049979
0.00889 0.005172 -0.072746
0.00854 0.001126 -0.071665
-0.011292 0.012834 -0.069178
-0.008229 0.000368 -0.038995
0.007895 0.006102 -0.084416
-0.002012 -0.024966 -0.003574
0.003114 0.004892 -0.002261
0.004733 0.027168 -0.047492
0.027073 -0.008724 -0.080097
0.002834 0.026124 -0.047305
-0.001842 -0.029946 -0.065555
0.005658 0.002663 -0.083573
0.001141 -0.020656 -0.008518
-0.01328 0.013561 -0.059085
0.01297 -0.009539 -0.024738
0.005868 0.001517 -0.09604
0.017342 0.01288 -0.029235
0.015153 0.00315 -0.023064
0.024163 -0.009579 -0.108447
-0.014981 0.014221 -0.049772
0.023013 0.008503 -0.027951
-0.01412 0.020395 -0.041359
0.013135 0.001889 -0.061713
-0.002859 -0.005601 -0.040189
0.00429 0.008024 -0.018605
0.014539 0.005723 -0.052676
-0.017956 0.02209 -0.016711
-0.008757 0.001199 -0.110242
0.00252 -0.003696 -0.094637
0.006443 0.007187 -0.013981
-0.00226 0.009802 -0.06844
0.020585 -0.010303 -0.093024
0.003268 -0.020758 -0.008079
-0.01445 0.016213 -0.041123
-0.003903 -0.030631 -0.065443
-0.015242 0.016114 -0.081348
0.015941 -0.011753 -0.033181
-0.001608 -0.02962 -0.013907
0.017138 0.001246 -0.062819
0.02726 -0.013058 -0.092116
-0.003086 -0.005025 -0.009792
-0.011435 0.011644 -0.080434
-0.002915 -0.001332 -0.009565
0.014075 -0.023629 -0.015437
0.008354 0.017237 -0.023276
-0.004027 -0.021404 -0.087137
0.008387 -0.002935 -0.122466
0.018334 -0.019844 -0.023162
0.003598 -0.033641 -0.045491
0.025312 -0.003034 -0.013232
0.000435 0.010473 -0.077973
0.021585 -0.00389 -0.019766
-0.00831 -0.004098 -0.026965
-0.012616 0.023078 -0.019125
0.004963 -0.000449 -0.006777
-0.011339 0.021402 -0.019662
0.016699 0.007834 -0.037311
0.013882 -0.001229 -0.07277
0.021129 -0.020608 -0.071031
0.009455 0.006159 -0.011237
0.001585 0.01327 -0.012622
-0.020534 0.015605 -0.033026
-0.002482 0.011354 -0.041995
-0.002126 0.013107 -0.024584
-0.005463 0.012971 -0.015783
-0.001448 -0.032788 -0.035389
-0.011653 0.01499 -0.058878
0.007767 0.002547 -0.096293
0.003904 0.006037 -0.069333
0.016048 -0.018992 -0.049178
0.015453 0.007442 -0.030709
0.017951 -0.010929 -0.033295
0.012848 -0.004257 -0.033539
0.002759 0.02358 -0.056317
0.007347 0.015777 -0.024535
-0.00135 0.012402 -0.016429
-0.004312 -0.027348 -0.052467
-0.021615 0.021442 -0.033289
-0.007559 -0.013771 -0.098668
-0.000909 0.007515 -0.04133
-0.004971 0.01108 -0.118764
-0.015382 0.01314 -0.059454
0.023616 -0.016116 -0.058861
-4e-06 0.010222 -0.00857
-0.003747 0.02592 -0.092986
-0.007213 0.01168 -0.015783
0.019337 -0.012809 -0.059557
-0.000169 -0.027031 -0.053092
-0.000146 -0.032037 -0.021444
-0.013519 0.021193 -0.026401
0.000225 -0.003383 -0.011458
0.017172 0.012009 -0.037331
0.022127 -0.00805 -0.01953
0.006205 0.011779 -0.077411
0.015207 -0.017757 -0.009346
-0.005985 -0.030263 -0.064931
0.001991 0.002034 -0.061277
0.023764 -0.0223 -0.049569
-0.002509 0.005305 -0.01755
0.010665 -0.003726 -0.083545
0.001721 0.024287 -0.046966
0.001289 -0.001264 -0.108249
-0.006466 -0.000935 -0.033221
-0.003979 0.023812 -0.004086
0.032219 -0.003869 -0.006417
0.007974 0.011729 -0.086326
-0.001276 -0.002068 -0.023893
0.022055 -0.024825 -0.014555
0.021432 -0.013109 -0.069648
0.008621 0.01784 -0.054496
-0.000255 0.00638 -0.069828
-0.004945 -0.001264 -0.009559
-0.001982 -0.031323 -0.012607
-0.008043 -0.00469 -0.109896
0.019089 -0.010478 -0.017936
0.019085 -0.018333 -0.039327
0.001504 0.025414 -0.09572
0.026037 -0.005074 -0.013444
0.023507 -0.013457 -0.080538
0.001134 0.012117 -0.074129
0.026793 -0.010881 -0.080069
0.019657 0.004685 -0.044664
0.008826 -0.004271 -0.108481
-0.000428 0.021346 -0.083507
0.009546 0.018077 -0.06513
0.024491 -0.012275 -0.081696
0.015762 -0.024386 -0.006395
-0.013986 0.020135 -0.008412
0.000879 -0.005056 -0.005366
0.018999 -0.01944 0.001692
0.017908 -0.026248 -0.040687
-0.006918 -0.009089 -0.035202
-0.005814 0.009416 -0.007624
-0.002103 -0.034511 -0.055584
-0.00078 0.000442 -0.00384
0.007982 -0.005954 -0.095252
0.01968 -0.011874 -0.081243
0.017273 -0.018942 -0.070897
0.008661 -0.007505 -0.022289
-0.002433 -0.009677 -0.000593
0.001186 0.00863 -0.009454
-0.003478 0.005484 -0.032342
-0.010416 -0.006958 -0.034266
-0.002079 0.002574 -0.06217
0.006877 0.011089 -0.01422
0.020269 -0.005776 -0.049955
0.001981 0.006126 -0.110057
-0.016794 0.014747 -0.070351
0.016714 -0.020302 -0.031042
-0.00408 -4.5e-05 -0.038472
0.012096 0.005784 -0.024237
-0.011668 0.01722 -0.019426
0.002168 -0.00712 -0.107757
0.003381 -0.009957 0.000606
0.003048 -0.005565 0.002538
-0.005901 0.000739 -0.05468
-9e-05 0.010693 -0.016903
-0.004457 -0.006899 -0.040891
-0.007805 0.002817 -0.083888
-0.008966 0.006532 -0.041222
0.005112 -0.00182 -0.008459
0.013786 -0.011462 -0.03313
0.008409 0.01433 -0.063607
0.009878 -0.000589 -0.071671
-0.012925 -0.019862 -0.098588
0.023925 0.010429 -0.045991
0.014858 -0.003433 -0.033653
0.00549 0.00619 -0.015663
-0.000428 -0.024466 -0.063743
-0.017826 0.02324 -0.03355
-0.00658 0.002769 -0.045215
-0.012275 0.012419 -0.105259
0.024975 -0.008372 -0.069088
-0.008606 -0.006486 -0.041415
-0.009208 0.009958 -0.032668
-0.000107 0.01288 -0.066557
-0.001118 0.00055 -0.044465
0.002986 -0.031681 -0.044773
0.001228 0.003646 -0.123672
-0.004655 0.005041 -0.017313
0.016471 -0.016944 -0.07059
0.001756 -0.025838 -0.001931
-0.001661 0.011632 -0.067429
0.022168 -0.021537 -0.022875
-0.009503 -0.021128 -0.073449
-0.007835 -0.026473 -0.07544
0.00052 -0.009773 -0.025711
0.005542 0.011037 -0.066572
0.023188 -0.009535 -0.010743
0.011315 0.002398 -0.01147
-0.004054 -0.022777 -0.062456
-0.004119 0.013966 -0.024437
-0.005201 -0.010208 -0.029411
0.002051 -0.007928 -0.121561
-0.021318 0.019797 -0.024634
0.01831 -0.013873 -0.108966
0.016871 0.010154 -0.019338
0.016909 0.003302 -0.02179
-0.001906 -0.035591 -0.020056
0.001967 -0.03027 -0.054706
0.020443 -0.005981 -0.081317
-0.009349 -0.002951 -0.109959
0.004025 0.026344 -0.029394
-0.000615 -0.001599 -0.096471
0.016188 0.001954 -0.074256
-0.005713 -0.019368 -0.099429
0.010082 -0.000535 -0.096495
-0.015408 0.013114 -0.069974
-0.003317 0.013236 -0.016019
0.000228 -0.014268 0.00555
-0.00246 0.012652 -0.033078
-0.016435 0.02217 -0.050546
0.004339 0.013401 -0.063134
0.021306 -0.011963 -0.059189
0.008881 0.004363 -0.096734
-0.01441 0.021465 -0.050181
0.021254 -0.009447 -0.094707
-0.008576 0.002598 -0.060693
-0.00083 0.011364 -0.024699
0.002198 0.010344 -0.073453
0.000839 0.002106 -0.109616
-0.009827 -0.00093 -0.039698
0.029407 -0.008513 -0.119104
-0.010161 0.030771 -0.103498
0.0007 -0.006225 -0.121629
0.023035 0.012895 -0.036943
0.028576 -0.011328 -0.092031
-0.00115 0.011576 -0.015325
0.018599 -0.013558 -0.002575
0.000784 0.000855 0.007466
-0.001174 0.009643 -0.041694
0.008984 0.004175 -0.109722
0.022321 0.006513 -0.02849
-0.013725 0.018263 -0.041194
0.00785 0.008324 -0.097687
0.013694 -0.010929 -0.050871
0.022016 -0.009247 -0.10854
0.019614 -0.00961 -0.041226
0.009181 0.023453 -0.029998
0.000113 0.02657 -0.094513
-0.004639 0.015448 -0.003614
0.016284 -0.005335 -0.060399
0.019441 0.004427 -0.064313
-0.001537 -0.033588 -0.02082
0.017222 -0.01254 -0.05999
0.024207 -0.017004 -0.094943
-0.004412 -0.001534 -0.033609
0.00871 -0.000324 -0.016066
0.0087 0.023477 -0.056376
-0.017008 0.016232 -0.017012
0.029191 -0.007756 -0.10527
0.011332 0.003328 -0.085208
-0.002253 0.005898 -0.051069
-0.010492 -0.002853 -0.040466
-0.001556 0.00016 -0.110432
0.004128 -0.040334 -0.028119
0.008606 0.026889 -0.038286
0.000795 0.006593 -0.097252
-0.001108 -0.039948 -0.036645
-0.008668 -0.002554 -0.096125
0.009763 0.021671 -0.05579
0.005856 -0.002613 0.003565
-0.009334 0.018445 -0.06921
-0.001809 0.026756 -0.093512
-0.002482 -0.001704 -0.054644
-0.008623 0.008253 -0.024226
0.011522 -0.005975 -0.033392
0.004923 0.000708 -0.082967
-0.00711 0.018503 -0.092422
0.011235 -0.008126 -0.033252
-0.011656 0.025329 -0.105359
-0.003877 -0.019245 -0.073792
-0.015104 -0.017451 -0.112051
0.020742 -0.022654 -0.060259
-0.008342 0.023987 -0.107567
-0.000568 0.014799 -0.086681
-0.002522 -0.005119 -0.034721
0.013205 -0.004693 -0.042032
-0.007845 0.017287 -0.012892
0.022417 -0.023965 -0.049949
0.006384 -0.009812 -0.019615
0.003685 0.021647 -0.084309
-0.007529 -0.028942 -0.064157
-0.007497 0.003003 -0.050234
-0.006404 0.024822 -0.108093
0.002955 0.000418 -0.095374
-0.004045 0.010676 -0.007514
-0.002341 0.001458 -0.004963
0.003736 0.013139 -0.012326
-0.006643 0.011927 -0.042124
0.005673 0.012341 -0.012911
-0.008738 -0.000282 -0.047137
0.013355 -0.007806 0.004215
0.020609 0.010469 -0.05523
0.017355 -0.004132 -0.041679
0.013399 -0.021299 -0.007988
0.012428 -0.005379 -0.024974
0.022061 -0.006069 -0.059218
0.024463 -0.014951 -0.11904
-0.001278 -0.003313 -0.046112
0.014928 0.009799 -0.053623
-7.4e-05 -0.006053 -0.007048
0.002261 -0.000398 -0.123194
0.02064 -0.010595 -0.081666
0.02347 0.006296 -0.045383
0.006832 0.024541 -0.056701
-0.003687 -0.026165 -0.076038
-0.000328 0.001732 -0.00518
-0.018486 0.014875 -0.033078
-0.000387 -0.009085 -0.001037
0.00234 0.005505 -0.123866
0.014711 -0.009226 -0.060595
0.007118 0.020513 -0.020953
0.020348 -0.004789 -0.07012
0.025532 -0.006912 -0.119386
0.018434 0.01266 -0.045559
-0.008155 0.018415 -0.105449
-0.007604 -0.025015 -0.062663
-0.004245 0.013128 -0.118857
0.000378 -0.004081 -0.121809
-0.005787 0.00454 -0.052893
-0.011224 -0.021915 -0.086182
0.02021 -0.014635 -0.001587
0.00808 0.025245 -0.029446
-0.008654 -0.020638 -0.113149
0.023427 -0.024119 -0.040121
-0.003194 -0.007143 -0.035148
0.014609 -0.024473 -0.023233
0.018641 -0.027263 -0.014318
0.024811 -0.008827 -0.012007
-0.019167 0.017602 -0.060491
0.01944 -0.003556 -0.008964
0.02109 -0.007779 -0.049747
0.009315 0.001393 -0.123285
0.001902 0.000222 -0.109384
0.013754 -0.013688 0.008483
0.005997 0.005106 -0.084047
-0.004474 -0.000882 -0.054942
0.025564 -0.015311 -0.094787
0.029371 -0.008331 -0.003717
-0.004679 0.001781 -0.001789
-0.014853 0.013984 -0.081139
0.024969 -0.016804 -0.108776
-0.014482 0.023837 -0.018305
0.018649 0.00635 -0.019479
-0.003109 0.000338 -0.060133
-0.006624 0.009666 -0.118747
0.020479 -0.020176 -0.023022
0.019277 -0.009212 -0.033442
0.008178 0.003235 -0.072058
0.002157 0.025355 -0.029908
-0.004803 -0.008596 -0.035324
0.021704 -0.027053 -0.031419
-0.015527 0.022039 -0.041575
0.021566 -0.016872 -0.048562
-0.001955 -0.007973 -0.030867
-0.01222 0.011633 -0.119093
0.011115 0.000661 -0.012764
0.020753 0.005199 -0.029229
-0.022341 0.019397 -0.033148
-0.011723 -0.014056 -0.098182
0.00268 0.017943 -0.054437
0.01569 -0.002882 -0.025857
0.000185 0.006894 -9e-06
0.003047 0.021533 -0.020757
-0.01912 0.01451 -0.050438
0.00827 0.018971 -0.021965
0.017395 -0.017326 -0.048798
0.002273 -0.013676 0.005106
0.000764 0.004479 -0.096742
0.01587 -0.013916 0.008931
0.031494 -0.00183 -0.006205
0.022424 -0.005137 -0.08101
-0.012011 0.023554 -0.009849
-0.006479 0.010071 -0.05164
-0.002319 -0.020594 -0.074485
0.032036 -0.00599 -0.005969
0.008437 -0.003311 -0.022162
0.017065 -0.019112 -0.039534
0.000998 -0.040357 -0.037005
-0.016349 0.015266 -0.033192
0.006413 0.00654 -0.123919
0.011798 0.003604 -0.061706
0.002524 0.009944 -0.07827
0.001445 0.021604 -0.097491
0.015396 -0.012242 -0.050541
0.021788 0.004976 -0.044985
0.016203 -0.024907 -0.04053
0.000126 0.008568 -0.017313
0.022216 0.005663 -0.036907
0.023272 -0.018205 -0.048768
0.022584 -0.021204 -0.030849
0.000393 0.004733 -0.010811
-0.008664 0.002627 -0.071953
-0.011275 0.018805 -0.09289
0.020058 -0.026573 -0.040658
0.016774 -0.011202 -0.025385
-0.006301 0.031421 -0.105025
0.00413 -0.0015 -0.123038
-0.007269 0.000898 -0.060327
0.01509 0.001026 -0.06212
-0.004857 -0.004734 -0.047793
-0.011864 -0.019908 -0.085641
0.019759 -0.014461 -0.058668
0.001449 -0.032275 -0.055373
-0.005487 -0.02301 -0.087277
0.007733 -0.009129 -0.021179
0.030019 -0.009762 -0.105127
-0.006382 0.002723 -0.05393
0.018567 -0.004463 -0.050285
-0.00884 0.004713 -0.061122
0.023401 -0.009779 -0.094614
0.018167 0.008429 -0.019062
0.022105 -0.001215 -0.011216
0.015818 -0.019861 -0.016084
0.019993 -0.010033 -0.108684
0.003807 0.009438 -0.097946
0.018619 -0.011378 -0.081847
-0.007637 0.006077 -0.032315
0.003545 0.0151 -0.087483
-0.008929 -0.000399 -0.096252
0.004165 -0.002941 -0.010064
0.015207 -0.003855 -0.041887
0.005936 -0.001424 -0.019361
-0.003917 0.006156 -0.072524
0.018247 -0.02442 -0.050185
0.013392 0.004059 -0.02396
-0.002702 -0.038541 -0.036188
-0.000607 0.003611 -0.072055
0.0116 -0.008576 -0.042005
-0.010809 0.009985 -0.118937
0.000133 -0.002509 -0.025491
0.019989 -0.019406 -0.015848
-0.018451 0.019656 -0.060502
-0.001295 -0.001996 -0.110305
0.000516 -0.038827 -0.01891
-0.003206 -0.004893 -0.096172
0.006009 -0.032231 -0.011502
0.026652 -0.012964 -0.108494
0.011833 -0.001451 -0.072076
0.003801 -0.025247 -0.002375
0.025317 -0.006154 -0.105553
-0.009202 -0.021702 -0.099222
-0.005727 -0.032824 -0.054291
-0.017395 0.01384 -0.059886
0.020884 -0.016272 -0.000323
0.007895 0.007175 -0.012361
0.023123 -0.013623 -0.092585
0.006291 0.015538 -0.075535
0.000126 0.009331 -0.058249
-0.018549 0.021754 -0.050847
-0.002148 -0.003991 -0.110149
0.017875 -0.011927 -0.095006
-0.003554 -0.019318 -0.086744
0.001218 0.020737 -0.021626
-0.00176 0.005541 -0.041
0.025439 -0.004472 -0.001489
0.000605 -0.032089 -0.035554
0.003693 0.001548 -0.096042
-0.001591 0.013753 -0.076303
-0.003503 0.003177 -0.010575
0.001545 0.022909 -0.038733
-0.017095 0.013805 -0.050073
-0.005081 -0.003883 -0.083076
-0.019963 0.022849 -0.033436
0.017549 -0.014073 -0.095133
-0.005241 0.020478 -0.094847
0.01785 -0.019086 -0.016084
0.001954 0.006207 -0.084354
0.015827 0.004062 -0.074649
0.009276 0.013976 -0.075067
0.019494 -0.004545 -0.026504
-0.011945 0.016601 -0.105496
0.018735 -0.005052 -0.033679
-0.005089 -0.002045 -0.071114
-0.008655 0.000832 -0.08363
0.001983 0.013211 -0.066056
0.000495 -0.003274 -0.108005
-0.006036 0.01268 -0.091927
0.001822 0.001601 -0.004883
0.022603 -0.010229 -0.058982
-0.001152 0.01092 -0.032932
-0.011846 0.011561 -0.092481
-0.008117 0.001571 -0.046181
0.015881 0.004012 -0.052667
0.002146 0.001334 -0.004277
-0.002922 -0.003623 -0.083131
0.02191 -0.014783 -0.058657
0.022575 0.012134 -0.046038
-0.008804 0.004702 -0.050603
0.016377 0.009984 -0.03736
0.013217 -0.018818 0.000468
0.006078 0.008596 -0.017507
-0.009322 0.01206 -0.080127
0.020799 -0.017259 -0.109012
0.000165 -0.026387 -0.064573
0.005133 0.000381 -0.108667
-0.020605 0.021838 -0.024871
0.022078 -0.025794 -0.040451
-0.003358 -0.036513 -0.035755
0.010162 -0.000335 -0.014446
0.012146 0.007648 -0.062793
-0.00046 -0.001507 -0.053868
0.02174 -0.02039 -0.007516
0.020398 -0.024741 -0.050175
-0.009068 0.006817 -0.051035
0.009007 0.007867 -0.085033
0.021697 -0.010867 -0.105506
-0.0019 -0.014165 0.005111
-0.002181 0.002295 -0.096661
0.024247 -0.014193 -0.105207
-0.005706 0.016862 -0.092163
0.005238 -0.034514 -0.02858
0.002615 0.021016 -0.038773
-0.007217 -0.019006 -0.113171
0.007149 0.000692 -0.017189
-0.012671 0.014553 -0.105403
-0.008948 0.016316 -0.068985
-0.018285 0.017908 -0.016475
-0.006619 0.013246 -0.03305
0.003867 -0.005403 -0.094605
-0.008099 0.009708 -0.01602
0.021597 -0.018891 -0.082603
0.005081 0.016593 -0.087106
-0.000372 -0.025736 -0.00237
0.016554 0.01107 -0.054307
-0.007542 -0.023706 -0.087127
0.011469 -0.010975 0.006231
-0.007876 -0.01552 -0.085259
-0.000575 -0.03337 -0.028116
-0.013849 0.017011 -0.026165
0.006242 0.009252 -0.073121
-0.006927 -0.002508 -0.027504
-0.008945 0.007809 -0.03246
-0.009148 0.019215 -0.092688
0.025098 -0.011139 -0.094597
0.019316 -0.01284 -0.070077
-0.007681 0.011259 -0.092012
0.007922 0.006058 -0.109954
0.020036 -0.008705 -0.026268
-0.005418 0.003926 -0.009865
0.006193 0.026303 -0.029225
0.006723 0.016841 -0.054133
-0.021682 0.016749 -0.041736
0.009249 0.011955 -0.074266
0.002884 0.001202 0.007017
-0.013187 0.015834 -0.018716
0.008693 0.020208 -0.046162
-0.002117 0.00116 -0.006277
0.004098 0.018705 -0.032139
0.019072 -0.00545 -0.041463
0.025289 -0.014288 -0.081898
-0.000203 0.012698 -0.01372
0.001051 -0.000345 -0.052821
-0.008815 0.010051 -0.104977
-0.002905 0.015805 -0.004877
0.019136 -0.008429 0.00544
0.020927 -0.00972 -0.018819
-0.001972 -0.023145 -0.062968
0.002139 0.008155 -0.018901
0.005812 -0.0008 0.004765
-0.012626 0.017699 -0.049644
-0.002209 -0.02459 -0.075782
-0.008841 -0.006207 -0.026949
-0.001155 -0.037508 -0.019357
-0.001371 0.001627 -0.060358
0.023742 -0.021998 -0.039756
0.01887 0.013365 -0.037233
0.018253 -0.004489 -0.06003
-0.010937 0.015547 -0.01064
-0.005729 0.022296 -0.093756
-0.018632 0.020052 -0.016365
0.008918 -0.005375 -0.022649
0.006305 -0.001525 -0.123
-0.008025 -0.019553 -0.073194
-0.008101 0.01763 -0.119283
0.014457 -0.005036 -0.05095
-0.004321 0.010338 -0.051651
0.00595 -0.036569 -0.028519
0.001639 0.022003 -0.083662
-0.002194 -0.003678 -0.03942
-0.00838 0.010635 -0.041916
0.007914 -0.007088 -0.122042
-0.009203 0.015905 -0.011904
0.000202 0.008953 -0.018316
-0.007363 -0.004293 -0.096062
0.009676 0.024995 -0.038326
-0.008875 0.010413 -0.024175
-0.00199 -0.035005 -0.027885
-0.002526 -0.037567 -0.045703
-0.00052 0.003592 -0.060736
0.004305 -0.033905 -0.03637
0.000472 -0.001307 -0.003513
-0.008972 -0.008489 -0.034815
0.001405 0.01622 -0.064184
0.017268 -0.013062 -0.082105
0.01539 -0.0265 -0.023119
0.008203 -0.000466 -0.123091
0.015787 0.009113 -0.064294
0.008955 0.002014 -0.109476
-0.006752 0.007528 -0.008161
0.014429 -0.014013 -0.002812
0.018727 0.004915 -0.029968
0.005273 -0.00141 -0.082613
-0.017181 0.016876 -0.070576
0.021016 0.013689 -0.037091
-0.003178 0.005905 -0.024628
0.019378 -0.017302 -0.009109
0.028624 -0.014398 -0.118851
0.021913 -0.011625 -0.11934
0.006794 0.019163 -0.045976
-0.0043 0.013914 -0.105023
0.009036 0.009926 -0.085732
-0.004194 -0.017311 -0.086203
0.019231 -0.010233 -0.09485
0.01511 0.011063 -0.020234
0.000868 0.004267 -0.109862
0.017741 0.008251 -0.064701
-0.010862 -0.004905 -0.033703
0.008735 0.001172 -0.096527
-0.012709 0.020805 -0.059494
0.005982 0.009407 -0.097943
0.005672 0.018524 -0.086297
-0.004745 0.000473 -0.008265
0.000948 -0.005913 0.002986
-0.004253 -0.012166 0.002261
-0.004276 0.005702 -0.051845
0.024077 -0.020191 -0.049137
-0.00876 0.009265 -0.11881
0.020155 -0.012371 -0.069676
-0.019703 0.022349 -0.041929
0.006459 -0.034956 -0.020539
-0.00961 -0.000796 -0.110086
0.024812 -0.016035 -0.070118
0.02586 -0.010939 -0.10843
-0.00293 -0.001781 -0.071142
0.012143 -0.012612 0.007494
-0.00491 0.030264 -0.106232
0.011912 -0.009216 0.00503
0.001894 -0.031353 -0.021761
-0.020904 0.018276 -0.050975
0.001909 0.008408 -0.097693
-0.006319 -0.030905 -0.053456
0.019899 -0.007455 -0.041297
-0.002091 0.007407 -0.061531
0.014118 -0.023152 -0.007105
0.013723 -0.00368 -0.025384
0.002083 -0.041036 -0.027888
0.030993 -0.007623 -0.004981
-0.012888 0.019592 -0.081214
0.018293 -0.011338 -0.041269
0.016752 0.01134 -0.045162
-0.004422 0.028447 -0.107322
-0.008399 0.0005 -0.071583
0.019682 -0.027838 -0.031585
-0.001964 0.019853 -0.083884
0.00407 -0.008733 -0.121623
0.006612 0.020896 -0.06618
0.005708 -0.033038 -0.021238
0.024421 -0.018103 -0.059227
-0.000929 0.019224 -0.006314
0.004037 -0.03172 -0.021686
0.01536 -0.021991 -0.031258
-0.001438 0.007206 -0.024724
0.005216 -0.024119 -0.003582
0.022526 -0.012873 -0.105363
0.004051 0.012536 -0.066062
-0.005026 0.011865 -0.104931
0.005457 0.007284 -0.06846
0.022416 -0.02272 -0.014965
-0.020514 0.016147 -0.050768
0.008776 0.026048 -0.047259
0.008588 -0.00397 -0.082947
-0.00175 -0.000221 -0.004041
0.003099 -0.035683 -0.046049
0.00169 0.022149 -0.046565
-0.001921 0.009097 -0.058945
0.020037 -0.017459 -0.095179
0.002658 -0.039194 -0.018834
-0.005747 -0.026854 -0.075912
0.023618 -0.018108 -0.082422
0.016787 0.005736 -0.03051
-0.01189 0.015815 -0.119329
0.021984 -0.008713 -0.105599
-0.00198 -0.003911 0.005238
0.012872 -0.008925 -0.051078
-0.001013 -0.000353 0.007254
0.016805 -0.009526 -0.070679
0.014436 -0.021524 -0.015847
-0.00174 0.006781 -0.032508
-0.003553 -0.004376 -0.02122
0.007282 0.003932 -0.084268
0.004785 0.016932 -0.074815
0.022614 -0.025712 -0.02271
0.012074 0.00974 -0.022821
0.026326 -0.015111 -0.10862
0.002469 0.014449 -0.063505
0.001471 -0.032668 -0.028347
-0.004861 0.002755 -0.110478
0.015082 0.009576 -0.030513
0.014489 0.005777 -0.074643
0.001646 0.001472 -0.051783
0.011614 0.007863 -0.02382
0.007036 -0.001232 -0.122534
0.021421 -0.009129 -0.009543
0.001478 0.014443 -0.087328
-0.012616 0.013767 -0.119237
-0.007452 -0.014833 -0.112744
0.01805 0.006133 -0.037197
-0.013136 0.019052 -0.026401
0.020368 -0.004757 -0.059598
0.014968 -0.004584 -0.016815
0.020566 0.012951 -0.04588
0.019936 0.003411 -0.05359
0.009358 0.004176 -0.084867
0.001166 0.003456 -0.051033
-0.000657 -0.00146 -0.045156
0.003659 -0.003732 -0.016688
-0.002861 0.001899 -0.110495
0.006811 0.013652 -0.076485
-0.001886 -0.003801 -0.030373
0.005544 -0.038699 -0.02835
0.016884 -0.020999 -0.060066
0.00456 0.028018 -0.038394
0.008709 -0.005078 -0.122286
-0.005364 -0.005149 -0.096079
0.0264 -0.014474 -0.10508
-0.016437 0.023476 -0.017422
-0.007227 0.019324 -0.01334
0.019102 -0.015898 -0.109029
0.019414 -0.01655 -0.048572
-0.017571 0.022754 -0.041784
0.012987 -0.015422 -0.001996
0.028034 -0.007168 -0.092267
0.016168 -0.002915 -0.017525
0.023309 -0.006988 -0.105616
-0.010992 0.019257 -0.019773
-0.021352 0.020931 -0.041972
-0.003908 0.004373 -0.084124
0.00287 -0.000733 -0.122296
0.01551 -0.008745 -0.016579
0.022742 -0.013631 -0.119196
-0.002539 0.002179 -0.044225
0.017647 0.005502 -0.044506
0.026665 -0.000719 -0.002926
-0.008217 0.008782 -0.051414
0.004187 -0.007926 -0.107819
-0.008015 0.01241 -0.024201
0.004657 0.024579 -0.056679
-0.002024 -0.002097 0.006438
0.016948 -0.015197 -0.082371
-0.002816 -0.004511 -0.047077
1e-05 0.019972 -0.097581
0.018135 -0.01315 -0.069885
0.006266 0.018665 -0.03197
-0.001914 0.006546 0.000439
0.008911 0.006477 -0.097244
-0.002968 -0.003066 -0.034157
-0.005966 -0.018863 -0.073319
0.002026 0.006288 -0.000998
-0.002333 0.023049 -0.005286
0.005206 0.021451 -0.02051
0.012533 0.006639 -0.074238
0.019981 -0.007716 -0.008728
0.02589 -0.013164 -0.09466
-0.004723 0.003594 -0.000588
-0.000215 -0.028267 -0.014885
-0.00232 -0.022375 -0.006867
-0.001424 -0.005864 -0.030883
-0.001711 -0.002584 -0.010874
-0.001071 0.011867 -0.077253
0.005635 -0.028931 -0.014076
0.026164 -0.006512 -0.001701
0.003402 -0.005861 -0.016328
-0.00385 0.019322 -0.096054
0.005519 0.014982 -0.025404
0.014144 -0.011898 -0.041623
0.001618 0.019749 -0.055022
0.009734 0.019608 -0.055102
0.014661 -0.010885 -0.024975
0.003605 0.00698 -0.058406
-0.008751 0.019304 -0.080536
0.015038 -0.024132 -0.031467
0.004501 -0.038039 -0.037096
0.018978 -0.020283 -0.071059
0.001448 -0.008149 -0.026821
0.001109 0.021555 -0.031366
0.022761 -0.021878 -0.060035
0.010484 0.006418 -0.073544
-0.004338 -0.003276 -0.010118
0.017081 -0.007369 -0.070691
0.012288 -0.002457 -0.084241
0.019505 -0.011669 -0.049875
0.002033 0.011834 -0.086263
0.018189 0.004473 -0.020477
-0.018781 0.015473 -0.060266
0.009344 0.003554 -0.123531
0.00092 0.010069 -0.085646
0.007843 0.000155 -0.109281
-0.013643 0.015334 -0.09292
0.003598 -0.033087 -0.028517
-0.003338 -0.009563 -0.030328
-0.007071 0.022072 -0.001834
-0.000663 -0.029946 -0.043619
-0.011176 -0.012992 -0.11211
0.019138 -0.007714 -0.081479
0.00609 -0.036959 -0.019775
-0.008581 -0.001427 -0.033099
0.022879 -0.008072 -0.058993
0.018735 -0.019517 -0.030877
-0.006067 0.004113 -0.084069
-0.013227 -0.013694 -0.111924
-0.001234 -0.03292 -0.011332
-0.000759 0.006596 -0.01755
0.015716 -0.020786 -0.039864
-0.012582 0.01631 -0.00944
0.007025 0.009718 -0.015902
0.029949 -0.012673 -0.118868
-0.004461 0.013504 -0.033121
0.015409 -0.007124 0.004003
0.004615 -0.033584 -0.010523
0.020811 -0.009936 -0.049718
-0.003711 0.005339 0.000227
0.016944 -0.020122 0.001904
0.01834 -0.016098 -0.095196
0.021342 -0.022365 -0.006696
0.009201 0.021406 -0.030734
0.016308 -0.02063 -0.023258
0.003878 0.007185 -0.110147
-0.018231 0.01439 -0.041311
0.028287 -1.1e-05 -0.004189
0.021235 -0.018657 -0.039298
0.02007 0.005339 -0.037049
0.017891 -0.024672 -0.006048
0.004487 0.019909 -0.038749
0.011885 -0.006421 -0.042075
-0.013394 0.012414 -0.069544
-0.01019 -0.00288 -0.033276
0.019933 -0.023932 -0.006158
0.004238 0.006565 -0.123957
0.022305 -0.012696 -0.069649
-0.009063 -0.013409 -0.11241
-5.6e-05 0.001799 -0.061973
0.006217 -0.008426 -0.121799
0.025853 -0.007194 -0.012995
0.004105 0.005025 -0.059218
-0.016897 0.023607 -0.025754
0.001199 0.001486 -0.123426
0.001427 -0.030328 -0.044088
-0.001918 0.010971 -0.00786
0.004619 0.019191 -0.045993
0.012152 -0.007523 -0.024738
0.021308 0.012343 -0.027954
-0.004199 -0.032213 -0.043742
-0.000578 0.009204 -0.02475
-0.002555 0.017922 -0.084693
-0.004184 -0.034144 -0.05507
0.002751 0.020284 -0.046208
0.022185 -0.017791 -0.095086
-0.014429 -0.019499 -0.112329
-0.001217 0.02137 -0.006102
0.021563 0.004682 -0.054274
-0.004698 -0.034255 -0.0443
-0.008122 -0.027021 -0.063326
0.017533 -0.027508 -0.031655
-0.000829 -0.010456 -0.024147
0.006733 0.027995 -0.03831
0.012674 0.001616 -0.085201
0.015736 -0.0211 -0.04961
-0.000334 -0.000342 -0.08357
0.002987 7.4e-05 -0.108491
0.004168 0.016841 -0.076075
-0.002625 -0.002752 -0.02233
0.002696 0.017461 -0.074518
-0.001599 0.003732 -0.050263
0.014945 -0.022325 -0.023284
-0.003792 0.00147 -0.006583
0.023914 0.007019 -0.036808
-0.007882 0.007583 -0.01643
-0.010238 0.017229 -0.119346
0.00496 -0.035933 -0.036803
-0.001684 -0.03919 -0.027656
0.023057 -0.025364 -0.031203
-0.016464 0.018929 -0.070588
-0.001467 -0.003594 -0.096315
0.02747 -0.006435 -0.105426
-0.00354 -0.013396 0.003907
-0.014837 0.020358 -0.070383
0.029733 -0.011916 -0.105034
0.00462 0.001723 -0.09588
0.001826 -0.027626 -0.015279
-0.004641 0.015262 -0.119
-0.021945 0.01726 -0.033052
-0.008391 -0.00131 -0.083364
-0.008379 -0.00827 -0.02746
-0.007151 -0.021 -0.099408
-0.007658 0.004821 -0.040921
0.015773 0.011567 -0.029973
0.006342 0.016798 -0.076112
-0.003886 -0.00529 -0.110005
-0.006338 0.002896 -0.096552
0.02141 -0.012307 -0.092843
0.004909 -0.021528 -0.006875
0.01608 -0.019012 -0.0597
-0.007688 0.020036 -0.001386
0.006661 0.019886 -0.038665
0.015529 -0.011229 -0.060369
-0.005776 -0.01592 -0.085659
0.001706 -0.006019 -0.027181
-0.000437 -0.037949 -0.046171
0.017523 -0.012512 -0.050177
-0.006678 0.010452 -0.104914
0.001622 -0.03726 -0.046298
0.018591 -0.022333 -0.060271
0.018634 0.011316 -0.054896
0.030055 -0.000417 -0.00539
-0.007358 0.017668 -0.080202
-0.009931 -0.016216 -0.085108
0.013152 -0.006769 -0.051107
0.009807 0.022045 -0.046502
0.004093 -0.011187 0.002252
0.002271 0.015868 -0.075643
-0.003444 0.007916 -0.059954
-0.002238 -0.010016 -0.02255
0.005016 -0.000426 -0.122472
0.018741 -0.010404 -0.025858
0.008553 0.020952 -0.038545
-0.010004 -0.023167 -0.074018
0.000433 -0.033982 -0.010426
-0.014722 0.021505 -0.059927
0.014728 -0.006718 -0.016468
-0.005656 0.003985 -0.040764
-0.013161 -0.015688 -0.098161
0.008134 0.019653 -0.031456
-0.005273 -0.017243 -0.099281
0.016483 -0.013331 -0.003023
0.00529 0.004453 -0.016957
-0.001376 0.003473 -0.010921
-0.022076 0.018882 -0.041901
0.008139 0.010225 -0.073553
-0.000262 0.005076 -0.050772
0.015401 -0.022907 -0.040229
-0.004093 0.008235 -0.061736
0.026252 -0.006721 -0.080305
0.001825 0.002632 -0.096299
0.005161 0.020374 -0.085273
0.001079 -0.003319 -0.004072
0.002186 -0.001565 -0.094919
-0.013601 -0.017813 -0.098309
-0.0074 0.01789 -0.001598
-0.013698 0.01799 -0.008624
-0.020935 0.017656 -0.024635
-0.002045 0.016072 -0.085717
0.004438 0.02094 -0.066143
0.025264 -0.013898 -0.092318
-0.007327 0.00651 -0.02434
-0.01072 0.020078 -0.069587
0.02295 -0.023564 -0.022761
-0.001907 0.003526 -0.084039
-0.015142 0.015473 -0.017833
-0.009664 0.014263 -0.068973
0.005945 -0.000904 -0.109191
0.011436 0.005712 -0.062101
-0.006274 0.013711 -0.024297
-0.010705 -0.021339 -0.112963
-4.1e-05 -0.033827 -0.055695
0.003771 -0.00088 -0.109228
-0.007019 0.002499 -0.110385
0.000211 0.019277 -0.022885
0.003158 0.003079 -0.003461
0.025622 -0.002352 -0.001937
-0.007687 0.013486 -0.079966
-0.000905 -0.021248 -0.008074
-0.013346 0.015646 -0.049615
0.005898 0.002441 -0.017516
-0.006622 0.005874 -0.016903
0.001375 -0.028351 -0.053871
-0.015778 0.02251 -0.033601
-0.004484 0.01219 -0.042153
-0.018987 0.023233 -0.025281
-0.010864 0.010771 -0.105104
0.012543 -0.017181 -0.000796
0.00174 -0.009188 -0.000598
-0.004696 0.016048 -0.105167
-0.006284 0.016211 -0.002413
0.002376 -0.003513 -0.011162
0.009656 0.022823 -0.038421
-0.005313 0.01473 -0.091983
0.024497 -0.018155 -0.070488
0.023379 -0.023223 -0.030994
0.004549 0.016879 -0.054111
-0.008357 0.011948 -0.032884
0.024387 0.011194 -0.036829
-0.006107 0.017695 -0.105323
0.020312 -0.006561 -0.026505
0.003823 0.005144 -0.084024
-0.005182 0.024288 -0.093075
-0.003535 0.00415 -0.061816
0.017739 -0.015237 -0.058893
-0.000342 0.001484 -0.071685
0.027686 -0.007193 -0.11926
-0.002319 0.009511 -0.051444
0.004587 -0.002108 -0.017798
0.014987 -0.007069 -0.060605
0.021021 -0.018537 -0.008399
-0.019558 0.015989 -0.024871
0.003883 -0.007926 -0.016815
-0.009673 -0.013355 -0.098368
0.014832 -0.025613 -0.014964
-0.000985 0.015626 -0.075377
-0.004086 -0.036214 -0.045018
0.006382 -0.030528 -0.012802
-0.005713 0.023455 -0.002822
-0.003218 -0.002336 -0.029472
-0.001746 0.00788 -0.069318
-0.010775 0.020008 -0.080907
0.01981 -0.010066 0.006703
0.017857 0.003165 -0.053001
-0.003848 -0.010805 0.000614
0.017623 -0.011529 -0.070455
-0.016824 0.021084 -0.060295
-0.006856 -0.003921 -0.048067
0.016297 0.007207 -0.044554
-0.010937 0.017043 -0.058889
-0.014896 0.02286 -0.026164
0.001224 -0.003955 -0.026694
-0.002899 -0.034407 -0.035462
0.023872 -0.001622 -0.012416
0.016291 -0.012175 -0.041415
0.001447 0.016001 -0.025208
-0.001547 0.017187 -0.005866
0.019368 0.013164 -0.028496
0.006333 -0.007619 -0.107995
0.02401 -0.014037 -0.06981
0.015476 1.7e-05 -0.073568
0.003967 -0.027869 -0.014983
0.004724 0.000597 0.006029
0.006614 -0.003122 -0.082606
0.013024 -0.000502 -0.084847
0.008212 0.015749 -0.075743
-0.005801 -0.0289 -0.052789
0.008281 0.005438 -0.123763
-0.004035 0.006105 -0.061004
0.002711 -0.032498 -0.035913
-0.015467 0.015616 -0.025755
0.017249 -0.017017 -0.009456
0.020674 -0.026488 -0.014318
-0.016099 0.014796 -0.041166
-0.007083 -0.003036 -0.083161
-0.000889 0.008771 -0.032724
-0.006044 -0.005546 -0.109913
0.018637 -0.011727 -0.10884
0.020884 -0.019848 -0.030806
0.014828 -0.019895 0.001456
0.001161 0.014138 -0.07493
0.004844 -0.004357 0.00275
0.013354 0.010911 -0.021509
-0.000598 0.0018 -0.083836
0.015834 -0.026151 -0.031612
-0.007515 0.021469 -0.013128
0.028408 -0.013641 -0.105017
-0.002641 -0.001644 -0.038791
0.01419 0.007842 -0.053025
0.006105 0.012792 -0.086655
-0.012143 0.027147 -0.104268
0.017924 -0.013234 0.008719
0.002542 0.019968 -0.065707
0.000295 0.017544 -0.024196
0.026616 -0.015232 -0.118914
0.007345 -0.001865 -0.020958
-0.001708 -0.022551 -0.075214
-0.003329 -0.00857 -0.021347
-0.003497 0.004248 -0.040792
0.024708 0.009044 -0.03678
-0.005334 0.005651 -0.024488
0.008482 0.019848 -0.065809
-0.009642 -0.023305 -0.086726
0.00035 0.000127 -0.004489
-0.001002 0.010206 -0.017007
0.016786 -0.014824 -0.07022
-0.008277 -0.002292 -0.047827
-0.000876 0.000557 -0.096598
0.006057 0.009115 -0.06745
-0.005949 -0.015195 -0.099002
-0.006076 0.005893 -0.072497
0.030235 -0.010519 -0.11896
-0.012734 0.020778 -0.070017
0.021381 -0.013187 -0.080908
-0.017557 0.015242 -0.025281
-0.003337 0.002443 -0.050038
-0.005267 7.1e-05 -0.060122
-0.008632 0.023149 -0.012313
0.006053 0.00716 -0.110109
0.00393 0.01283 -0.086632
0.024252 0.008292 -0.045751
-0.00418 0.003152 -0.096644
-0.01325 0.013203 -0.092739
-0.006607 0.005519 -0.008981
0.024108 -0.020212 -0.059657
0.016503 -0.026943 -0.014554
0.017525 -0.007352 0.004451
0.022946 -0.017591 -0.10892
0.023525 -0.007745 -0.11945
0.02455 -0.005408 -0.08064
0.005622 -0.022758 -0.005229
0.017746 -0.017211 -0.082574
0.021251 -0.027407 -0.022736
-0.007813 0.004601 -0.072288
0.001331 0.00662 -0.010274
0.001992 0.023596 -0.09681
0.003759 0.000803 -0.005468
-0.009231 0.00866 -0.041586
0.026321 -0.005852 -0.092525
0.001647 0.021812 -0.05571
-0.011596 0.029139 -0.103587
0.000892 0.00801 -0.084947
-0.008223 0.031607 -0.104024
0.01708 -0.027861 -0.022972
0.023402 -0.012263 -0.069281
0.01597 0.009344 -0.044793
0.022642 0.010637 -0.027754
0.019256 -0.005677 -0.008516
-0.006251 0.007968 -0.061725
-0.007989 0.006679 -0.0615
-0.001928 0.019136 -0.097055
-0.001185 -0.002327 -0.083312
0.022463 -0.005058 -0.069691
0.003688 -0.012548 0.003899
0.012064 -0.010135 -0.033156
0.016393 -0.016903 -0.05927
0.013739 0.008893 -0.063595
0.013798 -0.019324 -0.008808
-0.001012 0.007812 -0.051075
0.02279 -0.010923 -0.08161
-0.001525 -0.006041 -0.008668
0.019988 -0.002514 -0.019229
-0.020184 0.020329 -0.051004
0.006736 0.001998 -0.096302
0.022368 -0.005917 -0.019876
0.022184 -0.006418 -0.092994
0.009837 0.024183 -0.046903
0.02418 -0.005577 -0.092791
-0.006052 0.01691 -0.119156
0.018378 -0.005635 -0.070486
0.024699 -0.010529 -0.069077
0.004975 -0.009372 -0.018018
-0.001193 -0.00049 -0.071351
0.002668 0.026952 -0.038514
0.020482 -0.001923 -0.009952
-0.002725 -0.023736 -0.00522
-0.009808 0.01085 -0.092215
0.004636 0.010422 -0.078064
-0.014664 -0.015326 -0.111902
-0.011323 0.019172 -0.059115
0.020441 -0.018031 0.000877
-0.000784 0.005708 -0.061165
0.000584 0.016983 -0.074724
-0.014523 0.018167 -0.081375
-0.007047 -0.009735 -0.028361
0.012427 -0.010581 -0.041839
-0.012818 -0.020923 -0.112663
-0.005636 0.005226 -0.032271
0.002149 0.008556 -0.058052
-0.010277 0.023912 -0.011113
-0.006115 -0.023462 -0.062344
0.017803 -0.003199 -0.026267
0.010707 0.00441 -0.010911
0.008504 -0.002128 -0.108662
0.018006 -0.002157 -0.018408
0.016439 -0.004192 -0.050649
-0.00656 -0.007222 -0.04134
0.017012 -0.003724 -0.033705
0.019564 -0.00706 -0.033583
-0.000892 -0.005307 0.003974
-0.01292 0.017385 -0.092975
0.018859 -0.009871 -0.081451
0.006908 0.027141 -0.047475
0.009519 0.016057 -0.064324
-0.004969 0.026455 -0.108003
-0.004538 0.002992 -0.0445
-0.006968 0.015538 -0.079993
-0.013971 0.018718 -0.033479
0.004699 -0.03851 -0.019151
-0.013369 0.022172 -0.008861
