630
0.15902 -0.033642 -0.004566
0.1271 -0.026442 0.003916
0.18952 0.001811 0.000957
0.10377 -0.025932 0.006469
0.17221 0.012857 -0.007966
0.04139 -0.021964 -0.019636
0.17324 0.028705 -0.006354
0.10449 -0.023023 0.002022
0.10476 -0.018211 -0.006935
0.02198 0.045633 -0.009135
0.11818 0.064826 -0.005065
0.11424 0.064299 -0.012766
0.11752 0.066442 -0.003979
-0.0051 0.004825 -0.014108
0.12664 -0.039527 -0.00182
0.17351 -0.017769 0.002899
0.12523 -0.013169 -0.00734
0.11444 0.018414 0.007512
0.10286 -0.035674 -0.008824
0.17449 0.021628 0.003223
0.18105 0.003036 0.003714
0.18735 0.009324 -0.006661
0.15181 -0.038169 0.001523
0.11411 0.03074 0.012951
0.05553 0.043098 0.013942
0.07054 0.046118 -0.000721
0.09724 0.015214 -0.007792
0.14811 -0.035232 0.005251
0.16146 -0.028283 0.002962
0.15927 -0.034864 0.004997
0.07987 0.030087 -0.01291
0.04006 -0.045201 0.000491
0.09743 -0.027423 0.009304
0.17085 -0.012599 0.005708
0.09455 0.031502 0.01658
0.16679 -0.001675 0.000942
0.07402 0.000526 0.021435
0.11112 0.005784 0.014941
0.10265 0.038903 0.006654
0.14193 0.034205 0.005193
0.10242 0.050943 -0.004327
0.10948 0.015256 0.007249
0.12683 -0.030864 0.006152
0.16235 -0.033619 -0.001741
0.14161 0.034781 0.000669
0.12559 -0.005955 -0.002496
0.07578 -0.03658 0.015639
0.14231 0.028687 0.010412
0.17751 0.030271 -0.004554
0.17063 -0.015719 0.004631
0.08949 0.065639 -0.001645
0.02396 -0.024349 -0.018493
0.1032 -0.039388 -0.005576
0.18765 0.003628 -0.006669
0.06173 -0.024436 -0.018683
0.178 0.028349 -0.005294
-0.00491 -0.022935 -0.014249
0.10197 0.052254 -0.001179
-0.00223 0.017555 0.023689
0.17219 0.014913 -0.002599
0.16389 -0.012157 0.005545
0.04189 0.001611 -0.021028
0.09815 -0.005419 -0.009539
0.15009 -0.03007 0.005334
0.11426 0.022378 -0.00496
0.06566 0.014162 -0.018954
0.11435 0.019562 -0.002141
0.11814 0.063352 -0.00607
0.15837 -0.027218 -0.002539
0.09956 -0.030233 0.010002
0.10432 -0.023563 0.001694
0.06879 0.041394 -0.005813
0.17084 -0.010975 0.00548
0.17875 -0.009251 0.005238
0.17308 -0.006901 0.003494
0.0951 -0.028262 0.010735
0.09493 -0.003118 0.017201
0.10721 0.017632 0.000149
0.17736 0.009018 0.003884
0.10415 -0.023625 0.002409
0.17281 -0.019748 -0.000761
0.02222 -0.000538 0.025725
0.17888 -0.015303 0.005078
0.09828 -0.011429 -0.009402
0.07205 0.030759 0.019916
0.16739 0.010456 0.004489
0.17262 0.01321 0.001881
0.11568 0.064092 -0.011728
0.18894 0.01196 -0.002992
0.12662 -0.024998 -0.000327
-0.00314 -0.034316 0.007243
0.11586 0.066222 -0.010007
0.02317 0.04455 0.009396
0.18471 0.00447 0.004219
0.15749 -0.031281 -0.005301
0.17911 -0.01187 0.006009
0.16717 0.003306 0.004484
0.17876 0.030279 -0.003848
0.15157 -0.038308 -0.003708
0.04827 -0.006495 -0.020294
0.10685 0.005963 -0.006795
0.18358 -0.000862 -0.000889
0.08559 -0.010749 -0.012325
0.11717 0.06625 -0.008799
0.16181 -0.028754 -0.001112
0.09928 -0.039731 -0.005427
0.18384 -0.011051 0.002057
0.03651 0.02601 -0.024253
0.17417 0.019346 0.000918
0.09895 0.065771 -0.013074
0.17923 0.021792 -0.002657
0.10343 -0.030366 0.009415
0.12658 -0.017766 0.009968
0.16232 -0.029118 -0.000253
0.15956 -0.01818 -0.006636
0.13851 0.005521 -0.008147
0.08549 -0.025866 -0.013332
0.15166 -0.025513 0.000251
0.1 0.013719 0.016149
0.09483 -0.041699 0.000403
0.18218 -0.008778 0.004868
0.09922 -0.005605 -0.00921
0.10955 0.018656 0.008589
0.1651 -0.018748 0.00334
0.18395 -0.013887 -0.000877
0.10705 0.014172 -0.003707
0.17842 -0.011508 -0.006159
0.11694 0.05924 -0.00428
0.03177 0.054963 -0.006406
0.03457 0.000483 0.02235
0.18394 0.008251 0.004395
0.0951 0.021718 0.017954
0.17746 0.030659 -0.004306
0.10032 0.000236 -0.008819
0.02935 0.039832 0.015713
0.18904 0.001019 -0.003173
0.17789 -0.018317 0.001664
0.10198 0.035259 0.011912
0.10396 -0.023019 -0.003634
0.11506 0.056782 -0.004743
0.10435 0.036922 -0.00357
0.05862 0.00119 -0.019858
0.0992 0.066356 -0.011137
0.1082 0.001249 -0.006133
0.11416 0.037437 0.001104
0.13911 -0.002734 0.003615
0.0654 0.044031 0.004621
0.14997 -0.031912 0.005593
0.0719 0.046436 -0.011974
0.1707 -0.010208 0.004968
0.11403 0.035037 -0.003406
0.17285 -0.007745 -0.006183
0.13905 0.01244 0.007543
0.17216 0.02361 0.005974
0.19133 0.005267 -0.002759
0.07266 0.019873 -0.016827
0.07685 -0.012619 -0.014789
0.13677 -0.008434 -0.005985
0.14113 0.029791 -0.006102
0.06299 0.011432 -0.019479
0.16309 -0.030979 0.002028
0.10228 0.037691 -0.003779
0.18278 0.02679 0.003306
0.17998 0.001381 0.001927
0.14964 -0.034042 0.005387
0.14139 0.019134 -0.003899
0.1825 -0.014425 -0.003124
0.09984 -0.000879 0.01517
0.11552 0.061792 -0.012212
0.06256 0.063804 -0.012697
0.06231 0.061266 -0.015673
0.10683 -0.020902 -0.003224
0.15344 -0.028886 0.004562
0.10354 -0.027964 0.008471
0.0616 -0.04453 -0.009398
0.05155 0.031175 0.019857
0.0711 0.038997 0.015729
0.10425 -0.021942 -0.003583
0.08578 0.029214 -0.01208
0.10524 0.017165 -0.003824
0.03145 0.009383 -0.022928
0.08512 0.022678 0.021051
0.17431 -0.015245 0.005271
0.02523 -0.037699 -0.00541
0.03933 -0.033907 0.014759
0.14971 -0.030453 0.005489
0.15844 -0.036531 0.002404
0.15745 -0.026274 0.000156
0.10365 0.032052 -0.006824
0.16876 0.023418 0.006405
0.17626 0.003087 0.003505
0.03768 -0.019299 0.019473
0.18119 -0.017264 -0.001413
0.10803 -0.012814 -0.006683
0.17151 0.029208 0.005996
0.0795 0.011224 -0.014199
0.18279 -0.01162 0.005772
0.10083 0.014015 -0.006411
0.10239 0.052118 -0.012066
0.02259 -0.014205 -0.020827
0.11708 0.065 -0.009432
0.16467 0.034676 -0.000225
0.09751 -0.024465 0.006566
0.09577 0.032742 -0.009748
0.0848 0.017506 -0.012254
0.15796 -0.037624 -0.00128
0.08552 -0.027166 0.016236
0.16732 0.007495 0.004905
0.07416 0.039159 -0.007923
0.13855 0.014771 -0.001671
0.11449 0.030629 -0.005816
0.11701 0.060536 -0.003251
0.08458 -0.043725 0.001294
0.09934 0.010029 -0.007972
0.09566 0.016151 -0.008529
0.06188 -0.035291 -0.016452
0.04977 0.028034 -0.023931
0.10128 0.05499 0.00076
0.1043 -0.023399 0.001569
0.11483 0.057885 -0.00207
0.063 0.03039 -0.021031
0.11646 0.067599 -0.008181
0.04462 0.052842 -0.01964
0.04858 0.021537 0.020908
0.10207 0.031266 0.014897
0.18905 0.011657 0.000887
0.04228 0.031876 0.019961
0.10347 -0.040743 0.000168
0.10368 -0.022447 0.009211
0.14226 0.031653 0.008884
0.05633 0.016307 -0.022083
0.14059 -0.008746 -0.007557
0.15179 -0.038727 -0.000721
0.1042 -0.023207 -0.003103
0.06457 0.054021 -0.017786
0.08847 -0.041756 -0.006254
0.0424 0.011872 -0.022671
0.17403 0.032031 0.002368
0.04905 -0.035535 0.014382
0.05932 -0.018739 0.018789
0.15936 -0.012355 -0.007656
0.16281 -0.033514 0.001879
0.07457 0.042683 -0.000945
0.0601 0.02124 0.02095
0.10562 0.020385 -0.004479
0.12537 -0.008955 -0.005811
0.10534 -0.00632 0.010077
0.17371 0.019568 -0.002748
0.10351 -0.036215 0.008317
0.17304 -0.011697 -0.007648
0.09655 -0.020803 -0.010004
0.01909 0.007347 -0.021531
0.17219 0.029115 0.005908
0.18767 0.012771 -0.000885
0.117 0.063447 -0.010425
0.09744 -0.017125 -0.00941
0.17074 -0.014819 0.005212
0.13852 0.009191 -0.007754
0.17428 -0.009762 0.00541
0.07275 0.022543 0.021171
0.09982 0.062022 -0.016183
0.08918 0.06712 -0.00771
0.1835 -0.00901 -0.000451
0.11413 0.06485 -0.01244
0.11629 0.061581 -0.001277
0.1412 0.031263 -0.0054
0.18201 -0.007785 -0.002441
0.13918 0.003019 0.00927
0.1538 -0.031506 0.00604
0.15921 -0.004657 -0.001164
0.03211 0.052068 -0.014078
0.05623 -0.013798 -0.019369
0.14243 0.021251 0.009234
0.07115 0.044773 -0.00548
0.09458 0.039179 -0.006916
0.13842 0.013076 -0.005977
0.17807 0.032229 -0.001901
0.14212 0.018195 0.005018
0.1141 -0.028908 -0.008462
0.07978 0.032729 0.019639
0.10127 -0.007158 -0.008689
0.12605 -0.019785 -0.004694
0.13884 -0.001199 -0.005083
0.04572 0.040277 0.017367
0.17714 0.032649 -0.001859
0.18084 0.022111 0.001338
0.05234 0.049031 -0.021326
-0.00492 0.018939 -0.010536
0.10266 -0.002221 0.012228
0.1137 0.066513 -0.010452
0.06152 0.030412 0.019964
0.08423 -0.038673 0.014116
0.0999 0.018683 -0.006966
0.18255 0.007853 -0.00908
0.09461 0.040828 0.00598
0.18405 0.001161 0.00115
0.18308 0.012071 -0.006946
0.18074 -0.017523 0.000845
0.07846 -0.005334 -0.014398
0.14817 -0.029504 0.005557
0.00275 -0.029853 -0.008935
0.15361 -0.029282 0.005122
0.11468 0.061048 -0.000899
0.16194 -0.028752 -0.000809
0.14735 -0.031597 0.00575
0.14181 0.017779 0.000836
0.15279 -0.027102 0.003604
0.10985 -0.005416 -0.001966
0.19081 0.010116 0.00171
0.11426 0.034544 0.0107
0.18456 0.002269 0.002711
0.09614 -0.024285 0.00957
0.15899 -0.008485 0.005736
0.07636 0.015621 -0.015321
0.10837 -0.003188 0.005699
0.17199 0.008447 -0.010174
0.09545 0.012086 0.018903
0.07191 -0.005204 -0.016638
0.05495 0.050924 0.007188
0.05109 -0.046982 -0.000471
0.17235 0.000117 -0.008297
0.10347 0.039377 0.001539
0.1775 0.032594 -0.000235
0.10304 0.022988 0.015352
0.16702 0.02447 0.006561
0.087 0.006196 -0.011675
-0.00508 -0.01317 -0.01562
0.11802 0.061558 -0.007332
0.09732 -0.036246 -0.008946
0.11058 0.000681 0.012325
0.14072 -0.01327 -0.008638
0.11608 0.059273 -0.002467
0.02561 -0.033125 -0.012818
0.13258 -0.037014 -0.007727
0.18406 -0.011021 -0.000674
0.11471 0.057649 -0.002239
0.17984 0.030817 -0.002106
0.15936 -0.009281 -0.006977
0.09377 -0.037308 0.01039
0.17758 -0.005904 -0.00321
0.17945 -0.011374 -0.005774
0.12635 -0.024746 -0.003492
0.16455 0.018524 -0.003207
0.08554 0.011186 0.021554
0.06664 0.049799 -0.016789
0.08568 -0.003923 -0.012476
0.13861 0.002019 -0.008059
0.18778 0.007427 -0.006799
0.09706 -0.023245 0.010939
0.04012 -0.042448 -0.008378
0.16495 -0.007707 0.004516
0.15051 -0.030342 0.005271
0.06417 0.061514 -0.000964
0.12691 -0.028218 0.005579
0.17455 -0.012048 0.006034
0.07 0.006687 -0.017096
0.16075 -0.02748 0.000123
0.05928 0.001085 0.020953
0.15289 -0.036778 0.003448
-0.00198 -0.020122 0.023325
0.08017 0.000747 -0.013737
0.09494 0.041456 0.000237
0.09961 0.00552 -0.008652
0.10149 -0.003618 -0.00858
0.07118 0.043542 0.005599
0.15032 -0.034012 0.005383
0.18091 0.031173 0.002085
0.11107 0.009551 0.014513
0.1721 -0.001976 -0.001843
0.16134 -0.035588 0.00207
0.17782 0.020449 -0.000145
0.10789 0.016584 0.003831
0.05553 0.00519 -0.02042
0.0977 0.025719 0.017392
0.10127 -0.025637 0.00663
0.03603 -0.011045 -0.020766
0.17822 -0.008426 -0.005279
0.07416 -0.043725 -0.007189
0.06733 0.019157 -0.019049
0.06597 0.037981 -0.01624
0.16894 0.027766 0.006805
0.10135 -0.021383 -0.007802
0.1645 0.029151 -0.006417
0.05154 -0.035036 -0.016791
0.04613 -0.019728 -0.019748
0.0951 0.037593 0.011988
0.10032 -0.011459 0.015545
0.18337 -0.008819 0.001844
0.17554 0.004866 0.004164
0.17733 0.031953 -0.003074
0.1626 -0.033773 0.003127
0.17755 -0.006349 0.002608
0.12596 -0.005355 0.002065
0.0466 0.040956 -0.023525
0.11471 0.021302 0.012257
0.08504 -0.0032 0.020646
0.01781 0.025536 -0.020652
0.1041 0.06694 -0.007987
0.17841 -0.016244 -0.004787
0.10328 -0.028102 -0.008474
0.16871 0.021143 -0.005696
0.10407 0.066312 -0.003254
0.16269 -0.03133 0.005208
0.11057 0.013786 0.010586
0.08871 -0.026691 0.015159
0.14111 0.022082 -0.006131
0.16305 0.01861 0.004455
0.1055 0.032031 -0.006114
0.18734 0.012494 -0.004077
0.04309 0.056256 0.001794
0.17909 -0.010799 -0.005855
0.02103 -0.003131 -0.021574
0.1629 -0.03096 -0.000499
0.10778 0.019083 -0.001165
0.0738 -0.045169 0.00079
0.17216 0.004634 -0.010143
-0.00183 -0.002452 0.026903
0.18388 0.011247 0.002359
-0.00398 0.031864 0.002695
0.10084 -0.018309 0.014588
0.10715 -0.017643 -0.006409
0.14941 -0.028098 0.004855
0.04034 0.059094 -0.007693
0.12636 -0.006662 0.007499
0.10414 -0.023745 0.002628
0.08327 -0.037699 -0.01167
0.10813 0.066212 -0.010511
0.18303 -0.000634 -0.004657
0.17914 -0.012283 -0.005849
0.17372 0.033798 -0.001515
0.18304 0.001064 -0.007521
0.0245 0.045611 -0.015191
0.10063 -0.028347 -0.008642
0.07492 0.002665 -0.015824
0.05184 -0.044217 -0.009543
0.10658 0.010196 -0.006279
0.11649 0.066367 -0.009623
0.16232 -0.034373 0.004322
0.09767 -0.024058 0.007014
0.17824 0.023713 -0.004946
0.17263 -0.017797 -0.005276
0.15778 -0.026434 0.00139
0.06673 0.054748 0.003924
0.13894 -0.002718 -0.001739
-0.00445 -0.030681 -0.009223
0.18264 0.010023 -0.008375
0.06146 -0.046426 -0.000751
0.0327 -0.000716 -0.021711
0.10499 0.019176 0.012656
0.16236 -0.028895 0.001836
0.02758 0.020662 0.022949
0.05592 0.038398 -0.021752
0.16349 0.027967 0.007584
0.15887 -0.029221 -0.004076
0.10099 0.057591 -0.016167
0.17706 0.031642 -0.003636
0.16316 0.021973 0.007113
0.18264 -0.010119 -0.003527
0.17778 -0.01876 -0.001203
0.0188 0.041828 -0.010418
0.16223 -0.028936 0.003054
0.1906 0.010332 -0.00236
-0.00329 0.02983 0.011362
0.19116 0.004828 0.003462
0.16214 -0.02895 0.00346
0.10696 -0.022324 0.001822
0.17616 0.006867 0.004388
0.19078 0.009433 0.00332
0.06155 0.0428 0.012469
0.10049 0.019796 -0.007021
0.16239 -0.030424 -0.001786
0.15153 -0.025802 -0.002738
0.10323 -0.022634 -0.005203
0.08234 0.006198 -0.012887
0.12541 -0.017144 -0.006883
0.16724 0.001152 0.003675
-0.00272 0.02457 0.018058
0.15808 -0.037272 0.000791
0.03423 0.052257 0.005385
0.17845 0.031952 0.000158
0.08462 0.040234 -0.008175
0.0812 0.038474 0.015601
0.16202 -0.028938 0.004266
0.11434 0.017946 0.002529
0.183 0.00266 -0.008452
0.12692 -0.036995 0.004994
0.11202 -0.035391 -0.00846
0.16349 0.031155 0.006632
0.16291 -0.031062 0.003453
0.10703 0.022437 -0.004464
0.18307 -0.008357 -0.001048
0.11045 -0.004982 0.003426
0.1651 0.033396 0.003893
0.16153 -0.035861 -0.000518
0.15906 -0.026843 0.001851
0.15015 -0.029902 0.00531
0.10465 0.062175 -0.00035
0.18764 0.012253 -0.004144
0.19052 0.002724 0.002142
0.08397 0.030705 0.020327
0.06828 0.038832 -0.012118
0.1861 0.010958 -0.006386
0.13927 0.000281 0.008039
0.14929 -0.031774 0.005573
0.10881 -0.00324 -0.002574
0.09539 -0.040355 -0.00534
0.17695 -0.005029 -1e-06
0.07469 -0.018424 0.019451
0.18352 0.013326 4.7e-05
0.10193 -0.028264 -0.008552
0.04039 0.057545 -0.013333
0.085 -0.018293 0.019231
0.06813 0.043145 -0.000101
0.18299 -0.015599 0.002393
0.15959 -0.031494 0.005837
0.10037 0.016502 -0.006458
0.10569 -0.022498 0.001948
0.02418 -0.018876 0.021837
0.09399 -0.018243 0.017002
0.17972 0.028336 -0.004383
0.12644 -0.01249 0.010438
0.18357 -0.014183 0.001689
0.15196 -0.026245 0.002373
0.13867 0.014913 0.002147
-0.00225 -0.028028 0.019083
0.0359 0.044685 -0.021928
0.18161 0.003401 0.003865
0.183 -0.014718 0.004995
0.11576 0.065162 -0.010868
0.09737 -0.02383 0.009002
0.1049 -0.005354 0.008326
0.17503 0.030253 0.004739
0.07829 0.042385 0.006064
0.15805 -0.026924 0.002569
0.15874 -0.02819 0.003555
0.06293 0.064476 -0.007843
0.15215 -0.031139 -0.006735
0.10559 -0.012107 -0.007691
0.18126 0.00837 0.004378
0.11608 0.058512 -0.003067
0.10353 -0.023814 0.003143
0.09518 0.060152 0.001347
0.0839 0.006713 -0.012455
0.11426 0.037097 0.005797
0.0728 0.030619 -0.015812
0.13832 -0.031252 -0.00682
0.09914 -0.041145 0.000325
0.06056 -0.036395 0.014805
0.17218 -0.005242 -0.003101
0.0295 0.030949 0.019687
0.15916 -0.01681 0.005491
0.09859 -0.036658 0.009188
0.19091 0.003314 -0.002788
0.09629 -0.028174 -0.010787
0.08218 0.042709 -0.00105
-0.00447 0.028776 -0.003839
0.17083 0.031786 0.003716
0.09878 -0.025312 0.006786
0.10784 0.016268 0.000644
0.18341 0.013903 -0.003467
0.17219 -0.004801 0.000472
0.11508 0.066736 -0.003616
0.03786 0.044837 0.014101
0.07412 -0.037151 -0.012656
0.16113 -0.027731 0.002077
0.1775 0.00213 0.00273
0.10947 -0.002844 0.001611
0.17406 0.033254 0.001086
0.05325 0.005493 -0.020564
0.18124 0.028543 -0.002191
0.0864 0.001205 -0.011984
0.06435 -0.004171 -0.018197
0.03879 0.021678 0.021191
0.08292 0.034124 -0.011558
0.04553 0.000986 0.020967
0.12635 -0.021751 0.000934
0.17338 0.031412 -0.004916
0.10894 -0.00808 -0.005328
0.1071 0.018468 0.00912
0.16805 0.032095 -0.005012
0.10209 -0.008218 0.013676
0.15916 -0.028714 0.004638
0.10436 -0.023706 0.001613
0.1739 0.02249 -0.005885
0.10056 -0.027759 0.008847
0.19127 0.008314 -0.002278
0.18783 0.005167 -0.006784
0.09154 -0.036259 -0.010762
0.07591 -0.025397 -0.014812
0.16211 -0.034696 -0.001287
0.04713 -0.018709 0.018785
0.16855 0.029303 0.005882
0.17195 -0.001573 -0.005737
0.10753 0.020044 0.012433
0.18711 0.002594 -0.006625
0.0405 -0.035017 -0.015581
0.05245 -0.022654 -0.019438
0.10566 -0.002731 0.009169
0.10384 -0.023204 0.003461
0.16721 0.027602 0.006424
0.1795 0.010529 0.003066
0.06911 0.047429 0.002427
0.10708 -0.006998 -0.006187
0.15912 -0.005429 -0.003782
0.1736 0.032608 -0.003873
0.1597 -0.021159 -0.002683
0.18279 0.004762 -0.008949
0.10366 0.015267 0.012498
0.15356 -0.034743 0.005283
0.11475 0.058937 -0.00141
0.11374 0.065841 -0.011569
0.18075 -0.00616 -0.000145
0.10009 -0.035908 -0.008691
0.11395 0.067656 -0.008492
0.10623 0.016079 0.009153
0.12662 -0.021486 0.00534
0.02454 -0.039161 0.003379
0.1148 0.058204 -0.001812
0.16464 0.017781 0.001138
0.02511 -0.029844 0.017016
0.1391 0.009103 0.009527
0.09428 -0.024769 0.011658
0.11639 0.058729 -0.008854
0.11706 0.061856 -0.002123
0.12644 -0.009331 0.009995
0.16278 -0.033478 -0.000448
0.01989 0.045244 -0.002921
0.08703 0.010774 -0.01151
0.18085 -0.006765 0.001657
0.06819 -0.013348 -0.017817
