630
0.07524 0.01708 0.0445
0.068497 0.026142 0.052362
0.076698 -0.03218 0.04582
-0.00329 -0.02796 -0.0154
0.117513 -0.03272 0.004605
0.063027 0.033231 0.048959
0.06491 -0.00187 0.051745
0.076356 -0.0424 -0.008584
0.086687 -0.0223 0.051973
0.114548 -0.06659 -0.003947
0.073685 0.01903 0.053797
0.080977 -0.03278 0.048537
0.100921 0.031324 -0.002799
0.081326 -0.0354 0.003661
0.115835 -0.06116 -0.0054
0.116056 -0.06568 0.002021
-0.00223 -0.01409 -0.0259
0.103488 0.028801 0.007351
0.077065 -0.03096 0.043175
-0.00314 0.03499 -0.0024
0.058529 -0.0043 0.049731
0.08559 0.00893 0.0137
0.088365 -0.02644 0.052453
0.077324 -0.03207 0.044557
0.098243 -0.01455 0.005096
0.096601 0.028296 0.035167
-0.00198 0.02317 -0.0203
0.073468 -0.02857 0.045316
0.02523 0.03658 0.0106
0.09086 0.00761 0.035257
0.088704 0.034294 0.007022
0.117125 -0.01939 0.005003
0.101365 -0.05435 -0.007325
0.06165 -0.00367 0.044204
0.04012 0.04087 0.0142
0.063945 0.032934 0.053392
0.115367 -0.05939 0.002257
0.10728 0.00398 0.000406
0.098582 0.023321 0.007743
0.074106 -0.02171 0.047868
0.099323 -0.02284 0.009824
0.03211 -0.05352 0.0067
0.114175 -0.0574 -0.004003
0.109789 0.01063 0.027254
0.074607 0.035048 0.015316
0.095274 0.015647 0.008856
0.04189 -0.00452 0.0206
0.080595 -0.02097 0.049074
0.0245 -0.04728 0.0087
0.061306 -0.00166 0.047891
0.02198 -0.04646 0.0027
0.099171 0.028451 -0.00383
0.056646 -0.04943 -0.016373
0.096841 0.00285 0.00723
0.073143 0.034329 0.052528
0.094298 0.01894 0.026543
0.088926 -0.02758 -0.024271
0.085529 -0.02173 0.039679
0.060884 0.01046 0.038565
0.070039 -0.0021 0.044486
0.069958 -0.04274 -0.009424
0.113862 -0.00769 0.034353
0.107372 -0.01447 0.034908
0.04139 0.01902 0.0225
0.071866 -0.00173 0.055648
0.093159 -0.02077 0.052068
0.063306 0.030006 0.052869
0.09555 -0.04102 -0.003598
0.049699 -0.03109 0.019242
0.02758 -0.01727 -0.0256
0.066522 -0.00349 0.043087
0.055034 0.00886 0.042244
0.07492 -0.00484 0.0153
0.102726 0.00559 0.026799
0.108598 0.01898 0.027351
0.061688 0.00761 0.039859
0.062801 -0.01403 0.016977
0.094782 0.020065 0.007234
0.101809 -0.05191 -0.005012
0.06632 -0.05165 0.006693
0.03879 -0.01852 -0.024
0.115482 -0.06706 0.00198
0.02259 0.01117 0.0226
0.067962 0.028189 0.054421
0.106623 0.00646 0.000695
0.086528 -0.02655 0.052943
0.065503 -0.06105 -0.009897
0.099544 0.023816 0.007286
0.093797 0.011758 0.00853
0.074941 0.00076 0.047987
0.088862 0.033637 0.016117
0.064145 -0.00384 0.053645
0.11431 -0.05761 -0.004198
0.062408 -0.06285 0.004274
0.079725 0.031371 0.051404
0.072125 0.036616 0.042989
0.057233 0.01385 0.039465
0.095707 0.00607 0.007129
0.09135 0.026393 0.008611
0.102577 -0.03878 0.001523
0.116888 -0.06635 -0.003385
0.096572 0.00404 0.008028
0.042599 -0.02879 -0.024524
0.073373 0.028432 0.052573
0.103542 -0.0674 -0.000513
0.09044 -0.03437 0.046829
0.077012 -0.01513 0.052639
0.07846 0.00328 0.015
0.06818 -0.04014 0.003144
0.065451 0.01163 0.053075
0.084381 0.040261 -0.008609
0.098115 -0.03785 0.004824
0.058641 -0.00888 0.050349
0.034319 -0.051 -0.01275
0.11484 -0.06697 0.002324
0.066408 0.02935 0.044202
0.109207 -0.02889 -0.008771
0.109355 -0.01723 -0.004721
0.069937 -0.01 0.056702
0.077893 0.02058 0.048075
0.111219 0.00084 0.034928
0.08688 -0.00776 0.010203
0.084368 -0.00063 0.054433
0.095219 0.00726 0.00903
0.069282 -2e-05 0.046632
0.076013 0.023095 0.017509
0.10777 0.00764 0.027321
0.111197 -0.01218 0.004163
0.067128 0.01689 0.041812
0.089699 -0.02976 0.040119
-0.00508 0.01087 0.0173
0.072925 -0.00619 0.05816
0.065509 -0.03987 0.00722
0.09042 -0.01745 0.045983
0.038206 -0.04244 -0.020626
0.079017 0.029259 0.051777
0.07534 -0.02195 0.043737
0.089316 0.038126 0.008525
0.071961 -0.04577 -0.008428
0.116219 -0.05926 -0.002133
0.115893 -0.06428 0.003178
0.113807 -0.03011 0.037503
0.067762 -0.04296 -0.013838
0.065115 0.028317 0.054917
0.035905 -0.0473 0.015408
0.07469 0.02095 -0.0167
0.083573 -0.04098 -0.000551
0.05154 0.03236 0.0215
0.083843 0.00179 0.051953
0.10188 -0.03556 -0.012161
0.080361 -0.02309 0.040158
-0.00445 0.0291 0.0134
0.067562 0.00073 0.049285
0.100968 -0.02272 0.027748
0.02561 0.03102 0.0173
0.107272 -0.06703 0.002284
0.094672 0.00806 0.025895
0.099265 0.023024 0.007089
0.069585 -0.0418 -0.003466
-0.00398 -0.03118 -0.0071
0.116201 -0.06683 0.001251
0.096979 0.026155 -0.007179
0.093727 -0.00685 0.005084
0.083859 -0.00838 0.011352
0.05862 -0.00394 0.0195
0.071877 -0.0451 -0.003698
0.03768 0.02182 -0.0166
0.06473 -0.01294 0.046634
0.057599 0.01586 0.048238
0.115515 -0.05904 -0.003937
0.077163 0.033706 0.051541
0.114298 -0.05856 -0.005004
0.061989 0.01054 0.038579
0.061238 -0.01142 0.049736
0.099136 0.02167 0.026875
-0.00183 0.00617 -0.0263
0.105193 -0.01589 0.003044
0.090827 0.026822 0.007289
0.086852 -0.0282 0.05221
0.098614 0.023497 0.007996
0.059324 -0.00978 0.049122
0.097713 0.00239 0.006295
0.115569 -0.06808 0.000424
0.085755 -0.00973 0.055994
0.113108 -0.06818 0.000537
0.02396 0.02154 0.0217
0.096372 -0.03269 0.008767
0.078871 0.00445 0.050474
0.076408 -0.02881 0.04193
0.065934 0.0154 0.052582
0.092652 -0.02664 0.053304
0.059825 -0.0024 0.048596
0.11001 -0.01728 0.002231
0.06318 -0.01277 0.049238
0.109567 -0.02063 -0.008124
0.046914 -0.03747 -0.024012
0.065234 -0.01081 0.053134
0.062853 0.028928 0.04913
0.099733 -0.05928 0.008375
0.097068 0.00427 0.007436
0.074221 -0.03058 0.049866
0.093306 -0.01718 0.00512
0.055574 -0.04105 0.013406
0.02317 -0.04281 -0.0155
0.082503 0.035041 0.030737
0.114314 -0.06289 0.00501
0.099546 0.022508 0.007353
0.094917 0.021641 0.007197
0.100095 0.023971 0.005935
0.065295 0.00482 0.04872
0.06188 0.03266 0.0212
-0.00492 -0.02022 0.0078
0.070165 -0.00381 0.044048
0.061385 0.0054 0.042325
0.102779 -0.01744 0.00336
0.04613 0.01679 0.0223
0.09487 0.038396 -0.004626
0.107568 0.01351 -0.006651
0.07348 0.037214 0.048
0.062723 0.032097 0.048744
0.117084 -0.06198 0.000536
0.052924 -0.02811 -0.025202
0.066136 -0.00099 0.050461
0.067002 -0.02162 0.015141
0.069747 -0.0011 0.05387
0.066026 -0.01016 0.043559
0.092576 -0.02993 0.052822
0.02935 -0.03726 -0.0211
0.102945 -0.02889 -0.015735
0.111254 -0.03315 0.035342
0.054797 0.01578 0.044197
0.076956 -0.02027 0.045897
0.095117 0.036901 0.034104
0.061216 -0.01812 -0.0245
0.094391 0.00752 0.0348
0.07402 0.00246 -0.0213
0.072075 -0.00839 0.057889
0.083192 -0.02255 0.051846
0.02418 0.02173 -0.019
0.061145 -0.0056 0.044218
0.088689 -0.02332 0.052214
0.09451 0.041356 0.003977
0.064061 0.027927 0.052736
0.089946 -0.06523 -0.007564
0.053778 0.01527 0.046698
0.064502 -0.01271 0.046429
0.09563 0.020227 0.007882
0.074045 0.024509 0.048474
0.094879 -0.01947 0.005398
0.06435 0.0016 0.0186
0.101572 -0.03035 0.028177
0.094245 0.010917 0.006731
0.04713 0.02114 -0.016
0.068377 0.025165 0.049987
0.0738 0.04484 0.0055
0.0295 -0.02791 -0.0238
-0.0051 -0.00674 0.0133
0.103597 -0.01486 0.035363
0.068426 0.025493 0.051231
0.089755 -0.00808 -0.022583
0.101957 -0.01906 0.00646
0.08469 -0.00674 0.055607
0.083227 -0.02801 0.052546
0.061212 0.01277 0.051332
0.04006 0.04483 0.0058
0.053524 0.01231 0.047889
0.096681 -0.01104 0.005049
0.079411 -0.01309 0.012352
0.071058 0.029084 0.041373
0.116524 -0.06155 -0.004568
0.08017 -0.00265 0.0135
0.02103 0.0001 0.0218
0.06173 0.0216 0.0219
0.066788 -0.01174 0.04494
0.07643 0.030015 0.052176
0.094845 -0.02058 0.006048
0.098715 -0.06367 0.007683
0.053896 0.01123 0.044158
0.062917 -0.06495 0.001097
0.059281 0.00665 0.047622
0.104642 0.00298 -0.010751
0.097951 0.00509 0.009595
0.108089 -0.01338 -0.006487
0.09096 -0.03976 0.001891
0.096871 -0.01018 0.036359
0.072684 -0.00257 0.056718
0.074116 -0.04234 -0.014733
0.082327 -0.04113 -0.01488
0.07685 0.01044 0.0164
0.102299 -0.03171 0.028726
0.101205 -0.05329 0.005386
0.083181 0.035733 0.012772
0.067343 0.036133 0.049348
0.054295 0.00899 0.044426
0.108228 -0.0141 0.00364
0.090617 0.023585 0.029521
0.109196 -0.01732 0.034393
0.080974 -0.03283 0.043516
0.066552 -0.01319 0.052096
0.07191 0.00284 0.0172
0.061715 0.01542 0.039494
0.09802 -0.03257 0.009696
0.072781 0.00826 0.055304
0.064537 0.033701 0.054355
0.100906 0.023425 0.00522
0.065292 0.027493 0.053601
0.059938 0.01837 0.045084
0.076427 0.033666 0.051747
0.068587 -0.05367 -0.013759
0.107698 -0.03326 -0.006752
0.116378 -0.0604 -0.003301
0.098105 0.00048 0.036494
0.05245 0.01973 0.0224
0.117309 -0.06358 -0.000911
0.06455 0.028142 0.053839
0.05184 0.04246 0.0156
0.068065 0.027523 0.053339
0.077352 0.030167 0.052117
0.061124 0.01841 0.042435
0.094492 -0.01615 0.004434
0.093926 0.016562 0.008258
0.064089 -0.04065 -0.020597
0.07581 0.00822 0.045158
0.06538 -0.01666 0.015834
0.03933 0.03563 -0.0099
0.112866 -0.01976 0.037147
0.087079 0.00604 -0.019823
0.064616 -0.00756 0.054718
0.07614 -0.0176 0.012535
0.02222 0.00411 -0.0254
0.075087 0.01117 0.04424
0.061545 0.01042 0.051114
0.096564 -0.01477 0.003972
0.080674 -0.01903 0.046456
0.081082 -0.03179 0.0423
0.0188 -0.04287 0.0045
0.089879 -0.01879 0.041889
0.108379 0.00766 0.001229
0.096058 0.021186 0.006904
0.067409 -0.00768 0.056297
0.07011 -0.00904 0.044779
0.09013 0.028543 -0.011166
0.069269 -0.01292 0.046444
0.06819 0.01074 0.0195
0.081505 0.0092 0.056667
0.084415 -0.03096 0.050628
0.099385 0.023666 0.007296
0.067252 -0.00283 0.054721
0.118729 -0.02864 0.003638
0.081109 -0.03139 0.049629
0.05928 0.00184 -0.0209
0.095447 0.0263 0.034468
0.09567 -0.05938 -0.009079
0.070411 -0.00596 0.043936
0.062017 0.01583 0.050558
0.00275 0.02832 0.013
0.072415 -0.02607 0.050636
0.07434 -0.03988 -0.001085
0.089045 0.026559 0.008492
0.054702 0.01082 0.041571
0.11305 -0.06545 0.005119
0.086931 0.02079 -0.016388
0.076982 0.031623 0.052105
0.064722 0.034599 0.051772
0.073805 0.02654 0.051703
0.076926 0.029761 0.052143
0.096939 0.010009 0.009083
0.071773 -0.04765 0.002587
0.103228 -0.01602 0.003711
0.097249 -0.00667 0.005947
0.080307 -0.0293 0.051813
0.110116 -0.03692 0.010001
0.087542 -0.03593 -0.021866
0.113074 -0.01719 0.007865
0.073009 -0.006 0.045064
0.099686 0.022331 0.008031
0.092371 0.01202 0.025682
0.090023 0.026732 0.007737
0.109755 0.01382 0.027053
0.102385 0.036946 0.007761
0.104716 0.00395 0.005302
0.095018 -0.01097 0.00506
0.114672 -0.06604 0.003286
0.063383 0.032499 0.052313
0.02511 0.03192 -0.0127
0.085203 0.023773 0.014164
0.067323 0.025945 0.052005
0.089099 -0.06754 -0.001992
0.01989 -0.04521 -0.0034
0.073507 -0.00127 0.046185
0.07766 0.027751 0.051737
0.07 -0.009 0.016
0.114305 -0.05789 -0.004498
0.112787 -0.0017 0.034598
0.081735 0.01741 0.055292
0.099819 0.025141 -0.001457
0.076563 0.0017 0.051394
0.056594 0.00693 0.045461
0.080799 -0.01976 0.042829
0.055028 0.01363 0.041056
0.098818 -0.02081 0.007805
0.071906 -0.03252 0.00839
0.099703 0.037577 -0.001911
0.03651 -0.02913 0.0204
0.07222 -0.02202 0.012734
0.099627 -0.03706 0.006232
0.074993 -0.02769 -0.025192
0.100529 0.026006 -0.000666
0.06504 0.031769 0.045058
0.078574 -0.03159 0.005689
0.08568 0.00215 0.0129
0.066814 0.00681 0.042009
0.064625 0.030809 0.055699
0.088211 0.040501 0.00807
0.10759 -0.03435 0.032613
0.112972 -0.06595 0.004723
0.076885 0.02959 0.052164
0.112372 -0.01127 0.034529
0.067252 0.01052 0.040115
0.066374 0.01621 0.052191
0.104694 -0.03114 0.015749
0.063818 0.018 0.048671
0.061295 -0.01056 0.045836
0.106855 0.0039 -0.005661
0.062337 -0.03302 0.01378
0.0327 -0.00231 0.0216
0.0424 -0.01491 0.0208
0.098155 -0.06695 0.004126
0.077538 -0.03184 0.043935
0.102142 0.026507 0.007869
0.072791 0.037449 0.045805
0.054277 0.00937 0.047653
0.103855 -0.06612 -0.004906
0.057028 0.00953 0.039598
0.106049 0.023504 0.002013
0.084185 -0.01904 0.008984
0.092776 0.024278 0.031497
0.040582 -0.05884 0.004309
0.0657 0.0108 0.052756
0.108368 0.01004 -0.004223
0.061246 0.01135 0.038495
0.03457 0.00263 -0.0222
0.11546 -0.05837 -0.003248
0.067859 -0.01425 0.049335
0.099129 -0.01378 0.035913
0.05553 -0.00798 0.0195
0.065157 0.026307 0.050811
0.108233 -0.01465 -0.001411
0.095769 -0.01724 0.004564
0.06146 0.04587 0.0072
0.07578 0.0384 -0.0104
0.0405 0.03251 0.0203
0.102083 0.028706 -0.000413
0.097806 0.00588 0.006911
-0.00225 0.03041 -0.015
0.043826 -0.05546 -0.010931
0.089659 0.01194 0.033978
0.062712 0.032134 0.050114
0.066813 0.03619 0.047313
0.10645 0.00321 0.035494
0.065986 -0.00606 0.042485
0.061218 0.00988 0.038699
0.065582 0.027464 0.046049
0.01909 -0.01027 0.0203
0.100851 0.024852 -0.003328
0.114293 -0.00744 0.004077
0.101196 0.00245 0.036114
0.077728 0.00485 0.048122
0.057618 -0.04074 -0.021815
0.092607 -0.01781 0.049089
0.11271 -0.06732 0.002563
0.098634 -0.0396 -0.007983
0.083905 -0.04244 -0.00795
0.065449 0.01327 0.053081
0.094874 0.02222 0.00778
0.117435 -0.0649 -0.002074
0.03177 -0.05532 -0.0013
0.063683 -0.06494 -0.003647
0.095979 -0.0066 0.036485
0.065371 0.026826 0.052737
0.064757 0.028214 0.054192
0.09264 0.03922 0.00696
0.101448 0.024542 -0.004929
0.100766 -0.00934 -0.017613
0.076988 -0.03061 0.042881
0.112663 -0.06681 0.003728
0.075808 -0.03052 0.043693
0.05109 0.04646 0.007
0.05562 0.00813 0.041941
0.077633 -0.03259 0.045834
0.105234 -0.0376 -0.002656
0.065723 0.01945 0.045515
0.078423 -0.01282 0.05643
0.083913 -0.02809 0.052583
0.103933 0.031312 0.007147
0.094797 0.022469 0.008207
0.114317 -0.05689 -0.001451
0.063671 0.027417 0.050131
0.089253 -0.01953 -0.023693
0.103533 0.02202 0.027241
0.06357 -0.00145 0.04483
0.089634 -0.03378 0.00542
0.098421 0.00555 0.026341
0.063176 0.00732 0.050116
0.094027 -0.00209 0.00651
0.103132 -0.01949 0.029376
0.097904 0.02043 -0.012706
0.065907 -0.0083 0.042754
-0.00491 0.02073 0.0173
0.04905 0.03719 -0.0093
0.067616 0.034326 0.053992
0.060735 0.00498 0.045621
0.03145 -0.01248 0.0214
0.106122 -0.01967 0.013983
0.097662 -0.00146 0.006356
0.114294 -0.06058 -0.005808
0.074613 -0.01938 -0.02481
0.11378 -0.03593 0.007078
0.090651 0.034632 0.007564
0.03603 0.00805 0.0221
0.107446 0.02016 -0.004723
0.063721 -0.02734 -0.025488
0.073112 0.036094 0.050327
0.066635 0.025705 0.047605
0.073404 -0.00978 0.04547
0.02454 0.03925 0.0021
0.088282 0.027179 0.018272
0.04827 0.00361 0.021
0.078595 0.034887 0.050756
0.099501 0.025384 -0.00456
0.103436 0.00541 0.009492
0.070972 -0.04663 -0.011631
0.096776 0.030997 0.035259
0.076141 -0.02417 0.041654
0.100242 0.0248 -0.001721
0.101688 -0.01901 -0.016897
0.063704 0.027378 0.049806
-0.00447 -0.02903 -0.0002
0.07326 0.024374 0.045706
0.084106 -0.00265 0.054765
0.106527 -0.01134 -0.01196
0.01781 -0.02816 0.0169
0.08234 -0.00793 0.0119
0.086389 -0.03248 0.041808
0.109234 -0.01742 0.010985
0.094837 0.017047 0.007157
0.099779 0.00548 -0.014387
0.101923 -0.05105 -0.001799
0.057962 0.0169 0.04116
0.064321 -0.05597 0.007193
0.06056 0.0381 -0.0096
0.092327 0.01602 0.025853
0.06079 -0.00855 0.045047
0.062726 0.029633 0.05043
0.074272 0.025529 0.050399
0.114747 -0.02696 0.038094
0.095599 -0.00312 0.036644
0.05623 0.01097 0.0211
0.094449 0.040273 0.008736
0.073327 0.031229 0.053736
0.096485 0.029484 -0.005989
0.062928 -0.01226 0.046684
0.063457 0.027853 0.050724
0.04553 0.00194 -0.0209
0.106374 -0.03517 0.013347
0.074764 0.042315 0.01154
0.066115 -0.00452 0.042669
0.057323 0.00608 0.043922
0.105694 -0.02305 -0.01415
0.105956 -0.01749 0.031851
0.090322 -0.03253 0.050576
0.054446 0.01428 0.043517
0.111144 -0.01812 -0.002143
0.067529 0.035622 0.051076
0.101958 0.026282 0.002932
0.066399 0.00476 0.045505
0.076504 -0.03162 0.047847
0.074778 -0.02867 0.042985
0.052236 -0.05152 0.011977
0.086538 0.033996 0.008291
0.04871 -0.01842 -0.023822
0.114326 -0.00365 0.004699
0.063745 0.034501 0.049355
0.04653 -0.04383 0.016367
0.111306 0.00104 0.005283
0.074813 -0.03643 -0.02297
0.063902 0.030292 0.054147
0.089862 0.038449 0.02945
0.073257 -0.00424 0.057744
0.074486 -0.01384 0.047892
0.086513 -0.01227 0.009178
0.0864 -0.00286 0.0117
0.0616 0.04279 0.0155
0.05932 0.02117 -0.016
0.073256 0.01281 0.055523
0.089466 0.034422 0.010746
0.081085 -0.03368 0.046016
0.0953 0.040762 0.004759
0.093928 0.019207 0.009268
0.108678 -0.01702 -0.000371
0.084487 -0.02968 -0.024697
0.05325 -0.0083 0.0196
0.044697 -0.05506 0.010832
0.08552 0.02916 -0.0123
0.081102 0.029383 0.036175
0.104601 -0.06162 -0.006976
0.067849 -0.00249 0.054794
0.069816 -0.01109 0.045591
0.08585 0.043502 0.002914
0.0777 0.031492 0.051889
0.05633 -0.01922 0.0196
0.073358 0.0289 0.053102
0.057346 0.00989 0.049214
0.098433 0.023622 0.008324
0.098544 -0.06726 0.002211
0.057089 0.00737 0.041132
0.040655 -0.05959 -0.00154
0.081055 -0.02931 0.040495
0.077423 -0.03231 0.04746
0.084179 -0.03061 0.006049
0.091013 0.038549 0.006125
0.056862 0.01259 0.049451
-0.00272 -0.02182 -0.0213
0.057556 0.01747 0.043369
0.067756 0.031105 0.055321
0.104365 -0.02285 0.015766
0.074899 -0.03081 0.045585
0.099243 -0.01753 0.005082
0.114523 -0.0651 0.00425
0.101127 0.00304 0.007447
