2172
-0.009929 0.058238 -0.151008
0.014771 -0.061562 -0.158608
-0.084219 0.003428 0.010462
-0.092959 0.063808 -0.210738
0.062001 0.134588 -0.133138
-0.080329 0.049538 -0.158608
-0.058449 -0.012512 -0.217298
0.062171 0.068438 -0.188308
-0.007229 0.041038 -0.212408
-0.084509 -0.041012 -0.215138
-0.124839 0.068998 -0.155728
-0.012629 0.004838 -0.108788
-0.013999 0.160158 -0.124348
-0.083399 0.028638 0.010752
-0.094329 -0.086262 -0.196658
-0.005929 -0.077762 -0.091568
-0.080329 0.087338 -0.158608
-0.034629 0.082038 -0.217608
0.004171 0.068438 -0.154208
-0.025029 -0.073962 -0.091568
0.000271 0.103338 -0.208008
0.019171 -0.138362 -0.129228
-0.034629 0.126638 -0.202708
-0.034629 0.095138 -0.215608
-0.028829 -0.068262 -0.091568
-0.065759 0.125168 0.000962
0.062171 -0.061562 -0.188308
-0.012629 0.050938 -0.215048
0.000371 0.065518 -0.022408
-0.056829 -0.115262 -0.163908
-0.017389 -0.054002 0.035792
-0.050449 0.147828 -0.087798
-0.084219 -0.134002 -0.141878
-0.060829 0.001838 -0.176508
-0.012429 -0.007862 -0.163908
-0.124839 -0.020492 -0.116068
0.066471 0.096858 0.005752
-0.008429 0.005038 -0.176508
0.014771 0.117838 -0.183308
-0.116599 0.003428 -0.094638
0.078631 -0.042882 -0.135748
-0.084029 0.068438 -0.158608
-0.047629 0.157268 -0.135558
-0.086319 0.003428 0.011112
-0.034629 -0.130162 -0.190108
-0.094129 0.034738 -0.141058
-0.040789 0.115828 0.010902
-0.088239 -0.038542 -0.212768
0.068831 -0.067792 0.004052
0.014771 -0.012162 -0.183308
-0.050529 -0.101442 0.010852
-0.034009 -0.108262 0.010582
-0.012629 -0.111562 -0.205668
0.076321 0.095758 -0.105878
-0.065819 -0.126782 -0.042158
-0.084029 -0.061562 -0.158608
0.068871 -0.095262 -0.141058
-0.093239 -0.089462 -0.016028
-0.034629 0.029638 -0.212408
-0.034629 0.133038 -0.169958
-0.120079 -0.001742 -0.110588
-0.000849 0.141778 -0.038368
-0.082919 0.111658 0.005342
0.074031 0.090658 0.000192
-0.108079 -0.111662 -0.140848
-0.032509 -0.040402 0.035792
-0.061909 0.102278 0.011092
0.011071 0.114138 -0.169958
0.079141 0.059158 -0.130738
-0.066689 0.020578 -0.215148
0.043451 0.027118 0.035792
0.058821 -0.123602 -0.106728
0.080001 0.060888 -0.146658
-0.034629 -0.061562 -0.218308
-0.030129 0.068438 -0.091568
-0.049429 -0.025662 -0.212408
-0.034629 0.133038 -0.196658
-0.029269 0.098958 -0.006658
0.019071 0.046238 -0.202708
-0.069529 0.103338 -0.208008
-0.078309 0.064708 0.010822
-0.012629 0.034038 -0.211478
-0.012629 -0.149762 -0.141058
0.003571 -0.054862 -0.215048
-0.065119 -0.125272 -0.048128
-0.115059 0.065928 -0.185228
-0.065359 0.142388 -0.089228
0.077911 0.084498 -0.150218
0.003531 -0.127082 0.002002
-0.075189 -0.079952 0.011222
0.064811 0.038958 0.026092
0.018131 -0.054002 -0.022408
-0.044429 0.015238 -0.177388
-0.030129 -0.061562 -0.091568
-0.086169 0.115188 -0.014688
-0.104619 -0.107652 -0.094668
-0.118279 -0.059952 -0.178338
0.070791 0.035988 -0.169508
-0.009929 -0.071762 -0.151008
0.069691 -0.102032 -0.091428
0.001271 -0.046762 -0.154208
-0.096759 -0.105582 -0.069438
0.078241 0.093378 -0.006038
0.003871 0.132898 0.005642
-0.084029 0.117838 -0.183308
-0.070529 0.083238 -0.212408
0.033651 0.136498 -0.043708
-0.036519 0.134918 -0.006478
-0.056829 0.014738 -0.202708
-0.053529 -0.080462 -0.151008
-0.034629 -0.088262 -0.151008
-0.034629 0.010238 -0.163908
0.001271 0.083238 -0.212408
-0.053529 0.087338 -0.215608
0.036321 0.127118 0.005102
-0.015729 0.022738 -0.208008
-0.022029 -0.066762 -0.217608
0.079091 -0.058882 -0.010628
-0.062029 0.041038 -0.154208
-0.032509 0.047278 -0.022408
0.070471 0.068438 -0.129228
-0.090869 -0.058772 -0.211888
-0.096479 -0.016672 -0.201548
0.082681 -0.080012 -0.026178
0.036521 0.126498 -0.022638
0.062241 -0.128142 -0.141818
0.035531 0.134368 -0.068988
-0.089429 0.036638 -0.177388
0.055211 -0.069682 -0.006658
-0.044229 -0.071162 -0.149008
0.064171 0.036638 -0.177388
0.068971 -0.100652 -0.079328
-0.039829 0.055838 -0.217608
-0.126319 -0.065302 -0.132028
0.070471 0.034038 -0.153308
-0.034629 0.068438 -0.148308
-0.015729 -0.107262 -0.208008
-0.079849 -0.101672 0.006202
-0.069629 0.103438 -0.158608
0.013871 -0.110062 -0.190108
0.019171 -0.048462 -0.211478
-0.113769 -0.000792 -0.081398
-0.120419 0.098248 -0.128308
-0.062029 -0.088962 -0.154208
-0.095479 0.127638 -0.106858
-0.039829 0.081038 -0.217608
0.000371 -0.018322 -0.027608
0.040581 0.003498 -0.201358
-0.022429 0.145048 -0.066808
-0.011149 -0.011922 0.040992
-0.121519 -0.002142 -0.147298
0.064171 -0.093362 -0.177388
0.025071 0.043738 -0.169958
-0.026269 -0.082482 0.026092
-0.059329 0.008738 -0.169958
-0.098089 0.110358 -0.068158
-0.105819 -0.044322 -0.050688
0.046891 -0.098032 0.009972
-0.012629 0.034038 -0.095138
-0.093909 0.116348 -0.072078
-0.126329 -0.020812 -0.139898
-0.057829 -0.074162 -0.000108
-0.077149 0.003438 0.020042
-0.114789 -0.000772 -0.085088
0.025071 0.043738 -0.196658
-0.034629 -0.012162 -0.208008
-0.076459 -0.065762 0.010622
-0.081729 0.039838 -0.118308
-0.036289 0.009218 -0.219658
0.004871 0.068438 -0.215048
-0.126079 -0.041022 -0.112168
0.044671 -0.137152 -0.114698
-0.082479 -0.095562 0.009852
0.000371 -0.075602 0.031392
-0.092829 0.068438 -0.202708
-0.057629 -0.106462 -0.108788
0.081311 -0.079432 -0.139308
0.019171 0.145238 -0.129228
0.079401 0.100618 -0.136448
-0.012629 -0.061562 -0.216308
0.004871 -0.061562 -0.215048
0.023051 -0.026802 0.038992
0.049771 0.130838 -0.141058
-0.091309 -0.104672 -0.189778
-0.075709 -0.038482 0.013492
-0.092829 -0.061562 -0.202708
-0.015729 -0.015862 -0.158608
-0.019329 -0.077762 -0.215048
-0.098169 -0.019752 -0.201558
-0.046329 -0.143062 -0.165558
-0.034489 -0.110572 0.010822
0.038801 0.015128 -0.200038
-0.065239 0.124188 0.004692
-0.034629 -0.000162 -0.190108
0.011071 0.049538 -0.158608
0.032411 0.003438 -0.025608
-0.125719 0.024058 -0.141438
-0.080329 0.022738 -0.169958
-0.050839 0.028428 -0.219548
-0.109929 -0.010182 -0.186608
-0.098029 -0.035362 -0.176508
0.040271 0.015538 -0.188308
-0.047229 -0.066762 -0.217608
0.079881 -0.091662 -0.038328
-0.070529 -0.046762 -0.212408
0.011071 0.087338 -0.158608
-0.081729 -0.032962 -0.118308
0.056731 0.090458 0.008362
-0.035869 0.131658 0.005372
0.079571 0.061548 -0.150818
-0.090869 0.116068 -0.185828
0.092371 0.003428 -0.067448
0.078881 -0.072612 -0.013408
0.019171 -0.048462 -0.095138
-0.047149 0.156978 -0.144868
-0.094079 -0.079822 0.002432
-0.111369 0.016468 -0.071978
0.081851 0.093378 -0.037428
-0.012629 -0.011562 -0.205668
0.000371 0.025198 0.040992
-0.108659 0.086138 -0.186088
-0.113469 0.023698 -0.184608
-0.122889 -0.018912 -0.163548
-0.096619 0.087208 0.003392
-0.011149 -0.011922 -0.027608
-0.066579 0.126638 -0.006618
-0.087429 -0.061562 -0.188308
-0.075709 -0.038482 -0.000108
-0.109659 -0.007942 -0.067148
-0.091639 0.101938 -0.197138
-0.016899 0.155478 -0.099368
-0.101099 -0.117282 -0.152098
0.059071 0.091618 0.008682
0.041141 0.010068 -0.202208
0.070471 -0.095962 -0.153308
0.063031 -0.007042 -0.188018
-0.021029 -0.061562 -0.217608
-0.122769 -0.008962 -0.116558
0.070951 0.111068 -0.102908
0.079021 -0.080552 -0.010848
-0.060829 0.131838 -0.190108
0.064601 -0.113112 -0.050728
-0.069999 -0.021862 -0.216698
-0.054469 -0.026802 0.031392
0.000371 -0.075602 -0.018008
-0.083699 0.112578 0.001972
-0.116619 0.007618 -0.092548
0.078151 -0.085552 -0.013078
-0.076629 -0.121332 -0.069418
-0.114959 -0.020252 -0.183438
0.059651 0.082478 0.006692
-0.092619 0.046538 0.010082
-0.118589 -0.041012 -0.180708
0.034081 -0.102842 0.010542
-0.087399 -0.085762 0.010182
-0.102159 0.088898 -0.028488
0.059651 0.003438 0.031392
0.033471 -0.080662 -0.100948
-0.071329 -0.120262 -0.177388
0.025071 -0.086262 -0.196658
-0.065209 -0.143202 -0.152668
-0.036929 -0.120262 -0.197828
-0.088329 0.090638 -0.202708
0.021771 0.068438 -0.211478
-0.075029 -0.123962 -0.141058
-0.079949 0.134148 -0.172058
0.021071 0.019938 -0.141058
-0.035789 -0.010062 -0.219598
0.056471 0.097038 -0.118308
-0.094129 -0.027862 -0.141058
-0.006319 -0.144802 -0.087528
-0.046899 -0.017892 -0.219338
-0.091239 -0.078592 0.006022
0.012431 -0.110542 0.011442
-0.085709 -0.108062 -0.014778
-0.088329 -0.039362 -0.202708
-0.066529 0.019718 -0.214918
-0.036929 -0.120262 -0.108788
0.061491 -0.011772 -0.186438
-0.007929 0.068438 -0.215608
0.003571 0.075138 -0.091568
-0.067099 -0.143262 -0.128718
-0.066539 -0.140392 -0.108688
-0.048229 0.068438 -0.149008
-0.083129 0.116938 -0.190108
0.074771 -0.086332 -0.004588
-0.044429 0.145238 -0.177388
-0.036109 0.132958 0.001322
-0.012629 -0.144662 -0.129228
-0.057629 0.023538 -0.197828
-0.110269 0.003428 -0.067358
0.076131 -0.037152 -0.030598
-0.025029 -0.071162 -0.149008
0.023051 0.033678 -0.025608
0.000371 -0.089682 0.026092
-0.076229 0.068438 -0.197828
0.061521 -0.099892 0.001742
-0.116779 0.009808 -0.170148
-0.085759 0.028618 0.011232
0.003571 -0.054862 -0.091568
-0.110389 0.084408 -0.067418
-0.036659 -0.151872 -0.143908
0.006471 0.109538 -0.163908
-0.125389 0.045288 -0.159608
0.027011 0.089358 -0.012708
-0.073429 -0.061562 -0.154208
-0.121519 0.008988 -0.147298
-0.015729 0.114138 -0.158608
-0.075729 0.109538 -0.163908
-0.029269 -0.012882 0.038992
-0.057629 0.023538 -0.108788
-0.108009 0.031618 -0.059088
0.063171 0.003438 -0.188328
-0.076229 0.068438 -0.108788
0.037421 -0.122832 -0.005628
0.054101 0.123778 -0.071918
-0.108649 0.023348 -0.190988
0.079571 -0.054692 -0.150818
-0.100339 -0.094482 -0.058888
-0.099229 -0.088262 -0.183308
0.022671 -0.026262 -0.100948
-0.029429 -0.048962 -0.217608
0.029971 -0.061562 -0.169958
-0.064069 0.038958 -0.012708
-0.094329 0.043738 -0.169958
0.078221 -0.038042 -0.143588
-0.089429 -0.029762 -0.177388
-0.119029 0.098208 -0.113308
-0.012629 -0.136362 -0.188308
0.021771 0.068438 -0.095138
0.000371 0.096558 0.026092
0.066811 0.073778 0.003692
-0.012629 -0.044062 -0.215048
-0.049429 0.104338 -0.154208
0.035561 -0.127392 -0.030048
0.081531 0.077528 -0.027228
-0.024429 -0.036862 -0.215608
0.019171 -0.074662 -0.211478
0.049691 -0.062322 -0.012708
-0.120369 0.095798 -0.146898
0.006471 -0.107662 -0.100948
-0.103689 0.075288 -0.047378
-0.047029 -0.014662 -0.153308
-0.022309 0.033678 -0.025608
0.072011 -0.036082 0.020042
-0.041629 -0.052402 0.031392
0.046071 -0.120262 -0.129228
0.073621 -0.038832 -0.162428
-0.075029 0.000838 -0.165558
-0.118889 -0.086242 -0.157668
0.019171 -0.138362 -0.177388
0.022671 -0.026262 -0.205668
0.012421 0.117398 0.011442
-0.100829 -0.061562 -0.141058
0.003541 0.134098 0.002022
-0.086629 -0.109342 -0.188108
0.046071 -0.037262 -0.197828
0.079411 0.058308 -0.120138
-0.092829 -0.061562 -0.163908
-0.022309 -0.069682 0.031392
-0.034629 0.117838 -0.208008
0.074901 0.094168 -0.093848
0.025071 -0.036862 -0.196658
0.015971 0.137538 -0.118308
0.081901 -0.086562 -0.037388
0.004871 0.068438 -0.091568
-0.083209 -0.105382 0.001762
0.084751 -0.042422 -0.038738
0.040271 -0.114462 -0.118308
-0.019329 0.052238 -0.091568
0.064811 -0.032082 0.026092
0.040271 0.121338 -0.118308
0.000371 -0.106322 -0.000108
-0.123819 -0.019542 -0.110238
-0.040809 -0.132782 -0.048708
-0.115209 -0.012922 -0.081458
-0.106069 0.117378 -0.109348
-0.111749 -0.050892 -0.064908
0.079191 0.100298 -0.041828
-0.015729 0.022738 -0.158608
-0.022029 0.073638 -0.149008
-0.019329 -0.077762 -0.091568
0.013871 -0.110062 -0.176508
-0.062029 0.095838 -0.154208
0.059071 -0.084762 0.008682
-0.012629 -0.014662 -0.129228
-0.104889 -0.036632 -0.026828
0.058571 -0.074162 -0.000108
0.074871 -0.073082 0.000392
0.019171 -0.074662 -0.095138
-0.083129 -0.013062 -0.176508
0.073181 0.028848 -0.171268
-0.119019 -0.091362 -0.113308
-0.102629 -0.061562 -0.153308
-0.015729 -0.107262 -0.158608
0.066691 0.110218 0.002512
0.014771 0.019038 -0.183308
-0.092029 0.110528 -0.189898
0.013901 0.141718 -0.068128
-0.092259 0.003428 0.009342
0.015491 0.011758 0.040992
-0.018829 0.117388 0.010502
-0.098029 -0.087762 -0.190108
-0.015949 0.003438 -0.027608
-0.041629 -0.052402 -0.018008
0.064171 -0.029762 -0.129228
-0.039989 0.113528 0.010722
0.041141 -0.003212 -0.202198
-0.087429 0.068438 -0.188308
-0.082209 0.135628 -0.169358
-0.065019 -0.116842 0.003882
-0.116599 0.093288 -0.090198
-0.124709 0.042878 -0.105778
-0.059329 -0.071762 -0.215608
0.006471 0.022338 -0.205668
0.030011 0.098958 -0.006658
-0.071269 -0.036082 -0.006658
-0.098209 -0.037922 0.004212
-0.088329 0.046238 -0.163908
0.076821 -0.055572 -0.154498
0.079951 0.060288 -0.142468
-0.000839 -0.134952 -0.038378
0.055211 0.076558 -0.006658
-0.071329 0.127138 -0.177388
-0.113769 0.007638 -0.081398
0.011671 0.044138 -0.211478
0.042371 0.059438 0.031392
0.011671 -0.002862 -0.197828
-0.099409 -0.081042 -0.031598
-0.116779 -0.002962 -0.170148
-0.012629 0.151538 -0.129228
-0.024429 0.093138 -0.151008
-0.082169 -0.062022 -0.214998
0.069331 0.108378 -0.087418
0.011671 0.009738 -0.197828
-0.034629 -0.000162 -0.176508
-0.065529 -0.008662 -0.118308
-0.008429 0.131838 -0.190108
-0.098959 0.103718 -0.186628
-0.088329 -0.039362 -0.163908
-0.061329 0.003838 -0.183308
0.033471 0.049338 -0.100948
-0.034629 -0.110962 -0.158608
-0.059329 0.058238 -0.151008
0.019171 0.055338 -0.211478
-0.024429 -0.036862 -0.151008
-0.088789 -0.004012 -0.200728
0.011671 -0.002862 -0.108788
0.014771 0.068438 -0.208008
-0.077149 0.003438 -0.006658
-0.028829 0.061738 -0.215048
0.083611 -0.077062 -0.026958
0.076871 -0.032832 -0.037408
0.075571 -0.061562 -0.141058
0.011671 0.009738 -0.108788
-0.117839 0.003438 -0.159508
0.000371 0.115438 0.006692
0.076041 0.101098 -0.148768
0.070471 -0.061562 -0.177388
-0.094129 0.034738 -0.165558
-0.047229 0.073638 -0.149008
-0.124839 -0.062152 -0.155728
-0.015729 -0.080462 -0.151008
-0.058729 0.087538 -0.205668
-0.123559 -0.009502 -0.122728
0.077821 -0.037942 -0.030438
0.068871 -0.095262 -0.165558
0.029971 0.095138 -0.183308
-0.015729 0.087338 -0.215608
-0.011869 0.042958 -0.025608
-0.046189 0.003438 0.035792
-0.076619 -0.046052 -0.218858
-0.047229 -0.056362 -0.149008
-0.095839 -0.122502 -0.114998
-0.085179 0.097678 0.010202
-0.088789 0.010868 -0.200728
0.079001 -0.051712 -0.123658
-0.034629 0.107238 -0.154208
-0.060829 0.131838 -0.176508
-0.059329 0.078638 -0.215608
-0.070529 -0.076362 -0.154208
0.078311 0.003428 -0.057218
-0.007929 0.133038 -0.183308
-0.071329 -0.002862 -0.129228
0.029971 -0.034862 -0.183308
0.078961 -0.016582 -0.053408
-0.082479 0.102438 0.009842
-0.015729 -0.042662 -0.215608
-0.012629 -0.149762 -0.165558
-0.071329 0.009738 -0.129228
-0.094899 0.125688 -0.098788
0.001271 -0.076362 -0.154208
0.034571 0.122698 0.007382
0.011671 0.044138 -0.095138
-0.081729 0.039838 -0.188308
-0.059329 -0.051362 -0.215608
-0.009979 -0.138082 -0.067378
-0.104909 -0.036472 -0.029608
0.015971 -0.130662 -0.118308
0.043451 -0.020242 0.035792
-0.039829 -0.048962 -0.217608
-0.035359 0.126668 0.007442
-0.094329 0.093138 -0.169958
-0.120389 0.003428 -0.130308
-0.124859 0.024818 -0.152568
0.028771 -0.035362 -0.176508
-0.092689 -0.006652 0.009342
-0.038089 -0.124972 -0.022028
-0.125489 -0.041872 -0.159098
0.000371 0.033538 -0.158608
-0.106829 0.063888 -0.198068
-0.126129 -0.063792 -0.143908
0.070251 -0.103082 -0.097158
-0.029429 0.081038 -0.217608
0.019171 0.055338 -0.095138
-0.094329 0.093138 -0.196658
-0.099769 -0.081642 -0.025338
-0.048949 -0.062322 0.026092
0.080541 0.003428 -0.058098
-0.074289 -0.019222 -0.214148
-0.061329 -0.061562 -0.215608
-0.012629 0.085938 -0.215048
-0.062849 0.017878 -0.215598
-0.058729 0.049338 -0.100948
-0.005929 0.052238 -0.215048
-0.022309 -0.026802 -0.025608
0.066131 -0.112492 -0.044838
-0.012629 0.021538 -0.129228
0.056801 0.128228 -0.094908
0.000371 0.106798 -0.006658
-0.025029 0.056038 -0.215048
0.074321 0.116018 -0.134428
-0.083129 0.116938 -0.176508
-0.094329 -0.036862 -0.196658
-0.099229 0.068438 -0.169958
0.003721 -0.125292 0.002602
0.059651 -0.075602 0.006692
-0.059329 -0.071762 -0.151008
0.050971 -0.061562 -0.197828
-0.045839 0.154558 -0.149598
-0.005929 -0.077762 -0.215048
0.071671 -0.105332 -0.108648
0.012611 -0.036082 -0.025608
-0.096479 0.023528 -0.201548
-0.025029 -0.073962 -0.215048
0.050971 0.068438 -0.108788
-0.123839 -0.061952 -0.101648
-0.099229 -0.061562 -0.169958
-0.015929 0.157058 -0.105488
0.065011 -0.102372 8.2e-05
-0.068139 -0.122292 -0.016968
0.076681 0.031568 -0.161338
0.033971 -0.061562 -0.190108
-0.120789 -0.001692 -0.116148
-0.019829 -0.025662 -0.212408
-0.105679 0.078268 -0.054118
-0.065859 0.144228 -0.095648
-0.017389 -0.054002 -0.022408
0.050971 -0.061562 -0.108788
-0.099229 -0.061562 -0.196658
-0.012429 -0.115262 -0.202708
-0.086529 -0.101642 -0.020358
-0.019329 0.084638 -0.215048
-0.118159 0.044208 -0.181398
-0.098699 -0.023062 -0.011578
-0.127279 -0.042492 -0.146438
0.011671 0.127138 -0.197828
0.000371 -0.058642 0.035792
-0.079399 0.131658 -0.083028
-0.009929 0.078638 -0.151008
0.027011 -0.082482 -0.012708
-0.099159 -0.117532 -0.107648
-0.066179 -0.119172 0.001612
-0.012629 0.026638 -0.141058
-0.044229 0.058838 -0.217608
0.068221 0.116398 -0.032168
-0.108659 -0.079282 -0.186088
-0.009489 -0.127692 -0.021668
0.049771 0.130838 -0.165558
-0.044829 0.043738 -0.151008
0.081121 0.082688 -0.133738
-0.122279 -0.060312 -0.094238
-0.019829 0.104338 -0.154208
-0.009929 -0.051362 -0.151008
-0.100749 0.010188 -0.192318
0.069801 -0.026742 -0.171578
0.073801 0.116828 -0.142708
-0.074099 0.128238 -0.040598
-0.081729 -0.090162 -0.188308
0.080901 -0.080522 -0.145558
-0.042719 0.122998 0.009442
-0.015729 0.087338 -0.151008
-0.032509 -0.040402 -0.022408
-0.064069 -0.032082 -0.012708
0.030011 0.019758 -0.025608
-0.030129 0.068438 -0.215048
0.071751 0.116238 -0.147218
-0.012629 -0.144662 -0.177388
0.056471 0.097038 -0.188308
-0.118279 0.066808 -0.178338
0.043451 0.027118 -0.022408
-0.047929 0.103738 -0.100948
-0.042469 -0.135692 -0.066968
-0.009929 0.058238 -0.215608
-0.059329 0.078638 -0.151008
0.021071 -0.143062 -0.141058
-0.034629 0.082038 -0.149008
0.000271 -0.026662 -0.208008
-0.080329 -0.080462 -0.158608
-0.065529 0.015538 -0.118308
-0.107779 0.116108 -0.151448
0.021771 -0.061562 -0.211478
0.056471 -0.032962 -0.188308
-0.072569 0.120028 -0.022128
-0.036929 0.092738 -0.211478
-0.034629 0.117838 -0.158608
0.068771 -0.105722 -0.020828
-0.022029 0.009118 -0.219768
-0.034629 -0.119762 -0.163908
-0.097099 -0.106552 -0.072368
0.079431 -0.051442 -0.120138
0.079951 -0.053422 -0.142468
0.015971 -0.000662 -0.118308
0.068581 0.111518 -0.009118
-0.061329 0.068438 -0.151008
-0.080329 0.114138 -0.196658
-0.007229 0.041038 -0.154208
0.083671 -0.069912 -0.026998
0.072011 -0.036082 -0.006658
0.032371 -0.106462 -0.197828
-0.112959 0.012028 -0.077758
-0.056829 -0.007862 -0.202708
-0.069629 0.033538 -0.208008
-0.101229 0.088908 -0.018908
-0.007229 -0.088962 -0.154208
0.080181 0.097918 -0.035588
-0.098029 0.094638 -0.190108
-0.066939 -0.142072 -0.118668
-0.121349 -0.001692 -0.121728
-0.034629 0.003838 -0.169958
-0.101359 0.084778 -0.197168
0.078881 -0.045022 -0.131848
0.050971 0.132038 -0.153308
-0.071329 0.044138 -0.197828
-0.022309 0.076558 0.031392
-0.059329 -0.121262 -0.169958
-0.049429 -0.097462 -0.212408
-0.091559 -0.099942 -0.193548
0.032371 -0.106462 -0.108788
-0.044829 -0.036862 -0.215608
-0.098959 -0.096872 -0.186628
0.046071 -0.120262 -0.177388
-0.075029 -0.123962 -0.165558
0.019171 -0.008362 -0.177388
-0.084079 0.045658 0.011612
0.021071 0.019938 -0.165558
-0.057529 0.113338 -0.108788
-0.094129 -0.027862 -0.165558
0.056801 -0.121372 -0.094908
-0.105679 -0.071422 -0.054128
-0.044829 -0.086262 -0.151008
0.085841 0.059128 -0.072758
0.006611 -0.016722 0.040992
-0.104889 0.016858 -0.192108
0.082781 -0.084292 -0.038308
-0.106819 -0.057032 -0.198058
-0.075709 0.045358 -0.000108
0.008011 0.012148 -0.213758
0.000371 -0.039282 -0.025608
0.080871 -0.016932 -0.054428
0.021771 -0.061562 -0.095138
-0.036929 0.092738 -0.095138
-0.087919 -0.109202 -0.030478
-0.041229 0.007538 -0.188308
0.000371 -0.096462 -0.208008
0.019071 -0.083762 -0.202708
-0.034629 0.029638 -0.154208
0.042251 0.059278 -0.018008
-0.029269 0.019758 0.038992
-0.008429 0.131838 -0.176508
-0.059839 0.003428 -0.214398
-0.040289 0.140208 -0.043018
-0.050009 0.140648 -0.067448
-0.076229 0.004838 -0.153308
-0.054469 0.076558 -0.006658
-0.087439 0.092638 0.010162
-0.071439 0.003428 -0.209238
-0.012429 0.122138 -0.202708
0.000371 0.103438 -0.158608
0.040271 -0.114462 -0.188308
-0.095729 0.068438 -0.177388
-0.022029 -0.066762 -0.149008
-0.034629 -0.088262 -0.215608
-0.122429 -0.015222 -0.106398
-0.012629 -0.014662 -0.177388
-0.111629 -0.004542 -0.073718
0.040271 0.121338 -0.188308
-0.077149 0.046158 0.006692
0.028771 -0.087762 -0.190108
0.014771 0.068438 -0.158608
-0.099229 -0.034862 -0.183308
-0.012629 0.143238 -0.118308
-0.007229 -0.034162 -0.212408
-0.072879 -0.011442 -0.211868
-0.039829 0.055838 -0.149008
-0.102489 -0.037472 -0.012458
-0.059329 0.128138 -0.196658
0.033251 -0.040402 0.035792
-0.022309 0.076558 -0.018008
-0.085659 0.067158 -0.214548
-0.014749 -0.004882 0.040992
-0.121079 0.039878 -0.092098
-0.039829 0.081038 -0.149008
-0.098649 0.047638 -0.010588
-0.005929 0.052238 -0.091568
0.001271 0.083238 -0.154208
0.081271 0.029448 -0.146608
-0.034629 -0.100362 -0.212408
-0.025029 0.056038 -0.091568
-0.034629 -0.126162 -0.196658
0.037521 0.129858 -0.005618
-0.012429 -0.115262 -0.163908
0.025071 0.093138 -0.169958
-0.060049 -0.093162 0.010852
-0.047029 -0.144662 -0.153308
-0.015289 0.158358 -0.111738
0.067681 -0.104042 -0.009348
-0.028829 -0.054862 -0.215048
-0.022309 -0.026802 0.038992
0.072011 0.042958 0.020042
-0.036929 -0.085862 -0.211478
-0.053529 -0.107262 -0.208008
-0.087519 0.102168 -0.198128
-0.059329 -0.001862 -0.169958
-0.034629 0.137038 -0.176508
-0.102129 0.104318 -0.181048
-0.076639 0.128178 -0.069418
-0.125599 0.023768 -0.129828
0.071761 -0.109382 -0.147208
0.066801 -0.066922 0.003692
-0.097759 -0.113812 -0.092028
-0.100829 -0.061562 -0.165558
-0.080729 0.064678 0.011082
-0.012629 -0.111562 -0.100948
-0.059329 -0.001862 -0.196658
-0.122759 0.015808 -0.116558
-0.119869 0.009158 -0.158878
-0.084619 0.113808 -0.004658
-0.097539 0.127958 -0.152358
0.039661 -0.131592 -0.088228
-0.031729 -0.015462 -0.205668
-0.072119 0.129428 -0.037328
-0.019329 0.084638 -0.091568
-0.044829 0.093138 -0.151008
-0.064069 -0.032082 0.026092
-0.104139 0.016728 -0.013108
-0.031729 0.022338 -0.205668
0.024611 0.156118 -0.141758
-0.120789 0.018628 -0.165928
-0.073459 0.089748 0.011242
-0.083629 0.003438 0.006692
-0.067709 0.128318 -0.017118
0.040051 -0.006202 -0.201178
-0.085689 0.042218 -0.213628
-0.044829 -0.036862 -0.151008
-0.047229 -0.066762 -0.149008
0.018751 0.149168 -0.093898
0.033971 0.068438 -0.176508
0.011071 -0.080462 -0.158608
0.046931 0.003438 0.035792
-0.011869 -0.036082 0.038992
0.003571 0.075138 -0.215048
-0.014749 -0.004882 -0.027608
-0.109929 0.017028 -0.186608
0.080401 0.081428 -0.125798
0.054111 -0.116932 -0.071918
0.033971 -0.061562 -0.176508
-0.127739 0.046238 -0.134948
-0.071329 -0.002862 -0.177388
-0.036929 0.044138 -0.211478
-0.012629 0.132038 -0.108788
0.011071 0.114138 -0.196658
-0.036929 -0.085862 -0.095138
-0.071329 0.009738 -0.177388
-0.012629 0.013238 -0.118308
0.037371 -0.061562 -0.100948
-0.012629 -0.027162 -0.211478
-0.125979 0.071318 -0.120548
-0.096309 0.125518 -0.162388
0.077371 -0.061562 -0.153308
0.019071 0.090638 -0.202708
0.030011 0.019758 0.038992
-0.101359 -0.077922 -0.197168
-0.121049 0.021328 -0.100518
-0.021029 -0.061562 -0.149008
-0.087769 0.003428 -0.199418
0.072521 -0.084232 -0.002608
-0.001149 -0.150722 -0.145498
-0.025029 -0.049162 -0.215048
-0.070529 -0.046762 -0.154208
-0.034629 0.054838 -0.217608
0.060381 0.133768 -0.146178
0.011891 0.018798 0.040992
-0.026269 0.089358 -0.012708
0.037371 0.068438 -0.205668
-0.087459 0.116178 -0.023718
-0.103229 0.068438 -0.190108
-0.036929 0.009738 -0.108788
0.023821 -0.148232 -0.123728
0.068821 0.074648 0.004042
-0.057359 0.126508 -0.022278
-0.106059 -0.110532 -0.109348
0.008011 -0.005282 -0.213758
0.000371 0.003438 -0.028308
-0.034629 0.007038 -0.190108
0.007971 0.003428 -0.213988
-0.009929 -0.121262 -0.169958
-0.095729 -0.095962 -0.153308
-0.039839 0.139908 -0.038268
-0.034629 -0.003362 -0.202708
-0.086579 0.116168 -0.188088
0.037371 -0.061562 -0.205668
-0.031669 0.003438 0.038992
0.057841 0.129368 -0.100808
-0.069609 0.113138 0.010242
-0.050239 0.149908 -0.094108
-0.012629 0.021538 -0.177388
-0.106259 0.016528 -0.027508
0.024371 0.156188 -0.132688
-0.025029 -0.051962 -0.217608
0.049771 -0.123962 -0.141058
-0.024429 0.043738 -0.215608
-0.066379 0.132128 -0.037628
0.039661 0.138448 -0.088228
-0.103399 -0.101222 -0.076078
0.017551 -0.140742 -0.088008
0.075571 -0.061562 -0.165558
0.019071 -0.083762 -0.163908
-0.067019 -0.143832 -0.137788
0.081601 -0.082872 -0.025408
-0.125599 -0.016922 -0.129828
-0.071699 0.012738 -0.210558
0.077891 -0.039282 0.006692
-0.031729 0.114538 -0.100948
-0.083129 -0.013062 -0.190108
0.071971 -0.095632 -0.025988
-0.036929 0.044138 -0.095138
-0.057629 -0.106462 -0.197828
-0.012629 -0.027162 -0.095138
-0.085759 -0.021762 0.011232
-0.012429 0.122138 -0.163908
0.004171 0.068438 -0.212408
-0.123049 0.041368 -0.098908
-0.126069 -0.020582 -0.127958
-0.124859 -0.017972 -0.152568
-0.059329 0.008738 -0.196658
-0.065349 -0.135532 -0.089218
-0.012629 0.068438 -0.216308
-0.044429 -0.008362 -0.129228
0.077991 -0.080682 -0.032068
-0.019329 0.052238 -0.215048
0.004171 -0.061562 -0.212408
0.011891 0.018798 -0.027608
-0.034629 0.041738 -0.151008
-0.084029 -0.110962 -0.183308
-0.094889 -0.118832 -0.098788
0.070211 0.003438 0.026092
-0.031729 0.114538 -0.205668
0.046071 0.009738 -0.129228
-0.007229 0.095838 -0.154208
-0.083819 -0.133272 -0.151698
-0.098539 -0.115752 -0.099808
-0.012629 -0.011562 -0.100948
0.021071 0.149938 -0.141058
-0.104359 0.042848 -0.200868
-0.098029 0.094638 -0.176508
-0.031669 -0.099922 0.006692
-0.029429 -0.048962 -0.149008
-0.081729 0.097038 -0.118308
0.023571 -0.061562 -0.202708
0.079191 -0.082922 -0.013458
0.077981 0.087558 -0.032058
-0.092949 -0.056952 -0.210748
-0.082149 0.068888 -0.214978
0.006471 -0.015462 -0.205668
-0.025029 0.058838 -0.149008
0.013871 0.116938 -0.176508
0.058821 0.130458 -0.106728
-0.088649 0.116198 -0.034018
0.079191 0.079348 -0.013218
-0.126959 0.045008 -0.120118
0.080161 -0.019372 -0.155208
-0.034629 0.126638 -0.163908
0.077111 -0.076362 -0.009018
-0.069539 0.090678 0.011022
-0.086689 -0.078552 -0.207778
-0.080329 0.022738 -0.196658
-0.113989 0.035888 -0.072848
-0.028829 0.075138 -0.091568
0.055521 -0.112042 -0.023438
0.078491 -0.038322 -0.140038
-0.021029 0.068438 -0.217608
0.049771 0.000838 -0.165558
-0.045079 0.130178 -0.022128
0.068871 0.102138 -0.141058
-0.021779 -0.008002 -0.218628
-0.040419 -0.145272 -0.093648
0.055511 0.118898 -0.023438
-0.104559 0.031898 -0.049318
-0.036929 0.127138 -0.197828
-0.012629 -0.006362 -0.118308
-0.028829 -0.054862 -0.091568
0.055751 0.127078 -0.089028
0.013871 0.019938 -0.176508
0.071661 0.112188 -0.108648
0.011671 -0.120262 -0.197828
-0.048949 0.069198 -0.012708
0.000371 -0.096462 -0.158608
-0.066579 -0.143632 -0.146888
-0.065529 0.015538 -0.188308
-0.047029 -0.061562 -0.211478
-0.116589 -0.086442 -0.090198
-0.036929 0.127138 -0.108788
0.015971 -0.000662 -0.188308
0.040271 -0.008662 -0.118308
0.028771 0.094638 -0.190108
0.028771 -0.087762 -0.176508
-0.089429 0.100238 -0.129228
-0.126949 -0.041712 -0.119308
0.011671 -0.120262 -0.108788
0.073811 -0.109972 -0.142698
-0.042709 -0.020242 0.035792
-0.038679 -0.150012 -0.112658
-0.024429 0.043738 -0.151008
0.033251 0.047278 0.035792
-0.034629 -0.001562 -0.183308
0.014311 -0.125232 -0.022418
0.028771 -0.035362 -0.190108
-0.076229 0.002038 -0.153308
0.019071 0.046238 -0.163908
-0.012629 0.026638 -0.165558
0.071991 -0.050352 -0.010298
0.056471 0.039838 -0.188308
-0.047029 0.021538 -0.153308
-0.100589 -0.037592 -0.004048
0.063041 0.013898 -0.188018
-0.062629 -0.061562 -0.205668
-0.034629 0.008438 -0.183308
-0.074009 0.049768 -0.219638
0.079591 -0.052852 -0.136598
0.080711 -0.077602 -0.014488
-0.062029 -0.088962 -0.212408
0.022491 -0.146822 -0.114728
-0.123019 0.017638 -0.155308
-0.123849 0.068798 -0.101638
-0.065219 0.150058 -0.152668
-0.096989 -0.073172 -0.012168
-0.026269 0.089358 0.026092
-0.046189 0.003438 -0.022408
-0.086279 -0.007392 0.011142
0.000371 0.025198 -0.027608
0.046071 -0.085862 -0.197828
-0.056829 0.014738 -0.163908
0.031811 -0.098002 0.013492
-0.067969 0.130278 -0.028608
-0.073429 0.068438 -0.154208
-0.053529 -0.107262 -0.158608
-0.053529 -0.042662 -0.151008
-0.115689 -0.006442 -0.085818
-0.104629 0.114498 -0.094658
-0.034629 -0.003362 -0.163908
-0.035629 -0.149382 -0.148118
0.018131 0.060878 0.035792
-0.012629 0.028438 -0.153308
0.021071 -0.143062 -0.165558
0.062371 0.107228 0.005322
-0.075029 0.006038 -0.141058
0.050971 -0.125162 -0.153308
-0.029429 0.055838 -0.217608
-0.080759 -0.126522 -0.089838
-0.064059 -0.114492 0.005192
0.006471 0.114538 -0.100948
0.024621 -0.149262 -0.141758
-0.047029 -0.061562 -0.095138
-0.054469 -0.026802 -0.018008
-0.025029 -0.049162 -0.091568
-0.124699 -0.039352 -0.104898
0.046071 -0.085862 -0.108788
-0.060889 -0.006752 -0.214988
0.043451 -0.020242 -0.022408
0.029971 0.068438 -0.169958
0.001571 0.138368 -0.017288
0.046071 0.127138 -0.129228
-0.029269 -0.092082 0.020042
0.034831 -0.104722 0.010812
-0.024429 0.093138 -0.215608
0.059651 0.003438 -0.018008
-0.053529 -0.015862 -0.208008
0.029971 0.068438 -0.196658
-0.069539 -0.083822 0.011022
0.031811 -0.098002 -0.000108
-0.044429 0.081538 -0.211478
0.078931 -0.082162 -0.011448
-0.065849 -0.137362 -0.095648
0.018131 -0.054002 0.035792
-0.059329 0.058238 -0.215608
-0.017889 0.153778 -0.093318
0.006471 0.114538 -0.205668
-0.065409 0.132648 -0.042188
0.029971 -0.061562 -0.196658
-0.018909 0.125268 0.009602
-0.094329 0.043738 -0.196658
-0.000229 -0.049162 -0.091568
0.007801 0.014158 -0.212598
-0.100829 0.068438 -0.141058
-0.042709 0.027118 0.035792
0.079991 -0.076612 -0.122488
0.033581 -0.129322 -0.043908
0.000371 0.113198 0.013492
-0.110549 -0.011842 -0.069088
-0.092829 0.068438 -0.163908
-0.106089 0.016498 -0.030408
-0.015729 -0.080462 -0.215608
0.034261 -0.128692 -0.038928
-0.120239 -0.058652 -0.086988
0.046071 0.044138 -0.197828
-0.054469 -0.069682 0.020042
0.078071 0.078638 -0.107168
-0.034629 -0.022762 -0.154208
-0.007929 0.003838 -0.183308
-0.091629 -0.095082 -0.197138
0.072461 0.113078 -0.114488
0.082691 0.003438 0.013492
0.078681 0.079408 -0.112538
-0.037459 -0.151812 -0.125458
-0.058909 -0.075602 0.006692
-0.071699 -0.005882 -0.210558
-0.103229 0.068438 -0.176508
0.045641 0.103338 0.009752
0.000371 -0.026562 -0.158608
-0.069469 0.003438 -0.012708
-0.077149 -0.039282 0.006692
-0.034629 0.007038 -0.176508
-0.025029 0.080838 -0.091568
-0.084109 -0.133992 -0.132048
0.046071 0.044138 -0.108788
0.056471 -0.090162 -0.118308
0.080871 0.023788 -0.054418
0.021051 0.151938 -0.105798
0.045991 -0.138552 -0.123358
-0.105649 0.016588 -0.021838
0.079091 0.065738 -0.010628
-0.038849 0.138688 -0.029298
-0.015729 0.049538 -0.151008
0.000371 0.113198 -0.000108
-0.099229 0.041738 -0.183308
-0.044229 -0.051962 -0.217608
0.011671 0.092738 -0.211478
-0.061329 0.003038 -0.183308
-0.029429 0.081038 -0.149008
0.042021 -0.134202 -0.100138
-0.086749 0.085408 -0.207828
0.032271 -0.016662 -0.108788
-0.102629 0.068438 -0.153308
-0.095729 0.102838 -0.153308
0.080631 0.003428 -0.164548
-0.044429 0.081538 -0.095138
0.023571 0.068438 -0.202708
0.076001 0.098268 -0.049548
0.006471 0.022338 -0.100948
-0.029429 -0.074162 -0.217608
-0.123579 -0.015992 -0.112318
-0.021829 -0.005332 -0.219388
0.019171 0.015238 -0.129228
-0.120789 0.008548 -0.116148
0.078931 -0.094762 -0.044898
0.032411 0.003438 0.038992
-0.065529 -0.114462 -0.118308
-0.058909 0.082478 0.006692
0.079171 -0.028792 -0.044458
0.086521 -0.037602 -0.047628
-0.065529 0.121338 -0.118308
-0.041229 -0.000662 -0.118308
-0.019829 -0.097462 -0.212408
-0.025729 -0.029762 -0.211478
0.081271 0.092858 -0.024518
-0.007929 -0.126162 -0.183308
0.075471 -0.025852 -0.164448
0.032371 0.023538 -0.108788
0.077851 0.038508 -0.150748
-0.121139 -0.017742 -0.098658
-0.084229 0.140858 -0.141878
0.091331 0.003428 -0.102278
-0.092619 -0.039682 0.010082
-0.034629 -0.012162 -0.158608
-0.053529 0.049538 -0.151008
-0.071269 0.042958 0.020042
-0.022309 -0.069682 -0.018008
-0.012629 0.013238 -0.188308
-0.101039 -0.119652 -0.128568
-0.088329 0.090638 -0.163908
-0.062629 0.068438 -0.100948
-0.092979 0.017458 -0.201238
0.030011 -0.092082 0.020042
0.000371 0.003438 0.041692
0.077631 -0.028262 -0.044048
-0.022029 0.063238 -0.217608
-0.058729 0.087538 -0.100948
-0.093719 0.112068 -0.186208
-0.053529 0.114138 -0.208008
0.000371 -0.099922 0.020042
0.012611 0.042958 -0.025608
-0.057529 -0.016662 -0.197828
0.076451 0.045358 0.013492
-0.093279 -0.079462 0.004292
-0.073829 0.023458 -0.213368
0.078591 -0.075072 -0.111848
0.075571 0.068438 -0.141058
0.011671 0.092738 -0.095138
-0.044229 0.058838 -0.149008
0.062171 -0.061562 -0.118308
0.070471 0.068438 -0.177388
-0.102149 0.088998 -0.025068
-0.009929 0.078638 -0.215608
0.056731 -0.083592 0.008362
-0.019829 -0.025662 -0.154208
-0.034629 0.138438 -0.183308
-0.035789 0.016918 -0.219608
-0.097429 0.130058 -0.128488
0.068871 0.034738 -0.141058
0.078971 0.023438 -0.053398
-0.069609 -0.106282 0.010232
-0.048229 -0.061562 -0.217608
-0.057529 -0.016662 -0.108788
-0.072429 -0.123152 -0.037238
-0.044829 0.043738 -0.215608
0.062231 0.135008 -0.141818
-0.062629 0.068438 -0.205668
-0.097409 -0.123192 -0.128488
0.003541 -0.122912 0.002532
-0.083199 0.138088 -0.110638
-0.009929 -0.051362 -0.215608
-0.044429 -0.074662 -0.211478
0.027011 0.089358 0.026092
-0.070529 0.053638 -0.154208
0.055211 -0.026802 0.031392
0.011671 -0.037262 -0.211478
-0.060829 -0.124962 -0.190108
-0.034629 0.068438 -0.218308
-0.019829 0.032538 -0.212408
-0.105829 0.051178 -0.050678
-0.000939 -0.153322 -0.141578
0.015491 0.011758 -0.027608
-0.121049 -0.014482 -0.100518
0.076451 0.045358 -0.000108
-0.090839 -0.077412 -0.207318
-0.025729 -0.029762 -0.095138
-0.046329 0.149938 -0.141058
0.077831 0.077898 -0.101788
-0.012629 -0.061562 -0.090308
0.079351 -0.093522 -0.041768
-0.071299 0.129868 -0.041158
-0.082199 -0.128782 -0.169358
-0.111939 -0.079812 -0.180248
-0.064069 0.038958 0.026092
0.028771 0.094638 -0.176508
0.019171 0.145238 -0.177388
-0.034629 0.137038 -0.190108
0.083071 -0.047252 -0.029828
-0.034629 -0.061562 -0.148308
0.073881 -0.107912 -0.126248
0.078131 0.044748 -0.145358
-0.111919 0.003428 -0.074538
-0.097919 0.129578 -0.142088
-0.053249 0.026588 -0.219998
0.023051 0.033678 0.038992
0.014621 -0.116612 0.010172
-0.013499 0.160488 -0.142238
0.049691 -0.062322 0.026092
0.078161 0.098048 -0.120518
-0.091769 0.067458 0.010432
-0.061329 0.068438 -0.215608
-0.088309 -0.109112 -0.034098
-0.009929 0.128138 -0.169958
-0.047229 0.063238 -0.217608
0.011071 -0.015862 -0.169958
0.077111 0.093438 -0.002798
0.017541 0.147598 -0.088008
0.083411 0.083888 -0.026988
-0.120369 -0.088942 -0.146908
-0.062029 0.095838 -0.212408
0.081011 -0.078282 -0.133238
-0.049979 0.151778 -0.100498
-0.081729 0.097038 -0.188308
-0.005869 0.023598 0.040992
-0.001249 -0.135242 -0.042828
0.011071 -0.015862 -0.196658
-0.097979 0.070728 -0.011458
0.050971 0.068438 -0.197828
-0.080329 -0.042662 -0.208008
-0.044429 0.015238 -0.129228
0.019171 0.081538 -0.211478
0.031811 0.104878 0.013492
-0.044429 -0.074662 -0.095138
0.049771 -0.123962 -0.165558
-0.031729 -0.107662 -0.100948
-0.084109 0.140838 -0.132038
0.013871 -0.013062 -0.190108
0.049771 0.000838 -0.141058
-0.097919 -0.122732 -0.142088
0.077801 -0.080032 -0.149978
-0.085649 -0.060322 -0.214538
0.011671 -0.037262 -0.095138
-0.034629 -0.075162 -0.217608
-0.081729 -0.032962 -0.188308
-0.060059 0.100008 0.010842
0.055211 -0.026802 -0.018008
0.033971 0.068438 -0.190108
0.040851 0.139778 -0.094178
0.015491 -0.004882 0.040992
-0.011149 0.018798 0.040992
-0.083699 -0.132462 -0.117718
-0.073739 -0.047512 -0.218898
0.016691 0.003438 0.040992
-0.099229 0.068438 -0.196658
-0.081699 -0.128292 -0.096708
-0.115049 -0.059082 -0.185228
-0.103389 0.108048 -0.076048
-0.044829 -0.086262 -0.215608
-0.080329 -0.107262 -0.169958
-0.124119 0.016918 -0.144498
-0.100739 -0.003332 -0.192318
-0.054469 0.033678 0.031392
-0.084029 -0.061562 -0.208008
0.023571 0.068438 -0.163908
-0.022309 0.033678 0.038992
-0.012629 -0.006362 -0.188308
0.022481 0.153678 -0.114728
0.056841 -0.013512 -0.187478
-0.089429 0.036638 -0.129228
-0.031729 -0.107662 -0.205668
0.060431 -0.125752 -0.118608
-0.090819 0.084268 -0.207328
-0.022029 -0.056362 -0.217608
-0.080329 -0.107262 -0.196658
-0.118479 -0.089832 -0.105538
-0.044429 -0.138362 -0.129228
-0.039829 -0.074162 -0.217608
-0.005869 -0.016722 0.040992
0.032271 0.113338 -0.197828
-0.039229 -0.148732 -0.106308
-0.044229 0.078038 -0.217608
0.040271 -0.008662 -0.188308
-0.053529 -0.015862 -0.158608
0.064171 -0.093362 -0.129228
0.021071 0.149938 -0.165558
0.055211 -0.069682 0.020042
-0.066939 0.148918 -0.118668
-0.036169 -0.126562 0.001522
-0.051359 -0.103572 0.010982
0.079581 0.059718 -0.136598
0.079121 -0.044902 -0.130108
-0.066539 0.147248 -0.108688
0.073641 0.045678 -0.162428
-0.034629 0.003038 -0.169958
0.049691 0.069198 -0.012708
-0.114879 0.003428 -0.086578
-0.071719 -0.085842 0.011262
-0.012629 0.018438 -0.100948
0.058381 0.021928 -0.185398
0.032271 0.113338 -0.108788
0.019171 0.081538 -0.095138
-0.071249 0.051168 -0.219228
0.046931 0.003438 -0.022408
0.015971 0.007538 -0.118308
-0.102659 -0.036382 -0.033108
0.012251 -0.108762 0.011132
-0.066679 -0.013732 -0.215158
-0.098909 -0.081562 -0.019278
-0.113459 -0.016842 -0.184608
-0.029269 -0.092082 -0.006658
-0.056299 0.153948 -0.148888
0.076531 0.044168 -0.159368
0.080881 0.096258 -0.036868
-0.111939 0.086658 -0.180248
0.036811 0.128348 0.001352
-0.062029 -0.034162 -0.212408
0.066971 0.118498 -0.040338
0.019071 -0.039362 -0.202708
-0.007229 -0.034162 -0.154208
-0.122419 0.022068 -0.106398
-0.076229 -0.125162 -0.153308
-0.110399 -0.077552 -0.067438
-0.000229 -0.073962 -0.091568
0.068871 0.102138 -0.165558
0.000371 0.082478 0.031392
-0.012429 -0.007862 -0.202708
-0.054469 0.033678 -0.018008
0.001271 -0.076362 -0.212408
-0.012629 0.018438 -0.205668
-0.115199 0.019778 -0.081458
0.018761 -0.142312 -0.093898
0.006611 0.023598 0.040992
-0.103289 0.016558 -0.034238
-0.021769 0.014868 -0.218648
-0.043859 -0.008782 -0.218998
-0.034629 -0.100362 -0.154208
-0.087429 -0.061562 -0.118308
0.074731 0.093488 -0.087648
0.031901 -0.129332 -0.049768
-0.012629 -0.125162 -0.197828
-0.120589 0.014858 -0.104288
0.083121 0.086958 -0.026148
-0.075199 0.086808 0.011232
-0.038959 -0.132592 -0.029178
0.078161 -0.091942 -0.051328
-0.044829 0.093138 -0.215608
-0.114319 0.043698 -0.188388
0.003571 -0.068262 -0.215048
-0.036569 0.013738 -0.219738
-0.076229 -0.061562 -0.197828
-0.060879 0.013608 -0.214978
-0.013759 0.160648 -0.133228
-0.057529 0.113338 -0.197828
-0.120239 0.065498 -0.086988
-0.100339 0.101328 -0.058898
-0.012629 -0.125162 -0.108788
-0.071029 0.088298 0.011002
0.081071 0.084968 -0.145608
-0.111629 0.011388 -0.073718
0.042371 -0.052402 0.031392
0.076821 0.062438 -0.154508
-0.117729 -0.088202 -0.097868
-0.114549 0.003428 -0.170218
-0.035769 -0.123922 0.002862
-0.120429 -0.091392 -0.128308
-0.067109 0.150118 -0.128718
0.047031 -0.139722 -0.132458
-0.034629 0.003838 -0.196658
0.013871 0.116938 -0.190108
0.068871 -0.027862 -0.141058
-0.076229 -0.061562 -0.108788
-0.059329 -0.121262 -0.196658
-0.037889 -0.130942 -0.017688
-0.099749 0.088448 -0.010988
-0.044429 -0.048462 -0.211478
0.082261 0.090988 -0.038338
-0.071329 -0.120262 -0.129228
-0.098639 -0.040792 -0.010588
0.022671 0.033138 -0.205668
-0.092599 0.028878 0.009722
-0.034629 0.054838 -0.149008
-0.090759 -0.069322 0.010582
-0.066259 0.145858 -0.102138
0.077891 0.003438 0.020042
-0.125719 -0.017212 -0.141438
-0.086939 -0.109002 -0.023798
-0.011869 0.042958 0.038992
-0.012629 0.118438 -0.205668
-0.024429 -0.086262 -0.151008
-0.105439 -0.109182 -0.101978
0.002811 0.135978 -0.005368
-0.071329 -0.037262 -0.197828
-0.075029 0.006038 -0.165558
0.015971 0.137538 -0.188308
0.013871 0.019938 -0.190108
-0.053529 0.114138 -0.158608
0.040861 -0.132932 -0.094178
0.023811 0.155088 -0.123728
-0.049429 -0.025662 -0.154208
-0.124549 -0.016802 -0.118278
0.011071 -0.042662 -0.208008
0.081841 0.084558 -0.014088
0.078461 -0.033402 -0.037478
-0.034629 -0.034862 -0.151008
-0.124909 -0.063552 -0.109108
-0.009929 -0.001862 -0.169958
-0.124549 0.023658 -0.118278
0.076281 -0.080122 -0.094118
-0.121749 0.008598 -0.127318
0.011071 0.022738 -0.169958
0.055771 -0.120222 -0.089018
-0.083129 0.019938 -0.190108
-0.025029 -0.051962 -0.149008
-0.061329 0.133038 -0.183308
-0.071329 -0.037262 -0.108788
0.000371 0.046158 -0.025608
-0.098029 0.042238 -0.190108
-0.118479 0.096688 -0.105538
-0.040399 -0.133962 -0.043068
-0.107809 0.118968 -0.128758
0.002921 -0.129962 -0.005188
-0.063149 0.135608 -0.068678
-0.103229 -0.061562 -0.176508
-0.088419 0.116408 -0.030408
-0.012629 -0.079062 -0.215048
-0.008429 -0.124962 -0.176508
-0.049429 0.032538 -0.212408
0.079191 0.035618 -0.044438
-0.009929 -0.001862 -0.196658
-0.060829 -0.124962 -0.176508
-0.082519 0.136718 -0.103638
-0.127749 -0.043102 -0.133668
-0.119869 -0.002312 -0.158878
-0.070529 0.083238 -0.154208
0.042371 -0.052402 -0.018008
-0.097729 0.109338 -0.065238
-0.028829 0.075138 -0.215048
-0.031669 0.106798 0.006692
0.023291 -0.146872 -0.145808
0.011071 -0.107262 -0.169958
-0.053529 0.022738 -0.208008
0.064171 -0.029762 -0.177388
0.033471 0.087538 -0.205668
0.061111 -0.126702 -0.124628
-0.031729 -0.015462 -0.100948
-0.061029 -0.027572 -0.220668
0.074431 0.058398 -0.009468
-0.040809 0.016748 -0.219468
-0.100829 0.068438 -0.165558
0.022671 0.103738 -0.205668
-0.120589 -0.008012 -0.104288
0.077861 0.044318 -0.150718
0.006471 -0.102662 -0.202708
0.011071 -0.107262 -0.196658
-0.087569 0.113828 -0.038558
-0.035829 -0.121732 0.003372
-0.065529 -0.114462 -0.188308
-0.063889 0.120938 0.007132
0.078971 0.099498 -0.129188
-0.044429 -0.048462 -0.095138
-0.031729 0.022338 -0.100948
-0.087439 -0.106972 -0.038468
0.078491 -0.015942 -0.163728
0.022671 -0.096862 -0.100948
0.027011 -0.082482 0.026092
-0.065529 0.121338 -0.188308
-0.046329 -0.013062 -0.141058
-0.075729 -0.102662 -0.202708
0.035691 0.134678 -0.030008
0.006611 -0.016722 -0.027608
0.025071 0.093138 -0.196658
-0.005929 0.084638 -0.091568
-0.057349 -0.119662 -0.022278
-0.017389 0.060878 0.035792
0.000471 0.036638 -0.211478
-0.083129 -0.110062 -0.176508
-0.089429 -0.029762 -0.129228
-0.012629 0.151538 -0.177388
0.090051 -0.023242 -0.062388
-0.094329 -0.086262 -0.169958
0.003571 0.061738 -0.091568
0.012611 -0.036082 0.038992
0.049691 0.069198 0.026092
0.069381 0.113058 -0.020708
-0.076229 0.132038 -0.153308
0.077901 -0.074312 -0.106458
0.000471 -0.093362 -0.211478
-0.042709 -0.020242 -0.022408
0.080161 0.026228 -0.155208
-0.034629 0.041738 -0.215608
-0.121779 0.015308 -0.110408
-0.082519 -0.129872 -0.103638
-0.099559 -0.119082 -0.115548
-0.047929 0.033138 -0.205668
-0.065529 -0.008662 -0.188308
0.022671 -0.096862 -0.205668
0.033251 0.047278 -0.022408
-0.074569 -0.120522 -0.046938
-0.093899 -0.109492 -0.072088
-0.109659 0.014798 -0.067158
-0.078699 -0.065992 0.010832
-0.007229 -0.088962 -0.212408
0.013871 -0.013062 -0.176508
0.012251 0.115618 0.011142
-0.037129 -0.152242 -0.134598
0.081281 -0.022592 -0.146608
0.019071 -0.039362 -0.163908
-0.012629 0.132038 -0.197828
-0.080329 -0.042662 -0.158608
-0.015729 0.114138 -0.208008
0.070841 -0.029112 -0.169498
-0.034629 -0.047962 -0.217608
0.004171 -0.061562 -0.154208
0.033471 -0.042462 -0.100948
0.055211 0.033678 0.031392
0.089601 0.031748 -0.099238
-0.061909 -0.095422 0.011102
0.037371 0.068438 -0.100948
-0.089399 0.065498 -0.212788
-0.012629 0.102838 -0.211478
0.077371 0.068438 -0.153308
-0.060829 0.005038 -0.176508
-0.021029 0.068438 -0.149008
-0.072569 -0.113182 -0.022128
0.008221 0.009308 -0.214518
-0.105439 0.116028 -0.101978
0.081401 0.083828 -0.139638
0.077821 0.044788 -0.030428
-0.036929 -0.002862 -0.197828
0.021771 -0.144662 -0.153308
-0.012429 0.014738 -0.202708
-0.047919 0.156698 -0.126258
0.079331 -0.075792 -0.117178
-0.124129 -0.010062 -0.144498
-0.090859 -0.109222 -0.185818
-0.036929 0.009738 -0.197828
-0.122289 0.067158 -0.094238
0.074871 0.079928 0.000392
-0.108639 -0.016492 -0.190988
0.018131 0.060878 -0.022408
-0.056829 -0.007862 -0.163908
0.079131 -0.052302 -0.130738
-0.036289 -0.002362 -0.219658
0.000471 0.036638 -0.095138
0.001271 0.053638 -0.212408
-0.062849 -0.011032 -0.215598
-0.040449 0.137958 -0.047048
0.000371 -0.018322 0.040992
0.019931 -0.143762 -0.099828
0.033471 -0.042462 -0.205668
-0.081639 -0.038542 0.011102
-0.094129 -0.095262 -0.141058
-0.036929 -0.002862 -0.108788
-0.087429 0.068438 -0.118308
0.042001 0.141048 -0.100138
0.038801 -0.008272 -0.200048
-0.106409 -0.106042 -0.161728
0.045641 -0.096482 0.009742
-0.004239 -0.148232 -0.099288
-0.037759 0.136918 -0.017848
-3.9e-05 -0.134092 -0.029468
-0.083399 -0.021782 0.010752
-0.095439 -0.080512 -0.002598
0.000471 -0.093362 -0.095138
0.078151 -0.034562 -0.146578
-0.025029 0.078038 -0.217608
-0.021829 0.012188 -0.219388
-0.047929 -0.096862 -0.100948
0.015971 -0.130662 -0.188308
0.014771 -0.110962 -0.183308
0.075531 0.094948 -0.099878
-0.029269 -0.012882 -0.025608
0.047011 0.146568 -0.132458
-0.083829 0.140128 -0.151708
-0.005929 -0.045362 -0.091568
0.070471 0.102838 -0.153308
0.075571 0.068438 -0.165558
-0.036929 -0.037262 -0.211478
0.074321 -0.109152 -0.134428
0.080111 -0.080262 -0.013908
-0.009929 -0.121262 -0.196658
-0.012629 0.158438 -0.153308
0.021071 -0.013062 -0.165558
0.003571 -0.068262 -0.091568
-0.000229 -0.049162 -0.215048
0.046081 0.145148 -0.145688
-0.109449 0.003428 -0.063768
0.070471 -0.027162 -0.153308
-0.061329 -0.126162 -0.183308
0.006471 0.027338 -0.202708
-0.042709 0.027118 -0.022408
0.055211 0.033678 -0.018008
0.068871 0.034738 -0.165558
-0.012629 0.102838 -0.095138
-0.106539 0.118608 -0.116748
-0.071329 0.127138 -0.129228
0.023051 -0.069682 0.031392
0.084121 0.003428 -0.147688
-0.019039 0.119598 0.010832
-0.009869 -0.113292 0.011152
-0.099999 -0.081592 -0.028538
-0.041229 0.137538 -0.118308
0.000371 -0.089682 -0.012708
-0.075729 0.027338 -0.202708
-0.047929 -0.096862 -0.205668
-0.066259 -0.139012 -0.102138
-0.002509 0.139378 -0.047818
0.078181 0.101258 -0.044908
-0.106419 0.112888 -0.161728
-0.057829 -0.074162 0.013492
-0.084029 -0.012162 -0.183308
0.030011 0.098958 0.020042
-0.058729 -0.042462 -0.100948
-0.066589 0.150488 -0.146868
0.006471 0.109538 -0.202708
-0.071269 -0.036082 0.020042
-0.046329 0.149938 -0.165558
-0.025029 0.080838 -0.215048
-0.094139 -0.116682 -0.090788
-0.097459 -0.081112 -0.011498
-0.123559 0.016358 -0.122738
-0.075729 0.109538 -0.202708
-0.029429 0.055838 -0.149008
0.055211 0.076558 0.020042
-0.119779 0.003428 -0.119518
-0.053529 -0.042662 -0.215608
0.006471 -0.015462 -0.100948
-0.044429 -0.138362 -0.177388
0.049771 0.006038 -0.141058
0.006471 -0.020462 -0.202708
0.001671 -0.132322 -0.017158
0.082811 0.003428 -0.156178
0.070471 -0.061562 -0.129228
-0.047029 0.151538 -0.153308
0.046071 -0.002862 -0.129228
-0.012629 -0.019762 -0.141058
-0.072509 0.085918 0.010972
0.000371 -0.039282 0.038992
-0.075729 -0.020462 -0.202708
0.036101 -0.119542 0.002092
-0.002169 -0.151562 -0.114598
-0.034629 0.095138 -0.151008
0.000371 0.096558 -0.012708
-0.058729 -0.042462 -0.205668
-0.067019 0.150678 -0.137798
-0.120579 0.098018 -0.135928
-0.069629 0.033538 -0.158608
-0.046329 0.019938 -0.141058
-0.036929 -0.037262 -0.095138
-0.104549 -0.025052 -0.049318
0.006471 -0.102662 -0.163908
-0.068309 -0.124112 -0.028498
-0.104889 -0.010012 -0.192118
-0.000229 0.080838 -0.215048
0.067831 -0.109152 -0.032248
-0.102999 -0.078312 -0.050548
0.021771 -0.014662 -0.153308
-0.075729 -0.102662 -0.163908
-0.012629 -0.079062 -0.091568
-0.120819 -0.036042 -0.090608
0.043161 0.142318 -0.106108
0.023051 -0.069682 -0.018008
-0.012629 -0.095962 -0.211478
0.000371 0.046158 0.038992
-0.035919 -0.117112 0.009532
0.015971 0.007538 -0.188308
0.067481 0.110838 -0.001538
0.085831 -0.052332 -0.072748
-0.034629 -0.110962 -0.208008
0.087901 -0.041202 -0.087238
-0.049359 -0.015852 -0.219498
-0.058659 -0.028982 -0.220138
0.062561 0.117748 -0.049088
-0.126129 0.070638 -0.143908
0.045981 0.145408 -0.123358
-0.047029 0.068438 -0.211478
-0.074589 -0.122182 -0.040548
-0.012629 -0.151562 -0.153308
0.077681 0.040408 -0.150688
0.000471 -0.029762 -0.211478
0.023051 0.076558 0.031392
-0.084219 -0.106722 -0.004758
-0.082339 -0.104322 0.004312
-0.054829 0.119798 0.009762
0.064811 -0.032082 -0.012708
-0.095839 0.129358 -0.114998
-0.062629 -0.061562 -0.100948
-0.012629 0.156638 -0.141058
0.001271 -0.046762 -0.212408
0.074401 -0.051552 -0.009478
0.021771 0.151538 -0.153308
-0.081699 0.135138 -0.096708
-0.106139 0.010208 -0.187398
-0.083129 0.019938 -0.176508
0.066781 -0.111442 -0.040378
0.011071 -0.042662 -0.158608
-0.044229 -0.051962 -0.149008
-0.098029 0.042238 -0.176508
-0.127169 0.045758 -0.147328
0.064171 0.100238 -0.129228
-0.056829 0.122138 -0.202708
-0.025729 0.100238 -0.211478
-0.015729 0.049538 -0.215608
-0.029429 -0.074162 -0.149008
-0.124219 -0.009692 -0.133608
0.032411 -0.099922 0.006692
0.090071 0.029878 -0.062428
0.080731 -0.089342 -0.036868
-0.062029 0.041038 -0.212408
0.081441 0.087428 -0.013568
0.000371 0.106798 0.020042
-0.012429 0.014738 -0.163908
0.000371 0.065518 0.035792
-0.120799 -0.011772 -0.165928
0.037181 0.118098 0.009472
0.071971 0.102488 -0.025988
0.019071 0.090638 -0.163908
0.052281 -0.104422 0.008192
0.077891 0.003438 -0.006658
-0.012629 0.050938 -0.091568
0.037191 -0.111242 0.009462
0.007811 -0.007302 -0.212598
0.025071 -0.086262 -0.169958
-0.081639 0.045398 0.011112
-0.044429 0.055338 -0.211478
-0.053529 0.022738 -0.158608
-0.053529 0.087338 -0.151008
-0.012629 -0.095962 -0.095138
-0.057829 0.081038 0.013492
-0.103329 0.047888 -0.043408
0.000371 0.033538 -0.208008
-0.040949 -0.143222 -0.087388
0.044661 0.144008 -0.114698
-0.019329 -0.045362 -0.215048
-0.088329 0.046238 -0.202708
-0.081729 -0.090162 -0.118308
-0.007929 0.003038 -0.183308
-0.113719 -0.031452 -0.071558
-0.041229 -0.130662 -0.118308
-0.008429 0.001838 -0.176508
0.080661 0.090258 -0.013128
-0.047029 0.068438 -0.095138
-0.102229 0.016738 -0.004008
-0.107799 -0.112122 -0.128758
-0.094829 -0.105452 -0.184388
0.052271 0.111278 0.008192
0.000471 -0.029762 -0.095138
-0.121779 -0.008462 -0.110408
-0.064449 0.130628 -0.046488
-0.086869 -0.104712 -0.191518
0.032411 0.106798 0.006692
-0.090379 0.102688 -0.018128
0.023051 0.076558 -0.018008
-0.044229 -0.071162 -0.217608
-0.081949 0.003438 0.013492
0.023281 0.153728 -0.145808
-0.106139 -0.003362 -0.187398
-0.053529 0.049538 -0.215608
-0.022029 0.063238 -0.149008
-0.076929 -0.131712 -0.167568
-0.099629 0.016968 0.004492
-0.105429 -0.039262 -0.200228
-0.094149 0.123528 -0.090788
0.028771 0.042238 -0.190108
-0.101519 0.103678 -0.064548
-0.071719 0.092688 0.011252
-0.019829 -0.097462 -0.154208
0.033471 -0.080662 -0.205668
-0.007229 0.095838 -0.212408
0.006471 0.027338 -0.163908
-0.083709 0.139308 -0.117718
-0.121979 -0.001832 -0.137308
0.056471 -0.032962 -0.118308
-0.057829 0.081038 -0.000108
-0.099089 -0.037822 0.001672
-0.025729 0.100238 -0.095138
-0.009619 -0.111192 0.010782
-0.075729 0.027338 -0.163908
-0.087539 -0.095322 -0.198138
0.003491 0.127778 0.008112
0.072011 0.042958 -0.006658
-0.007929 -0.061562 -0.215608
-0.048229 -0.061562 -0.149008
-0.119249 0.003428 -0.114138
-0.107369 -0.027202 -0.056828
-0.001239 0.142318 -0.042818
0.021771 0.021538 -0.153308
-0.012629 0.143238 -0.188308
0.075011 0.031258 -0.166258
-0.034629 0.019038 -0.208008
-0.081949 0.003438 -0.000108
-0.044429 0.055338 -0.095138
-0.123019 -0.010782 -0.155308
0.086511 0.044458 -0.047618
-0.020029 0.149918 -0.080348
-0.034629 -0.130162 -0.176508
-0.075029 0.130838 -0.141058
0.006471 -0.020462 -0.163908
0.037011 0.132348 -0.017248
-0.067109 -0.120802 -0.006428
-0.031069 -0.098002 0.013492
-0.075729 -0.020462 -0.163908
0.068871 -0.027862 -0.165558
-0.032509 0.047278 0.035792
-0.012629 -0.021562 -0.153308
-0.094129 0.102138 -0.141058
0.023571 -0.061562 -0.163908
-0.025029 0.058838 -0.217608
-0.008619 -0.118992 0.009772
0.046081 -0.138282 -0.145678
-0.097539 -0.121112 -0.152358
-0.069629 -0.096462 -0.208008
-0.015949 0.003438 0.040992
0.032271 -0.016662 -0.197828
-0.089429 -0.093362 -0.129228
-0.039829 -0.048962 -0.149008
-0.025729 -0.093362 -0.211478
-0.019829 0.032538 -0.154208
0.000371 -0.106322 0.013492
-0.072869 0.018308 -0.211848
-0.039929 -0.133632 -0.038198
-0.088329 -0.083762 -0.202708
0.000371 -0.058642 -0.022408
-0.047229 0.063238 -0.149008
0.025071 -0.036862 -0.169958
0.019171 -0.008362 -0.129228
-0.048949 -0.062322 -0.012708
0.079431 0.080188 -0.117918
-0.093239 0.096318 -0.016028
0.080061 0.085808 -0.042298
-0.041229 0.007538 -0.118308
-0.002319 -0.135112 -0.048488
-0.034629 -0.131562 -0.183308
0.076451 -0.038482 0.013492
-0.125589 -0.021592 -0.151178
-0.080329 -0.080462 -0.208008
-0.031069 -0.098002 -0.000108
0.057841 -0.122512 -0.100808
-0.099229 0.095138 -0.183308
-0.072509 -0.079062 0.010952
0.062011 -0.127732 -0.133138
-0.123589 0.022838 -0.112318
0.058571 -0.074162 0.013492
0.082691 0.003438 -0.000108
-0.051369 0.110428 0.010992
-0.092599 -0.022032 0.009722
0.073491 -0.023602 -0.170008
-0.000229 0.080838 -0.091568
-0.120079 0.008588 -0.110588
0.006471 -0.107662 -0.205668
0.032371 0.023538 -0.197828
0.011671 -0.085862 -0.211478
-0.000229 0.056038 -0.215048
-0.048949 0.069198 0.026092
-0.034629 -0.075162 -0.149008
0.046071 -0.037262 -0.108788
-0.120579 -0.091172 -0.135928
-0.107779 -0.109262 -0.151448
-0.114899 -0.016172 -0.079308
-0.049359 0.022708 -0.219488
0.004871 -0.061562 -0.091568
-0.000229 -0.073962 -0.215048
-0.058909 0.003438 0.031392
-0.096309 -0.118672 -0.162388
0.077161 0.096568 -0.111878
-0.048839 0.155298 -0.116568
-0.073429 0.068438 -0.212408
0.076451 -0.038482 -0.000108
-0.095729 0.068438 -0.129228
-0.056829 0.122138 -0.163908
-0.099559 -0.006792 -0.014468
-0.101449 -0.119182 -0.141688
-0.046329 -0.013062 -0.165558
-0.020279 0.134168 -0.021748
-0.005279 -0.146582 -0.093388
-0.104629 0.068438 -0.183308
-0.007929 0.068438 -0.151008
-0.022029 -0.056362 -0.149008
0.062171 0.068438 -0.118308
-0.063419 0.148808 -0.155858
0.072481 -0.106222 -0.114488
-0.073429 -0.061562 -0.212408
0.029971 -0.088262 -0.183308
-0.054469 0.076558 0.020042
-0.025729 -0.093362 -0.095138
-0.095729 -0.061562 -0.129228
-0.095469 -0.120782 -0.106858
-0.036279 0.003428 -0.219708
0.076151 -0.086082 -0.007048
0.000471 0.100238 -0.211478
0.089601 -0.024892 -0.099238
0.075731 -0.024472 -0.164278
-0.039829 -0.074162 -0.149008
-0.114789 0.007628 -0.085098
-0.041509 0.059278 -0.018008
-0.106539 -0.111762 -0.116748
-0.044229 0.078038 -0.149008
-0.048229 0.068438 -0.217608
-0.003229 -0.149702 -0.105248
-0.104629 -0.061562 -0.183308
-0.086529 0.108488 -0.020358
-0.007929 -0.061562 -0.151008
0.021071 -0.013062 -0.141058
-0.025029 -0.071162 -0.217608
0.077441 -0.037362 -0.155068
0.030011 -0.012882 -0.025608
0.061461 0.018648 -0.186448
-0.101519 -0.096822 -0.064548
0.087891 0.048078 -0.087218
0.011891 -0.011922 0.040992
0.076141 0.043998 -0.030588
-0.049429 0.104338 -0.212408
-0.097829 0.087848 -0.001968
0.082481 -0.078332 -0.043498
0.011671 -0.085862 -0.095138
-0.095669 0.086798 0.006202
-8.9e-05 0.140478 -0.029518
-0.012629 0.068438 -0.090308
-0.103229 -0.061562 -0.190108
-0.008429 -0.124962 -0.190108
0.060431 0.132608 -0.118608
-0.102129 -0.097462 -0.181048
-0.034629 -0.119762 -0.202708
-0.034629 -0.022762 -0.212408
0.070261 0.109948 -0.097168
-0.041229 0.137538 -0.188308
-0.054829 -0.112942 0.009752
-0.058909 0.003438 -0.018008
-0.044429 -0.008362 -0.177388
-0.019329 -0.045362 -0.091568
-0.041629 0.059438 0.031392
-0.093999 -0.102152 -0.188818
0.046071 -0.002862 -0.177388
0.029971 0.041738 -0.183308
0.050971 0.002038 -0.153308
0.079661 0.092988 -0.012718
0.046071 0.009738 -0.177388
0.035371 0.068438 -0.183308
0.014771 -0.061562 -0.208008
-0.121349 0.008548 -0.121728
0.066471 -0.090002 0.005752
-0.071329 0.092738 -0.197828
0.000471 0.100238 -0.095138
-0.080329 0.049538 -0.208008
-0.083129 -0.110062 -0.190108
0.046071 0.092738 -0.197828
-0.029269 0.019758 -0.025608
0.081351 0.073668 -0.048048
-0.094129 -0.095262 -0.165558
0.033471 0.049338 -0.205668
0.060391 -0.126902 -0.146168
-0.062029 -0.034162 -0.154208
-0.122589 -0.018622 -0.104418
-0.110289 -0.019822 -0.190218
-0.036639 -0.128932 -0.006288
0.035371 -0.061562 -0.183308
-0.080329 0.087338 -0.208008
0.058571 0.081038 0.013492
0.079001 -0.052022 -0.127208
-0.071329 0.092738 -0.108788
0.070951 -0.104202 -0.102908
0.065911 0.119118 -0.044648
-0.009929 0.128138 -0.196658
0.046071 0.092738 -0.108788
0.077891 0.046158 0.006692
0.034081 0.109708 0.010532
0.024381 -0.149332 -0.132688
0.033251 -0.040402 -0.022408
0.073881 0.114778 -0.126238
-0.108669 -0.009642 -0.063878
0.011891 -0.011922 -0.027608
-0.022029 -0.002262 -0.219768
-0.121979 0.008678 -0.137308
-0.092979 -0.010612 -0.201238
-0.069469 0.003438 0.026092
-0.046329 -0.143062 -0.141058
-0.029269 0.098958 0.020042
-0.072029 -0.123582 -0.039538
-0.084029 0.068438 -0.208008
-0.099859 0.003438 -0.014838
-0.021989 0.003428 -0.219708
-0.060829 0.001838 -0.190108
-0.046909 0.024738 -0.219368
-0.088329 -0.083762 -0.163908
-0.005929 0.084638 -0.215048
-0.008429 0.005038 -0.190108
-0.094329 -0.036862 -0.169958
-0.060829 0.005038 -0.190108
0.068971 0.107508 -0.079328
-0.022029 0.073638 -0.217608
0.058571 0.081038 -0.000108
0.078491 0.022808 -0.163728
0.040051 0.013068 -0.201178
-0.036569 -0.006892 -0.219738
-0.050529 0.108288 0.010862
-0.104159 -0.036872 -0.021078
0.003571 0.061738 -0.215048
-0.017389 0.060878 -0.022408
-0.124219 0.016538 -0.133608
-0.049429 -0.097462 -0.154208
-0.012629 -0.044062 -0.091568
0.011071 -0.080462 -0.208008
0.028771 0.042238 -0.176508
0.080411 -0.085652 -0.024678
0.034831 0.111578 0.010822
-0.073029 0.125718 -0.045088
0.014301 0.132088 -0.022418
-0.089429 0.100238 -0.177388
0.035301 -0.116882 0.002682
0.064171 0.036638 -0.129228
0.064171 0.100238 -0.177388
-0.025729 0.036638 -0.211478
0.031811 0.104878 -0.000108
0.049771 0.006038 -0.165558
-0.024429 -0.086262 -0.215608
-0.111369 -0.009622 -0.071978
-0.058729 -0.080662 -0.100948
0.077871 -0.037452 -0.150698
-0.118899 0.093088 -0.157668
-0.012629 -0.019762 -0.165558
-0.028829 -0.068262 -0.215048
-0.066729 -0.126072 -0.037548
-0.126329 0.072158 -0.132028
-0.122949 -0.037682 -0.097698
-0.034629 -0.034862 -0.215608
0.078961 0.101548 -0.143768
-0.049619 0.153368 -0.106958
0.036701 -0.121222 0.000732
-0.115679 0.013298 -0.085828
0.083071 0.054098 -0.029828
-0.058729 0.049338 -0.205668
-0.092449 0.085688 0.008662
-0.063149 -0.128752 -0.068678
0.077431 0.044218 -0.155058
0.047541 -0.140032 -0.141698
-0.046329 0.019938 -0.165558
-0.005869 0.023598 -0.027608
-0.034629 0.019038 -0.158608
-0.034629 0.003038 -0.196658
0.074161 -0.026832 -0.167518
-0.070529 0.053638 -0.212408
-0.058729 -0.080662 -0.205668
-0.000229 0.056038 -0.091568
-0.084109 -0.007602 0.010502
0.014611 0.123468 0.010172
-0.125969 -0.064462 -0.120548
-0.063409 -0.141952 -0.155848
-0.100749 0.016888 0.001712
-0.011869 -0.036082 -0.025608
0.015491 -0.004882 -0.027608
0.040271 0.015538 -0.118308
-0.011149 0.018798 -0.027608
-0.056829 -0.115262 -0.202708
-0.034629 0.107238 -0.212408
0.080001 -0.054032 -0.146658
0.016691 0.003438 -0.027608
-0.120219 0.003428 -0.139408
-0.070529 -0.076362 -0.212408
0.011671 0.127138 -0.108788
-0.049429 0.032538 -0.154208
-0.014749 0.011758 0.040992
-0.041229 -0.130662 -0.188308
0.050971 0.004838 -0.153308
-0.069629 -0.096462 -0.158608
-0.071329 -0.085862 -0.197828
-0.047229 0.073638 -0.217608
-0.012629 0.002038 -0.197828
0.046071 0.127138 -0.177388
-0.080579 0.109068 0.007462
-0.112959 -0.005172 -0.077758
-0.025729 0.036638 -0.095138
0.066251 -0.103172 -0.002138
-0.012629 0.156638 -0.165558
-0.005929 -0.045362 -0.215048
-0.095729 0.034038 -0.153308
-0.123739 -0.022522 -0.162298
-0.047229 -0.056362 -0.217608
-0.015729 -0.042662 -0.151008
-0.054469 -0.069682 -0.006658
0.084371 0.003438 0.006692
-0.071329 -0.085862 -0.108788
0.081361 -0.066832 -0.048048
-0.030129 -0.061562 -0.215048
0.079001 0.058878 -0.127208
-0.012629 0.002038 -0.108788
-0.005869 -0.016722 -0.027608
-0.047929 -0.026262 -0.100948
-0.080329 0.114138 -0.169958
-0.059329 -0.051362 -0.151008
-0.114949 -0.040402 -0.187668
0.022671 0.033138 -0.100948
0.012611 0.042958 0.038992
0.019921 0.150618 -0.099828
-0.031669 0.003438 -0.025608
-0.121749 -0.001742 -0.127318
-0.122899 0.025758 -0.163538
-0.034629 -0.047962 -0.149008
-0.012629 0.118438 -0.100948
-0.098709 0.029918 -0.011578
-0.103449 0.003428 -0.187098
0.031201 0.133478 -0.048428
0.078871 0.051888 -0.131858
-0.047929 0.103738 -0.205668
0.078581 -0.083852 -0.012238
0.030011 -0.012882 0.038992
-0.111749 0.057738 -0.064898
0.046891 0.104888 0.009972
-0.015729 -0.015862 -0.208008
-0.009929 0.008738 -0.169958
-0.061329 -0.061562 -0.151008
-0.075709 0.045358 0.013492
0.064811 0.038958 -0.012708
0.056471 0.039838 -0.118308
0.011071 0.049538 -0.208008
0.013911 -0.134862 -0.068128
0.021061 -0.145082 -0.105798
-0.047929 -0.026262 -0.205668
0.047541 0.146888 -0.141698
0.076671 -0.024772 -0.161348
-0.124919 0.070398 -0.109108
-0.095479 -0.037582 0.006342
-0.089429 -0.093362 -0.177388
-0.098029 -0.087762 -0.176508
-0.009929 0.008738 -0.196658
-0.013279 0.157888 -0.146068
0.000371 0.082478 -0.018008
0.061101 0.133568 -0.124628
0.011071 0.087338 -0.208008
-0.095829 0.016768 0.006982
-0.028829 0.061738 -0.091568
-0.098519 0.003428 -0.191558
-0.034629 0.010238 -0.202708
-0.014749 0.011758 -0.027608
0.036871 -0.125162 -0.017288
-0.075029 0.000838 -0.141058
-0.098029 -0.035362 -0.190108
0.006611 0.023598 -0.027608
-0.084029 0.019038 -0.183308
-0.031069 0.104878 0.013492
-0.025029 0.078038 -0.149008
0.033471 0.087538 -0.100948
0.056471 -0.090162 -0.188308
-0.073819 -0.016612 -0.213388
-0.069529 -0.026662 -0.208008
-0.071329 0.044138 -0.108788
-0.113409 0.003428 -0.080568
0.022671 0.103738 -0.100948
-0.084079 -0.038812 0.011612
0.079871 -0.090912 -0.035628
0.019171 0.015238 -0.177388
-0.100279 0.088068 -0.032088
-0.044429 0.145238 -0.129228
-0.099799 -0.114562 -0.162218
0.008221 -0.002452 -0.214518
0.035541 -0.127512 -0.068988
0.023051 -0.026802 -0.025608
0.001271 0.053638 -0.154208
-0.108079 0.118508 -0.140848
-0.039849 -0.147132 -0.099928
-0.019829 0.104338 -0.212408
0.000371 -0.108562 0.006692
-0.071269 0.042958 -0.006658
-0.126019 0.044408 -0.112748
0.011071 0.022738 -0.196658
-0.026269 -0.082482 -0.012708
-0.001029 -0.153472 -0.132798
-0.009929 -0.071762 -0.215608
0.030011 -0.092082 -0.006658
0.077631 0.035108 -0.044038
0.000371 -0.099922 -0.006658
-0.031069 0.104878 -0.000108
-0.012629 -0.136362 -0.118308
-0.059329 0.128138 -0.169958
-0.053529 -0.080462 -0.215608
-0.083189 -0.131242 -0.110638
0.071991 0.057238 -0.010318
-0.103329 -0.041042 -0.043408
-0.075029 0.130838 -0.165558
-0.080329 -0.015862 -0.169958
0.076551 -0.037302 -0.159358
0.043171 -0.135472 -0.106108
-0.095729 -0.027162 -0.153308
-0.047929 0.033138 -0.100948
0.034401 0.136118 -0.038888
-0.041229 -0.000662 -0.188308
-0.034629 -0.126162 -0.169958
-0.120159 0.003428 -0.124908
-0.119609 0.003428 -0.148468
-0.012629 0.004838 -0.197828
-0.095729 -0.061562 -0.177388
-0.116609 -0.000762 -0.092548
-0.001169 -0.152842 -0.124058
-0.117739 0.095058 -0.097868
0.070211 0.003438 -0.012708
-0.012629 0.085938 -0.091568
-0.008429 0.001838 -0.190108
-0.080329 -0.015862 -0.196658
-0.069629 -0.026562 -0.158608
0.087041 -0.046822 -0.079998
0.036521 -0.119652 -0.022638
-0.094129 0.102138 -0.165558
